1;2021.05.05 11:45;8;22,625;22,5625;23,125;377;202;0;
2;2021.05.05 12:00;8;22,75;22,625;23;378;202;0;
3;2021.05.05 12:15;8;22,5625;22,5;22,75;376;202;0;
4;2021.05.05 12:30;4;23,125;22,75;23,25;378;202;0;
5;2021.05.05 12:45;4;23,125;22,8125;22,875;483;202;0;
6;2021.05.05 13:00;4;22,875;22,75;22,375;482;202;0;
7;2021.05.05 13:15;4;22,75;22,625;22,25;481;202;0;
8;2021.05.05 13:30;4;22,6875;22,625;22,25;480;202;0;
9;2021.05.05 13:45;4;22,625;22,5625;22,125;480;202;0;
10;2021.05.05 14:00;4;22,625;22,5;22,25;481;202;0;
11;2021.05.05 14:15;4;22,5625;22,5;22,25;481;202;0;
12;2021.05.05 14:30;4;22,5625;22,375;22,125;480;202;0;
13;2021.05.05 14:45;4;22,5;22,375;21,9375;480;202;0;
14;2021.05.05 15:00;4;22,5;22,375;21,75;480;202;0;
15;2021.05.05 15:15;4;22,375;22,25;21,125;480;202;0;
16;2021.05.05 15:30;4;22,25;22,125;20,5;479;202;0;
17;2021.05.05 15:45;4;22;22;20,125;478;202;0;
18;2021.05.05 16:00;4;21,625;21,75;20;477;202;0;
19;2021.05.05 16:15;4;21,375;21,4375;20;474;202;0;
20;2021.05.05 16:30;4;21,125;21,125;20,125;473;202;0;
21;2021.05.05 16:45;4;21;20,9375;20,125;471;202;0;
22;2021.05.05 17:00;4;20,8125;20,75;20;469;202;0;
23;2021.05.05 17:15;4;20,6875;20,625;19,8125;468;202;0;
24;2021.05.05 17:30;4;20,625;20,5;19,75;468;202;0;
25;2021.05.05 17:45;4;20,5;20,375;19,625;467;202;0;
26;2021.05.05 18:00;4;20,5;20,25;19,625;466;202;0;
27;2021.05.05 18:15;4;20,375;20,1875;19,5625;466;202;0;
28;2021.05.05 18:30;4;20,375;20,125;19,5;465;202;0;
29;2021.05.05 18:45;4;20,25;20;17,75;465;202;0;
30;2021.05.05 19:00;4;19,875;19,875;16,625;464;202;0;
31;2021.05.05 19:15;4;19,4375;19,625;15,75;462;202;0;
32;2021.05.05 19:30;4;18,875;19,1875;15,0625;459;202;0;
33;2021.05.05 19:45;4;18,25;18,75;14,75;459;202;0;
34;2021.05.05 20:00;4;17,5625;18,125;14,5;455;202;0;
35;2021.05.05 20:15;4;16,9375;17,5625;14,5;452;202;0;
36;2021.05.05 20:30;4;16,4375;17;15;449;202;0;
37;2021.05.05 20:45;4;16,0625;16,5;14,875;446;202;0;
38;2021.05.05 21:00;4;15,75;16,125;14,625;444;202;0;
39;2021.05.05 21:15;4;15,5;15,75;14,5;442;202;0;
40;2021.05.05 21:30;4;15,25;15,5;14,5;440;202;0;
41;2021.05.05 21:45;4;15;15,25;14,5;439;202;0;
42;2021.05.05 22:00;4;14,875;15;14,625;438;202;0;
43;2021.05.05 22:15;4;14,75;14,875;14,75;437;202;0;
44;2021.05.05 22:30;4;14,6875;14,75;15,0625;436;202;0;
45;2021.05.05 22:45;4;14,6875;14,75;14,9375;436;202;0;
46;2021.05.05 23:00;4;14,75;14,6875;14,75;436;202;0;
47;2021.05.05 23:15;4;14,6875;14,6875;14,1875;434;202;0;
48;2021.05.05 23:30;4;14,625;14,625;13,625;433;202;0;
49;2021.05.05 23:45;4;14,4375;14,5;13,375;431;202;0;
50;2021.05.06 00:00;4;14,25;14,375;13,25;431;202;0;
51;2021.05.06 00:15;4;14,125;14,125;13,125;430;202;0;
52;2021.05.06 00:30;4;14;14;13,1875;429;202;0;
53;2021.05.06 00:45;4;14;13,875;14,25;427;202;0;
54;2021.05.06 01:00;4;14,0625;13,875;14,4375;427;202;0;
55;2021.05.06 01:15;4;14,125;13,875;14,5;427;202;0;
56;2021.05.06 01:30;4;14,25;14;14,375;429;202;0;
57;2021.05.06 01:45;4;14,3125;14,0625;13,875;430;202;0;
58;2021.05.06 02:00;4;14,3125;14,125;13,5;431;202;0;
59;2021.05.06 02:15;4;14,25;14,125;13,625;430;202;0;
60;2021.05.06 02:30;4;14,25;14,0625;13,875;430;202;0;
61;2021.05.06 02:45;4;14,1875;14;14,125;430;202;0;
62;2021.05.06 03:00;4;14,1875;14;14,4375;430;202;0;
63;2021.05.06 03:15;4;14,1875;14;14,625;430;202;0;
64;2021.05.06 03:30;4;14,125;14,0625;14,9375;429;202;0;
65;2021.05.06 03:45;4;14,1875;14,125;15;429;202;0;
66;2021.05.06 04:00;4;14,25;14,125;14,3125;431;202;0;
67;2021.05.06 04:15;4;14,25;14,125;13,875;431;202;0;
68;2021.05.06 04:30;4;14,125;14,125;13,5625;431;202;0;
69;2021.05.06 04:45;4;14;14,0625;13,375;429;202;0;
70;2021.05.06 05:00;4;13,875;14;13,3125;428;202;0;
71;2021.05.06 05:15;4;13,75;13,8125;13,375;427;202;0;
72;2021.05.06 05:30;4;13,625;13,6875;13,375;427;202;0;
73;2021.05.06 05:45;4;13,5;13,5625;13,625;426;202;0;
74;2021.05.06 06:00;4;13,5;13,5;13,625;426;202;0;
75;2021.05.06 06:15;4;13,5;13,5;13,375;426;202;0;
76;2021.05.06 06:30;4;13,5;13,4375;13,25;425;202;0;
77;2021.05.06 06:45;4;13,4375;13,375;13,125;425;202;0;
78;2021.05.06 07:00;4;13,375;13,375;13;426;202;0;
79;2021.05.06 07:15;4;13,25;13,25;13;423;202;0;
80;2021.05.06 07:30;4;13,25;13,25;12,9375;423;202;0;
81;2021.05.06 07:45;4;13,25;13,125;12,875;423;202;0;
82;2021.05.06 08:00;4;13,1875;13,125;12,875;423;202;0;
83;2021.05.06 08:15;4;13,25;13,0625;12,9375;423;202;0;
84;2021.05.06 08:30;4;13,25;13,0625;13,125;423;202;0;
85;2021.05.06 08:45;4;13,25;13,125;13,25;423;202;0;
86;2021.05.06 09:00;4;13,375;13,125;13,25;424;202;0;
87;2021.05.06 09:15;4;13,4375;13,1875;13,25;428;202;0;
88;2021.05.06 09:30;4;13,5;13,25;14,25;428;202;0;
89;2021.05.06 09:45;4;13,6875;13,375;15,125;429;202;0;
90;2021.05.06 10:00;4;13,9375;13,625;15,8125;430;202;0;
91;2021.05.06 10:15;4;14,25;13,875;16,375;431;202;0;
92;2021.05.06 10:30;4;14,625;14,25;16,75;433;202;0;
93;2021.05.06 10:45;4;14,9375;14,625;17;435;202;0;
94;2021.05.06 11:00;4;15,25;15;17,25;437;202;0;
95;2021.05.06 11:15;4;15,625;15,375;17,5;439;202;0;
96;2021.05.06 11:30;4;15,9375;15,75;17,75;441;202;0;
97;2021.05.06 11:45;4;16,25;16,0625;18;443;202;0;
98;2021.05.06 12:00;4;16,5625;16,375;18,1875;444;202;0;
99;2021.05.06 12:15;4;16,8125;16,625;18,375;446;202;0;
100;2021.05.06 12:30;4;17,125;16,9375;18,5;447;202;0;
101;2021.05.06 12:45;4;17,375;17,1875;18,6875;449;202;0;
102;2021.05.06 13:00;4;17,5625;17,375;18,8125;450;202;0;
103;2021.05.06 13:15;4;17,75;17,625;18,875;452;202;0;
104;2021.05.06 13:30;4;18;17,875;19;453;202;0;
105;2021.05.06 13:45;4;18,125;18;19,125;454;202;0;
106;2021.05.06 14:00;4;18,375;18,1875;19,125;455;202;0;
107;2021.05.06 14:15;4;18,5;18,375;19,25;456;202;0;
108;2021.05.06 14:30;4;18,625;18,5;19,3125;457;202;0;
109;2021.05.06 14:45;4;18,75;18,625;19,375;457;202;0;
110;2021.05.06 15:00;4;18,875;18,75;19,375;458;202;0;
111;2021.05.06 15:15;4;19;18,875;19,4375;458;202;0;
112;2021.05.06 15:30;4;19,125;18,9375;19,5;459;202;0;
113;2021.05.06 15:45;4;19,25;19;19,5;460;202;0;
114;2021.05.06 16:00;4;19,25;19,125;19,5;460;202;0;
115;2021.05.06 16:15;4;19,375;19,1875;19,5;460;202;0;
116;2021.05.06 16:30;4;19,4375;19,25;19,5625;461;202;0;
117;2021.05.06 16:45;4;19,5;19,3125;19,5625;461;202;0;
118;2021.05.06 17:00;4;19,5;19,375;19,5625;461;202;0;
119;2021.05.06 17:15;4;19,625;19,375;19,5625;461;202;0;
120;2021.05.06 17:30;4;19,625;19,4375;19,5625;462;202;0;
121;2021.05.06 17:45;4;19,625;19,5;19,5625;462;202;0;
122;2021.05.06 18:00;4;19,6875;19,5;19,5625;462;202;0;
123;2021.05.06 18:15;4;19,6875;19,5;19,5;462;202;0;
124;2021.05.06 18:30;4;19,75;19,5;19,5;462;202;0;
125;2021.05.06 18:45;4;19,75;19,5;19,5;462;202;0;
126;2021.05.06 19:00;4;19,75;19,5625;19,5;462;202;0;
127;2021.05.06 19:15;4;19,75;19,5625;19,5;462;202;0;
128;2021.05.06 19:30;4;19,75;19,5625;19,5;462;202;0;
129;2021.05.06 19:45;4;19,75;19,5625;19,5;462;202;0;
130;2021.05.06 20:00;4;19,75;19,5625;19,5;462;202;0;
131;2021.05.06 20:15;4;19,75;19,5625;19,4375;462;202;0;
132;2021.05.06 20:30;4;19,75;19,5625;19,375;462;202;0;
133;2021.05.06 20:45;4;19,75;19,5;19,375;462;202;0;
134;2021.05.06 21:00;4;19,75;19,5;19,375;462;202;0;
135;2021.05.06 21:15;4;19,6875;19,5;19,375;462;202;0;
136;2021.05.06 21:30;4;19,6875;19,5;19,375;461;202;0;
137;2021.05.06 21:45;4;19,625;19,5;19,375;461;202;0;
138;2021.05.06 22:00;4;19,625;19,5;19,375;461;202;0;
139;2021.05.06 22:15;4;19,625;19,5;19,3125;461;202;0;
140;2021.05.06 22:30;4;19,625;19,5;19,3125;461;202;0;
141;2021.05.06 22:45;4;19,625;19,4375;19,25;461;202;0;
142;2021.05.06 23:00;4;19,625;19,4375;19,25;461;202;0;
143;2021.05.06 23:15;4;19,625;19,375;19,25;461;202;0;
144;2021.05.06 23:30;4;19,625;19,375;19,25;461;202;0;
145;2021.05.06 23:45;4;19,5625;19,375;19,25;461;202;0;
146;2021.05.07 00:00;4;19,5;19,375;19,25;460;202;0;
147;2021.05.07 00:15;4;19,5;19,375;19,25;460;202;0;
148;2021.05.07 00:30;4;19,5;19,375;19,25;460;202;0;
149;2021.05.07 00:45;4;19,5;19,375;19,1875;460;202;0;
150;2021.05.07 01:00;4;19,5;19,3125;19,1875;460;202;0;
151;2021.05.07 01:15;4;19,5;19,3125;19,125;460;202;0;
152;2021.05.07 01:30;4;19,5;19,3125;19,125;460;202;0;
153;2021.05.07 01:45;4;19,5;19,25;19,125;460;202;0;
154;2021.05.07 02:00;4;19,4375;19,25;19,125;460;202;0;
155;2021.05.07 02:15;4;19,4375;19,25;19,125;460;202;0;
156;2021.05.07 02:30;4;19,4375;19,25;19,125;460;202;0;
157;2021.05.07 02:45;4;19,375;19,25;19,125;459;202;0;
158;2021.05.07 03:00;4;19,375;19,25;19,125;459;202;0;
159;2021.05.07 03:15;4;19,375;19,25;19,0625;459;202;0;
160;2021.05.07 03:30;4;19,375;19,1875;19,0625;459;202;0;
161;2021.05.07 03:45;4;19,375;19,1875;19;459;202;0;
162;2021.05.07 04:00;4;19,375;19,125;19;459;202;0;
163;2021.05.07 04:15;4;19,375;19,125;19;459;202;0;
164;2021.05.07 04:30;4;19,3125;19,125;19;459;202;0;
165;2021.05.07 04:45;4;19,3125;19,125;19;459;202;0;
166;2021.05.07 05:00;4;19,25;19,125;19;459;202;0;
167;2021.05.07 05:15;4;19,25;19,125;19;459;202;0;
168;2021.05.07 05:30;4;19,25;19,125;19;459;202;0;
169;2021.05.07 05:45;4;19,25;19,125;19;458;202;0;
170;2021.05.07 06:00;4;19,25;19,125;19,0625;458;202;0;
171;2021.05.07 06:15;4;19,25;19,125;19,125;459;202;0;
172;2021.05.07 06:30;4;19,25;19,125;19,125;459;202;0;
173;2021.05.07 06:45;4;19,25;19,125;19,25;458;202;0;
174;2021.05.07 07:00;4;19,25;19,125;19,3125;459;202;0;
175;2021.05.07 07:15;4;19,25;19,125;19,375;459;202;0;
176;2021.05.07 07:30;4;19,3125;19,1875;19,5;459;202;0;
177;2021.05.07 07:45;4;19,375;19,25;19,5625;459;202;0;
178;2021.05.07 08:00;4;19,375;19,25;19,625;459;202;0;
179;2021.05.07 08:15;4;19,4375;19,3125;19,75;459;202;0;
180;2021.05.07 08:30;4;19,5;19,375;19,8125;460;202;0;
181;2021.05.07 08:45;4;19,5;19,375;19,9375;460;202;0;
182;2021.05.07 09:00;4;19,625;19,5;20;460;202;0;
183;2021.05.07 09:15;4;19,625;19,5;20,0625;461;202;0;
184;2021.05.07 09:30;4;19,6875;19,625;20,125;459;202;0;
185;2021.05.07 09:45;4;19,75;19,625;20,125;459;202;0;
186;2021.05.07 10:00;4;19,8125;19,6875;20,125;457;202;0;
187;2021.05.07 10:15;4;19,9375;19,75;20;457;202;0;
188;2021.05.07 10:30;4;20,125;19,875;20,75;459;202;0;
189;2021.05.07 10:45;4;20,25;20;21,375;460;202;0;
190;2021.05.07 11:00;4;20,5;20,1875;22,5;459;202;0;
191;2021.05.07 11:15;4;20,875;20,4375;22,75;461;202;0;
192;2021.05.07 11:30;4;21;20,6875;21,25;462;202;0;
193;2021.05.07 11:45;4;21;20,875;21;463;202;0;
194;2021.05.07 12:00;4;21;20,875;21,75;463;202;0;
195;2021.05.07 12:15;4;21,0625;21;21,4375;463;202;0;
196;2021.05.07 12:30;4;21,125;21;22,375;464;202;0;
197;2021.05.07 12:45;4;21,25;21,0625;22,875;464;202;0;
198;2021.05.07 13:00;4;21,375;21,125;22,75;465;202;0;
199;2021.05.07 13:15;4;21,375;21,25;22,3125;466;202;0;
200;2021.05.07 13:30;4;21,375;21,3125;21,5625;466;202;0;
201;2021.05.07 13:45;4;21,25;21,3125;21;466;202;0;
202;2021.05.07 14:00;4;21,25;21,25;21;466;202;0;
203;2021.05.07 14:15;4;21,125;21,1875;20,375;466;202;0;
204;2021.05.07 14:30;4;21;21,125;19,875;465;202;0;
205;2021.05.07 14:45;4;20,875;20,9375;18,9375;465;202;0;
206;2021.05.07 15:00;4;20,625;20,75;18,375;464;202;0;
207;2021.05.07 15:15;4;20,375;20,4375;18,0625;463;202;0;
208;2021.05.07 15:30;4;20,125;20,125;17,5;461;202;0;
209;2021.05.07 15:45;4;19,875;19,8125;17,25;460;202;0;
210;2021.05.07 16:00;4;19,5625;19,5;17,0625;458;202;0;
211;2021.05.07 16:15;4;19,25;19,25;16,875;457;202;0;
212;2021.05.07 16:30;4;19;18,9375;16,75;455;202;0;
213;2021.05.07 16:45;4;18,75;18,6875;16,625;454;202;0;
214;2021.05.07 17:00;4;18,5;18,4375;16,5;453;202;0;
215;2021.05.07 17:15;4;18,25;18,1875;16,3125;451;202;0;
216;2021.05.07 17:30;4;18,0625;18;16,1875;450;202;0;
217;2021.05.07 17:45;4;17,875;17,75;16;449;202;0;
218;2021.05.07 18:00;4;17,625;17,5;15,875;448;202;0;
219;2021.05.07 18:15;4;17,4375;17,375;15,75;447;202;0;
220;2021.05.07 18:30;4;17,25;17,125;15,625;446;202;0;
221;2021.05.07 18:45;4;17,0625;17;15,375;446;202;0;
222;2021.05.07 19:00;4;16,875;16,8125;14,75;445;202;0;
223;2021.05.07 19:15;4;16,625;16,625;14,375;444;202;0;
224;2021.05.07 19:30;4;16,375;16,375;14,125;443;202;0;
225;2021.05.07 19:45;4;16,125;16,125;13,875;441;202;0;
226;2021.05.07 20:00;4;15,875;15,8125;13,6875;440;202;0;
227;2021.05.07 20:15;4;15,625;15,5625;13,5;438;202;0;
228;2021.05.07 20:30;4;15,375;15,25;13,375;437;202;0;
229;2021.05.07 20:45;4;15,125;15,0625;13,25;436;202;0;
230;2021.05.07 21:00;4;14,875;14,8125;13,125;435;202;0;
231;2021.05.07 21:15;4;14,625;14,625;13;434;202;0;
232;2021.05.07 21:30;4;14,4375;14,375;12,875;432;202;0;
233;2021.05.07 21:45;4;14,25;14,1875;12,75;431;202;0;
234;2021.05.07 22:00;4;14;14;12,625;431;202;0;
235;2021.05.07 22:15;4;13,8125;13,75;12,5;430;202;0;
236;2021.05.07 22:30;4;13,625;13,625;12,375;429;202;0;
237;2021.05.07 22:45;4;13,4375;13,4375;12,3125;428;202;0;
238;2021.05.07 23:00;4;13,25;13,25;12,1875;427;202;0;
239;2021.05.07 23:15;4;13,125;13,125;12,125;426;202;0;
240;2021.05.07 23:30;4;12,9375;12,9375;12;426;202;0;
241;2021.05.07 23:45;4;12,75;12,75;11,875;425;202;0;
242;2021.05.08 00:00;4;12,625;12,625;11,8125;425;202;0;
243;2021.05.08 00:15;4;12,4375;12,5;11,6875;424;202;0;
244;2021.05.08 00:30;4;12,25;12,375;11,625;423;202;0;
245;2021.05.08 00:45;4;12,125;12,25;11,5;423;202;0;
246;2021.05.08 01:00;4;12;12,0625;11,4375;422;202;0;
247;2021.05.08 01:15;4;11,875;11,9375;11,375;421;202;0;
248;2021.05.08 01:30;4;11,75;11,8125;11,25;421;202;0;
249;2021.05.08 01:45;4;11,625;11,6875;11,1875;420;202;0;
250;2021.05.08 02:00;4;11,5;11,5625;11,125;420;202;0;
251;2021.05.08 02:15;4;11,375;11,4375;11;419;202;0;
252;2021.05.08 02:30;4;11,25;11,3125;10,9375;419;202;0;
253;2021.05.08 02:45;4;11,125;11,1875;10,875;418;202;0;
254;2021.05.08 03:00;4;11;11,125;10,75;418;202;0;
255;2021.05.08 03:15;4;10,875;11;10,75;417;202;0;
256;2021.05.08 03:30;4;10,75;10,875;10,625;417;202;0;
257;2021.05.08 03:45;4;10,625;10,75;10,5625;417;202;0;
258;2021.05.08 04:00;4;10,5;10,625;10,5;416;202;0;
259;2021.05.08 04:15;4;10,4375;10,5625;10,4375;416;202;0;
260;2021.05.08 04:30;4;10,375;10,5;10,375;415;202;0;
261;2021.05.08 04:45;4;10,25;10,375;10,3125;415;202;0;
262;2021.05.08 05:00;4;10,125;10,25;10,25;415;202;0;
263;2021.05.08 05:15;4;10,125;10,1875;10,1875;415;202;0;
264;2021.05.08 05:30;4;10;10,125;10,125;414;202;0;
265;2021.05.08 05:45;4;10;10,0625;10,125;414;202;0;
266;2021.05.08 06:00;4;9,9375;10;10,125;414;202;0;
267;2021.05.08 06:15;4;9,875;9,9375;10,0625;414;202;0;
268;2021.05.08 06:30;4;9,875;9,875;10,0625;414;202;0;
269;2021.05.08 06:45;4;9,875;9,875;10;414;202;0;
270;2021.05.08 07:00;4;9,875;9,875;10;414;202;0;
271;2021.05.08 07:15;4;10;9,875;10,0625;415;202;0;
272;2021.05.08 07:30;4;10,0625;9,875;10,0625;415;202;0;
273;2021.05.08 07:45;4;10,125;9,875;10,125;415;202;0;
274;2021.05.08 08:00;4;10,25;10;10,125;416;202;0;
275;2021.05.08 08:15;4;10,375;10;10,1875;417;202;0;
276;2021.05.08 08:30;4;10,375;10,125;10,25;417;202;0;
277;2021.05.08 08:45;4;10,5;10,125;10,25;418;202;0;
278;2021.05.08 09:00;4;10,5;10,25;10,375;419;202;0;
279;2021.05.08 09:15;4;10,625;10,25;10,375;419;202;0;
280;2021.05.08 09:30;4;10,6875;10,375;10,375;420;202;0;
281;2021.05.08 09:45;4;10,75;10,375;10,5;421;202;0;
282;2021.05.08 10:00;4;10,875;10,5;10,5;421;202;0;
283;2021.05.08 10:15;4;11;10,5625;10,5625;422;202;0;
284;2021.05.08 10:30;4;11,0625;10,625;10,625;423;202;0;
285;2021.05.08 10:45;4;11,125;10,6875;10,625;424;202;0;
286;2021.05.08 11:00;4;11,25;10,75;10,75;425;202;0;
287;2021.05.08 11:15;4;11,375;10,875;10,75;425;202;0;
288;2021.05.08 11:30;4;11,5625;11;10,875;426;202;0;
289;2021.05.08 11:45;4;11,6875;11,0625;10,875;427;202;0;
290;2021.05.08 12:00;4;11,8125;11,1875;11;428;202;0;
291;2021.05.08 12:15;4;12;11,3125;11,0625;429;202;0;
292;2021.05.08 12:30;4;12,125;11,4375;11,125;431;202;0;
293;2021.05.08 12:45;4;12,375;11,5625;11,25;432;202;0;
294;2021.05.08 13:00;4;12,5;11,6875;11,375;433;202;0;
295;2021.05.08 13:15;4;12,6875;11,875;11,4375;434;202;0;
296;2021.05.08 13:30;4;12,875;12;11,5;436;202;0;
297;2021.05.08 13:45;4;13;12,125;11,625;437;202;0;
298;2021.05.08 14:00;4;13,25;12,3125;11,75;438;202;0;
299;2021.05.08 14:15;4;13,375;12,5;11,875;440;202;0;
300;2021.05.08 14:30;4;13,5625;12,625;11,9375;441;202;0;
301;2021.05.08 14:45;4;13,75;12,75;12,0625;442;202;0;
302;2021.05.08 15:00;4;13,875;12,9375;12,125;443;202;0;
303;2021.05.08 15:15;4;14,125;13,125;12,25;445;202;0;
304;2021.05.08 15:30;4;14,25;13,25;12,375;446;202;0;
305;2021.05.08 15:45;4;14,4375;13,375;12,5;447;202;0;
306;2021.05.08 16:00;4;14,625;13,5625;12,625;449;202;0;
307;2021.05.08 16:15;4;14,75;13,75;12,6875;450;202;0;
308;2021.05.08 16:30;4;14,875;13,875;12,8125;451;202;0;
309;2021.05.08 16:45;4;15,0625;14;12,875;452;202;0;
310;2021.05.08 17:00;4;15,25;14,125;13;453;202;0;
311;2021.05.08 17:15;4;15,375;14,3125;13,125;455;202;0;
312;2021.05.08 17:30;4;15,5;14,4375;13,25;456;202;0;
313;2021.05.08 17:45;4;15,625;14,625;13,3125;457;202;0;
314;2021.05.08 18:00;4;15,6875;14,6875;13,375;457;202;0;
315;2021.05.08 18:15;4;15,75;14,8125;13,75;459;202;0;
316;2021.05.08 18:30;4;15,875;14,9375;14;460;202;0;
317;2021.05.08 18:45;4;15,9375;15,0625;14,125;461;202;0;
318;2021.05.08 19:00;4;16;15,125;14,1875;461;202;0;
319;2021.05.08 19:15;4;16;15,25;14,25;462;202;0;
320;2021.05.08 19:30;4;16;15,25;14,25;462;202;0;
321;2021.05.08 19:45;4;15,9375;15,3125;14,25;462;202;0;
322;2021.05.08 20:00;4;15,875;15,3125;14,1875;462;202;0;
323;2021.05.08 20:15;4;15,875;15,3125;14,1875;462;202;0;
324;2021.05.08 20:30;4;15,8125;15,25;14,125;462;202;0;
325;2021.05.08 20:45;4;15,75;15,25;14,125;462;202;0;
326;2021.05.08 21:00;4;15,75;15,25;14,125;462;202;0;
327;2021.05.08 21:15;4;15,625;15,1875;14,125;462;202;0;
328;2021.05.08 21:30;4;15,625;15,125;14,0625;462;202;0;
329;2021.05.08 21:45;4;15,5;15,125;14;462;202;0;
330;2021.05.08 22:00;4;15,5;15,0625;14;462;202;0;
331;2021.05.08 22:15;4;15,375;15;14;462;202;0;
332;2021.05.08 22:30;4;15,3125;14,9375;13,875;462;202;0;
333;2021.05.08 22:45;4;15,25;14,875;13,875;461;202;0;
334;2021.05.08 23:00;4;15,125;14,8125;13,875;461;202;0;
335;2021.05.08 23:15;4;15,125;14,75;13,8125;461;202;0;
336;2021.05.08 23:30;4;15;14,6875;13,75;461;202;0;
337;2021.05.08 23:45;4;14,9375;14,625;13,75;461;202;0;
338;2021.05.09 00:00;4;14,875;14,5625;13,6875;460;202;0;
339;2021.05.09 00:15;4;14,75;14,5;13,625;460;202;0;
340;2021.05.09 00:30;4;14,6875;14,4375;13,625;460;202;0;
341;2021.05.09 00:45;4;14,625;14,375;13,5625;460;202;0;
342;2021.05.09 01:00;4;14,5625;14,3125;13,5;460;202;0;
343;2021.05.09 01:15;4;14,5;14,25;13,5;460;202;0;
344;2021.05.09 01:30;4;14,375;14,125;13,4375;459;202;0;
345;2021.05.09 01:45;4;14,3125;14,125;13,375;459;202;0;
346;2021.05.09 02:00;4;14,25;14;13,375;459;202;0;
347;2021.05.09 02:15;4;14,125;14;13,25;459;202;0;
348;2021.05.09 02:30;4;14,0625;13,875;13,25;458;202;0;
349;2021.05.09 02:45;4;14;13,8125;13,25;458;202;0;
350;2021.05.09 03:00;4;13,875;13,75;13,125;458;202;0;
351;2021.05.09 03:15;4;13,8125;13,625;13,125;458;202;0;
352;2021.05.09 03:30;4;13,75;13,625;13,0625;457;202;0;
353;2021.05.09 03:45;4;13,625;13,5;13;457;202;0;
354;2021.05.09 04:00;4;13,5625;13,4375;12,9375;457;202;0;
355;2021.05.09 04:15;4;13,5;13,375;12,875;457;202;0;
356;2021.05.09 04:30;4;13,375;13,25;12,875;456;202;0;
357;2021.05.09 04:45;4;13,3125;13,25;12,75;456;202;0;
358;2021.05.09 05:00;4;13,25;13,125;12,75;456;202;0;
359;2021.05.09 05:15;4;13,25;13,125;12,75;456;202;0;
360;2021.05.09 05:30;4;13,1875;13,0625;12,6875;456;202;0;
361;2021.05.09 05:45;4;13,1875;13;12,6875;456;202;0;
362;2021.05.09 06:00;4;13,125;13;12,625;456;202;0;
363;2021.05.09 06:15;4;13,1875;13;12,625;456;202;0;
364;2021.05.09 06:30;4;13,1875;13;12,625;457;202;0;
365;2021.05.09 06:45;4;13,25;13;12,625;457;202;0;
366;2021.05.09 07:00;4;13,25;13;12,625;457;202;0;
367;2021.05.09 07:15;4;13,375;13;12,625;458;202;0;
368;2021.05.09 07:30;4;13,5;13,0625;12,6875;459;202;0;
369;2021.05.09 07:45;4;13,625;13,125;12,75;460;202;0;
370;2021.05.09 08:00;4;13,875;13,25;12,8125;461;202;0;
371;2021.05.09 08:15;4;14,0625;13,375;12,875;462;202;0;
372;2021.05.09 08:30;4;14,3125;13,5;13;464;202;0;
373;2021.05.09 08:45;4;14,625;13,6875;13,125;465;202;0;
374;2021.05.09 09:00;4;14,875;13,875;13,25;467;202;0;
375;2021.05.09 09:15;4;15,125;14,125;13,375;469;202;0;
376;2021.05.09 09:30;4;15,375;14,3125;13,5;471;202;0;
377;2021.05.09 09:45;4;15,6875;14,5625;13,75;472;202;0;
378;2021.05.09 10:00;4;15,875;14,75;13,9375;473;202;0;
379;2021.05.09 10:15;4;16,125;14,9375;14;474;202;0;
380;2021.05.09 10:30;4;16,25;15,125;14,125;475;202;0;
381;2021.05.09 10:45;4;16,5;15,25;14,25;476;202;0;
382;2021.05.09 11:00;4;16,75;15,5;14,375;477;202;0;
383;2021.05.09 11:15;4;17;15,625;14,5;478;202;0;
384;2021.05.09 11:30;4;17,25;15,875;14,625;479;202;0;
385;2021.05.09 11:45;4;17,5;16,0625;14,75;480;202;0;
386;2021.05.09 12:00;4;17,75;16,25;14,875;481;202;0;
387;2021.05.09 12:15;4;18;16,5;15;482;202;0;
388;2021.05.09 12:30;4;18,25;16,75;15,125;483;202;0;
389;2021.05.09 12:45;4;18,5;16,875;15,25;484;202;0;
390;2021.05.09 13:00;4;18,75;17,125;15,375;485;202;0;
391;2021.05.09 13:15;4;18,875;17,3125;15,5;485;202;0;
392;2021.05.09 13:30;4;19;17,5;15,625;486;202;0;
393;2021.05.09 13:45;4;19,125;17,625;15,75;486;202;0;
394;2021.05.09 14:00;4;19,25;17,75;15,75;486;202;0;
395;2021.05.09 14:15;4;19,3125;17,875;15,8125;486;202;0;
396;2021.05.09 14:30;4;19,375;17,9375;15,875;486;202;0;
397;2021.05.09 14:45;4;19,375;18;15,875;486;202;0;
398;2021.05.09 15:00;4;19,4375;18,0625;16;485;202;0;
399;2021.05.09 15:15;4;19,5;18,125;16;485;202;0;
400;2021.05.09 15:30;4;19,5;18,125;16;485;202;0;
401;2021.05.09 15:45;4;19,5;18,1875;16,125;485;202;0;
402;2021.05.09 16:00;4;19,625;18,25;16,125;485;202;0;
403;2021.05.09 16:15;4;19,625;18,25;16,125;485;202;0;
404;2021.05.09 16:30;4;19,625;18,3125;16,1875;484;202;0;
405;2021.05.09 16:45;4;19,6875;18,375;16,25;484;202;0;
406;2021.05.09 17:00;4;19,6875;18,375;16,25;484;202;0;
407;2021.05.09 17:15;4;19,6875;18,375;16,25;483;202;0;
408;2021.05.09 17:30;4;19,75;18,4375;16,25;483;202;0;
409;2021.05.09 17:45;4;19,6875;18,4375;16,25;483;202;0;
410;2021.05.09 18:00;4;19,75;18,5;16,3125;482;202;0;
411;2021.05.09 18:15;4;19,6875;18,5;16,3125;482;202;0;
412;2021.05.09 18:30;4;19,6875;18,5;16,375;481;202;0;
413;2021.05.09 18:45;4;19,625;18,5;16,375;481;202;0;
414;2021.05.09 19:00;4;19,6875;18,5;16,375;481;202;0;
415;2021.05.09 19:15;4;19,6875;18,5;16,375;480;202;0;
416;2021.05.09 19:30;4;19,6875;18,5;16,4375;480;202;0;
417;2021.05.09 19:45;4;19,75;18,5;16,4375;480;202;0;
418;2021.05.09 20:00;4;19,75;18,5625;16,5;479;202;0;
419;2021.05.09 20:15;4;19,75;18,5625;16,5;479;202;0;
420;2021.05.09 20:30;4;19,75;18,5625;16,5;478;202;0;
421;2021.05.09 20:45;4;19,6875;18,5625;16,5;478;202;0;
422;2021.05.09 21:00;4;19,625;18,5625;16,5;478;202;0;
423;2021.05.09 21:15;4;19,625;18,5;16,5;477;202;0;
424;2021.05.09 21:30;4;19,5;18,5;16,4375;476;202;0;
425;2021.05.09 21:45;4;19,5;18,5;16,4375;476;202;0;
426;2021.05.09 22:00;4;19,375;18,4375;16,375;475;202;0;
427;2021.05.09 22:15;4;19,375;18,375;16,375;475;202;0;
428;2021.05.09 22:30;4;19,3125;18,375;16,375;474;202;0;
429;2021.05.09 22:45;4;19,25;18,3125;16,375;474;202;0;
430;2021.05.09 23:00;4;19,25;18,3125;16,375;474;202;0;
431;2021.05.09 23:15;4;19,25;18,25;16,375;473;202;0;
432;2021.05.09 23:30;4;19,25;18,25;16,375;473;202;0;
433;2021.05.09 23:45;4;19,25;18,25;16,375;473;202;0;
434;2021.05.10 00:00;4;19,25;18,25;16,375;472;202;0;
435;2021.05.10 00:15;4;19,3125;18,25;16,4375;472;202;0;
436;2021.05.10 00:30;4;19,3125;18,3125;16,4375;472;202;0;
437;2021.05.10 00:45;4;19,3125;18,3125;16,5;472;202;0;
438;2021.05.10 01:00;4;19,25;18,375;16,5;472;202;0;
439;2021.05.10 01:15;4;19,25;18,375;16,5;472;202;0;
440;2021.05.10 01:30;4;19,25;18,3125;16,5;472;202;0;
441;2021.05.10 01:45;4;19,25;18,3125;16,5;472;202;0;
442;2021.05.10 02:00;4;19,125;18,3125;16,5;471;202;0;
443;2021.05.10 02:15;4;19,125;18,25;16,5;471;202;0;
444;2021.05.10 02:30;4;19,0625;18,25;16,5;471;202;0;
445;2021.05.10 02:45;4;19;18,25;16,4375;471;202;0;
446;2021.05.10 03:00;4;18,9375;18,1875;16,4375;471;202;0;
447;2021.05.10 03:15;4;18,875;18,125;16,375;470;202;0;
448;2021.05.10 03:30;4;18,875;18,125;16,375;470;202;0;
449;2021.05.10 03:45;4;18,75;18,125;16,375;470;202;0;
450;2021.05.10 04:00;4;18,75;18;16,375;470;202;0;
451;2021.05.10 04:15;4;18,625;18;16,375;469;202;0;
452;2021.05.10 04:30;4;18,625;18;16,375;469;202;0;
453;2021.05.10 04:45;4;18,5625;17,875;16,3125;469;202;0;
454;2021.05.10 05:00;4;18,5;17,875;16,3125;469;202;0;
455;2021.05.10 05:15;4;18,5;17,875;16,25;469;202;0;
456;2021.05.10 05:30;4;18,5;17,8125;16,25;469;202;0;
457;2021.05.10 05:45;4;18,5;17,75;16,25;469;202;0;
458;2021.05.10 06:00;4;18,5;17,75;16,25;469;202;0;
459;2021.05.10 06:15;4;18,4375;17,75;16,25;469;202;0;
460;2021.05.10 06:30;4;18,375;17,75;16,25;469;202;0;
461;2021.05.10 06:45;4;18,375;17,75;16,25;469;202;0;
462;2021.05.10 07:00;4;18,375;17,75;16,25;469;202;0;
463;2021.05.10 07:15;4;18,375;17,75;16,25;469;202;0;
464;2021.05.10 07:30;4;18,375;17,75;16,25;470;202;0;
465;2021.05.10 07:45;4;18,3125;17,6875;16,25;470;202;0;
466;2021.05.10 08:00;4;18,25;17,6875;16,25;470;202;0;
467;2021.05.10 08:15;4;18,25;17,6875;16,25;470;202;0;
468;2021.05.10 08:30;4;18,25;17,625;16,25;470;202;0;
469;2021.05.10 08:45;4;18,25;17,625;16,25;471;202;0;
470;2021.05.10 09:00;4;18,1875;17,625;16,25;471;202;0;
471;2021.05.10 09:15;4;18,125;17,625;16,25;471;202;0;
472;2021.05.10 09:30;4;18,125;17,625;16,25;471;202;0;
473;2021.05.10 09:45;4;18,125;17,625;16,1875;471;202;0;
474;2021.05.10 10:00;4;18,0625;17,5625;16,1875;471;202;0;
475;2021.05.10 10:15;4;18;17,5;16,125;472;202;0;
476;2021.05.10 10:30;4;18;17,5;16,125;472;202;0;
477;2021.05.10 10:45;4;18;17,5;16,125;472;202;0;
478;2021.05.10 11:00;4;18;17,5;16,125;472;202;0;
479;2021.05.10 11:15;4;18;17,4375;16,125;473;202;0;
480;2021.05.10 11:30;4;17,9375;17,4375;16,125;473;202;0;
481;2021.05.10 11:45;4;17,9375;17,375;16,125;473;202;0;
482;2021.05.10 12:00;4;17,875;17,375;16,125;473;202;0;
483;2021.05.10 12:15;4;17,875;17,375;16,125;474;202;0;
484;2021.05.10 12:30;4;17,875;17,375;16,125;474;202;0;
485;2021.05.10 12:45;4;17,875;17,375;16,125;474;202;0;
486;2021.05.10 13:00;4;17,875;17,375;16,125;475;202;0;
487;2021.05.10 13:15;4;17,75;17,3125;16,125;475;202;0;
488;2021.05.10 13:30;4;17,75;17,25;16,0625;475;202;0;
489;2021.05.10 13:45;4;17,625;17,25;16,0625;475;202;0;
490;2021.05.10 14:00;4;17,625;17,25;16;475;202;0;
491;2021.05.10 14:15;4;17,5;17,1875;16;475;202;0;
492;2021.05.10 14:30;4;17,5;17,125;16;475;202;0;
493;2021.05.10 14:45;4;17,375;17,0625;16;475;202;0;
494;2021.05.10 15:00;4;17,375;17;15,9375;475;202;0;
495;2021.05.10 15:15;4;17,25;17;15,875;475;202;0;
496;2021.05.10 15:30;4;17,25;16,875;15,875;475;202;0;
497;2021.05.10 15:45;4;17,125;16,875;15,875;475;202;0;
498;2021.05.10 16:00;4;17,125;16,8125;15,8125;475;202;0;
499;2021.05.10 16:15;4;17,0625;16,75;15,75;475;202;0;
500;2021.05.10 16:30;4;17;16,75;15,75;475;202;0;
501;2021.05.10 16:45;4;16,9375;16,625;15,75;475;202;0;
502;2021.05.10 17:00;4;16,875;16,625;15,6875;475;202;0;
503;2021.05.10 17:15;4;16,8125;16,5625;15,625;475;202;0;
504;2021.05.10 17:30;4;16,75;16,5;15,625;475;202;0;
505;2021.05.10 17:45;4;16,6875;16,5;15,625;475;202;0;
506;2021.05.10 18:00;4;16,625;16,375;15,5625;475;202;0;
507;2021.05.10 18:15;4;16,5625;16,375;15,5;475;202;0;
508;2021.05.10 18:30;4;16,5;16,25;15,5;475;202;0;
509;2021.05.10 18:45;4;16,375;16,25;15,5;475;202;0;
510;2021.05.10 19:00;4;16,375;16,125;15,375;475;202;0;
511;2021.05.10 19:15;4;16,25;16,125;15,375;475;202;0;
512;2021.05.10 19:30;4;16,25;16,0625;15,375;475;202;0;
513;2021.05.10 19:45;4;16,125;16;15,3125;475;202;0;
514;2021.05.10 20:00;4;16,125;15,9375;15,25;474;202;0;
515;2021.05.10 20:15;4;16;15,875;15,25;474;202;0;
516;2021.05.10 20:30;4;16;15,8125;15,1875;474;202;0;
517;2021.05.10 20:45;4;15,875;15,75;15,125;474;202;0;
518;2021.05.10 21:00;4;15,875;15,75;15,125;474;202;0;
519;2021.05.10 21:15;4;15,75;15,625;15,0625;474;202;0;
520;2021.05.10 21:30;4;15,6875;15,625;15;474;202;0;
521;2021.05.10 21:45;4;15,625;15,5;15;474;202;0;
522;2021.05.10 22:00;4;15,5625;15,5;14,9375;473;202;0;
523;2021.05.10 22:15;4;15,5;15,375;14,875;473;202;0;
524;2021.05.10 22:30;4;15,4375;15,375;14,875;473;202;0;
525;2021.05.10 22:45;4;15,375;15,25;14,8125;473;202;0;
526;2021.05.10 23:00;4;15,375;15,25;14,75;473;202;0;
527;2021.05.10 23:15;4;15,3125;15,1875;14,75;473;202;0;
528;2021.05.10 23:30;4;15,25;15,125;14,75;473;202;0;
529;2021.05.10 23:45;4;15,25;15,125;14,6875;473;202;0;
530;2021.05.11 00:00;4;15,1875;15,0625;14,6875;473;202;0;
531;2021.05.11 00:15;4;15,125;15;14,625;473;202;0;
532;2021.05.11 00:30;4;15,125;15;14,625;473;202;0;
533;2021.05.11 00:45;4;15,125;15;14,625;473;202;0;
534;2021.05.11 01:00;4;15,125;14,9375;14,625;473;202;0;
535;2021.05.11 01:15;4;15,0625;14,875;14,5625;473;202;0;
536;2021.05.11 01:30;4;15;14,875;14,5;473;202;0;
537;2021.05.11 01:45;4;14,9375;14,875;14,5;473;202;0;
538;2021.05.11 02:00;4;14,875;14,8125;14,5;473;202;0;
539;2021.05.11 02:15;4;14,875;14,75;14,4375;473;202;0;
540;2021.05.11 02:30;4;14,75;14,6875;14,375;473;202;0;
541;2021.05.11 02:45;4;14,75;14,625;14,375;473;202;0;
542;2021.05.11 03:00;4;14,625;14,625;14,3125;472;202;0;
543;2021.05.11 03:15;4;14,625;14,5625;14,25;472;202;0;
544;2021.05.11 03:30;4;14,5625;14,5;14,25;472;202;0;
545;2021.05.11 03:45;4;14,5;14,5;14,1875;472;202;0;
546;2021.05.11 04:00;4;14,5;14,375;14,125;472;202;0;
547;2021.05.11 04:15;4;14,375;14,375;14,125;472;202;0;
548;2021.05.11 04:30;4;14,3125;14,25;14,0625;471;202;0;
549;2021.05.11 04:45;4;14,25;14,25;14;471;202;0;
550;2021.05.11 05:00;4;14,125;14,125;13,9375;471;202;0;
551;2021.05.11 05:15;4;14;14,0625;13,875;470;202;0;
552;2021.05.11 05:30;4;13,875;13,9375;13,75;470;202;0;
553;2021.05.11 05:45;4;13,75;13,875;13,625;469;202;0;
554;2021.05.11 06:00;4;13,625;13,75;13,625;468;202;0;
555;2021.05.11 06:15;4;13,5;13,625;13,5;468;202;0;
556;2021.05.11 06:30;4;13,4375;13,5;13,4375;467;202;0;
557;2021.05.11 06:45;4;13,375;13,375;13,375;467;202;0;
558;2021.05.11 07:00;4;13,25;13,375;13,375;467;202;0;
559;2021.05.11 07:15;4;13,25;13,25;13,3125;466;202;0;
560;2021.05.11 07:30;4;13,1875;13,25;13,25;466;202;0;
561;2021.05.11 07:45;4;13,125;13,125;13,25;466;202;0;
562;2021.05.11 08:00;4;13,125;13,125;13,25;466;202;0;
563;2021.05.11 08:15;4;13,125;13,125;13,1875;466;202;0;
564;2021.05.11 08:30;4;13,125;13,0625;13,1875;466;202;0;
565;2021.05.11 08:45;4;13,125;13;13,125;466;202;0;
566;2021.05.11 09:00;4;13,125;13;13,125;466;202;0;
567;2021.05.11 09:15;4;13,125;13;13,125;466;202;0;
568;2021.05.11 09:30;4;13,125;13;13,125;467;202;0;
569;2021.05.11 09:45;4;13,1875;13,0625;13,125;467;202;0;
570;2021.05.11 10:00;4;13,25;13,0625;13,1875;467;202;0;
571;2021.05.11 10:15;4;13,25;13,125;13,1875;468;202;0;
572;2021.05.11 10:30;4;13,3125;13,125;13,25;468;202;0;
573;2021.05.11 10:45;4;13,375;13,125;13,25;468;202;0;
574;2021.05.11 11:00;4;13,375;13,1875;13,25;469;202;0;
575;2021.05.11 11:15;4;13,375;13,1875;13,25;469;202;0;
576;2021.05.11 11:30;4;13,375;13,25;13,25;469;202;0;
577;2021.05.11 11:45;4;13,4375;13,25;13,25;470;202;0;
578;2021.05.11 12:00;4;13,5;13,25;13,25;470;202;0;
579;2021.05.11 12:15;4;13,5;13,25;13,25;470;202;0;
580;2021.05.11 12:30;4;13,625;13,3125;13,3125;471;202;0;
581;2021.05.11 12:45;4;13,625;13,375;13,3125;471;202;0;
582;2021.05.11 13:00;4;13,6875;13,375;13,375;471;202;0;
583;2021.05.11 13:15;4;13,75;13,4375;13,375;472;202;0;
584;2021.05.11 13:30;4;13,75;13,5;13,375;472;202;0;
585;2021.05.11 13:45;4;13,875;13,5;13,375;472;202;0;
586;2021.05.11 14:00;4;13,9375;13,5625;13,5;473;202;0;
587;2021.05.11 14:15;4;14;13,625;13,5;474;202;0;
588;2021.05.11 14:30;4;14,125;13,6875;13,5;474;202;0;
589;2021.05.11 14:45;4;14,25;13,75;13,5625;475;202;0;
590;2021.05.11 15:00;4;14,25;13,8125;13,625;475;202;0;
591;2021.05.11 15:15;4;14,375;13,875;13,625;476;202;0;
592;2021.05.11 15:30;4;14,375;13,9375;13,6875;476;202;0;
593;2021.05.11 15:45;4;14,5;14;13,75;476;202;0;
594;2021.05.11 16:00;4;14,5;14;13,75;477;202;0;
595;2021.05.11 16:15;4;14,4375;14,0625;13,75;477;202;0;
596;2021.05.11 16:30;4;14,375;14,125;13,75;476;202;0;
597;2021.05.11 16:45;4;14,3125;14,0625;13,75;476;202;0;
598;2021.05.11 17:00;4;14,25;14;13,6875;476;202;0;
599;2021.05.11 17:15;4;14,125;14;13,625;475;202;0;
600;2021.05.11 17:30;4;14,125;13,9375;13,625;475;202;0;
601;2021.05.11 17:45;4;14,0625;13,875;13,625;474;202;0;
602;2021.05.11 18:00;4;14;13,875;13,625;474;202;0;
603;2021.05.11 18:15;4;14;13,8125;13,5625;474;202;0;
604;2021.05.11 18:30;4;13,875;13,75;13,5;474;202;0;
605;2021.05.11 18:45;4;13,875;13,75;13,5;473;202;0;
606;2021.05.11 19:00;4;13,875;13,75;13,5;473;202;0;
607;2021.05.11 19:15;4;13,8125;13,6875;13,5;473;202;0;
608;2021.05.11 19:30;4;13,75;13,625;13,5;473;202;0;
609;2021.05.11 19:45;4;13,75;13,625;13,4375;473;202;0;
610;2021.05.11 20:00;4;13,6875;13,625;13,375;472;202;0;
611;2021.05.11 20:15;4;13,625;13,5;13,375;472;202;0;
612;2021.05.11 20:30;4;13,5;13,5;13,3125;472;202;0;
613;2021.05.11 20:45;4;13,5;13,4375;13,25;471;202;0;
614;2021.05.11 21:00;4;13,375;13,375;13,25;471;202;0;
615;2021.05.11 21:15;4;13,3125;13,3125;13,1875;471;202;0;
616;2021.05.11 21:30;4;13,25;13,25;13,125;470;202;0;
617;2021.05.11 21:45;4;13,1875;13,125;13,125;470;202;0;
618;2021.05.11 22:00;4;13,125;13,125;13,0625;470;202;0;
619;2021.05.11 22:15;4;13,0625;13,0625;13;469;202;0;
620;2021.05.11 22:30;4;13;13;13;469;202;0;
621;2021.05.11 22:45;4;12,9375;12,9375;12,9375;469;202;0;
622;2021.05.11 23:00;4;12,875;12,875;12,875;468;202;0;
623;2021.05.11 23:15;4;12,75;12,8125;12,875;468;202;0;
624;2021.05.11 23:30;4;12,75;12,75;12,75;468;202;0;
625;2021.05.11 23:45;4;12,625;12,6875;12,75;467;202;0;
626;2021.05.12 00:00;4;12,5;12,625;12,6875;467;202;0;
627;2021.05.12 00:15;4;12,5;12,5;12,625;466;202;0;
628;2021.05.12 00:30;4;12,375;12,5;12,5625;466;202;0;
629;2021.05.12 00:45;4;12,25;12,375;12,5;466;202;0;
630;2021.05.12 01:00;4;12,125;12,25;12,375;465;202;0;
631;2021.05.12 01:15;4;12,0625;12,1875;12,375;464;202;0;
632;2021.05.12 01:30;4;12;12,125;12,25;464;202;0;
633;2021.05.12 01:45;4;11,875;12;12,25;463;202;0;
634;2021.05.12 02:00;4;11,75;11,875;12,125;463;202;0;
635;2021.05.12 02:15;4;11,625;11,8125;12,0625;462;202;0;
636;2021.05.12 02:30;4;11,5;11,75;12;462;202;0;
637;2021.05.12 02:45;4;11,375;11,625;11,875;461;202;0;
638;2021.05.12 03:00;4;11,3125;11,5;11,875;461;202;0;
639;2021.05.12 03:15;4;11,25;11,375;11,75;460;202;0;
640;2021.05.12 03:30;4;11,125;11,3125;11,6875;459;202;0;
641;2021.05.12 03:45;4;11;11,25;11,625;459;202;0;
642;2021.05.12 04:00;4;10,9375;11,125;11,5625;458;202;0;
643;2021.05.12 04:15;4;10,875;11,0625;11,5;458;202;0;
644;2021.05.12 04:30;4;10,75;11;11,4375;457;202;0;
645;2021.05.12 04:45;4;10,625;10,875;11,375;457;202;0;
646;2021.05.12 05:00;4;10,625;10,8125;11,3125;457;202;0;
647;2021.05.12 05:15;4;10,5;10,75;11,25;456;202;0;
648;2021.05.12 05:30;4;10,5;10,625;11,25;456;202;0;
649;2021.05.12 05:45;4;10,5;10,625;11,25;456;202;0;
650;2021.05.12 06:00;4;10,4375;10,625;11,25;456;202;0;
651;2021.05.12 06:15;4;10,4375;10,5;11,1875;456;202;0;
652;2021.05.12 06:30;4;10,5;10,5;11,1875;456;202;0;
653;2021.05.12 06:45;4;10,5;10,5;11,1875;456;202;0;
654;2021.05.12 07:00;4;10,625;10,5625;11,25;457;202;0;
655;2021.05.12 07:15;4;10,6875;10,625;11,25;457;202;0;
656;2021.05.12 07:30;4;10,75;10,625;11,25;458;202;0;
657;2021.05.12 07:45;4;10,875;10,6875;11,25;458;202;0;
658;2021.05.12 08:00;4;11;10,75;11,3125;459;202;0;
659;2021.05.12 08:15;4;11,0625;10,8125;11,375;460;202;0;
660;2021.05.12 08:30;4;11,25;10,875;11,375;460;202;0;
661;2021.05.12 08:45;4;11,375;11;11,5;461;202;0;
662;2021.05.12 09:00;4;11,5;11,125;11,5;462;202;0;
663;2021.05.12 09:15;4;11,625;11,25;11,625;463;202;0;
664;2021.05.12 09:30;4;11,75;11,3125;11,625;464;202;0;
665;2021.05.12 09:45;4;11,875;11,4375;11,75;465;202;0;
666;2021.05.12 10:00;4;12;11,5;11,75;465;202;0;
667;2021.05.12 10:15;4;12,1875;11,625;11,875;466;202;0;
668;2021.05.12 10:30;4;12,3125;11,75;11,875;467;202;0;
669;2021.05.12 10:45;4;12,4375;11,875;12;467;202;0;
670;2021.05.12 11:00;4;12,5625;12;12,0625;468;202;0;
671;2021.05.12 11:15;4;12,6875;12,125;12,125;469;202;0;
672;2021.05.12 11:30;4;12,875;12,25;12,1875;469;202;0;
673;2021.05.12 11:45;4;13;12,375;12,25;470;202;0;
674;2021.05.12 12:00;4;13,125;12,4375;12,375;471;202;0;
675;2021.05.12 12:15;4;13,25;12,5625;12,4375;471;202;0;
676;2021.05.12 12:30;4;13,375;12,6875;12,5;472;202;0;
677;2021.05.12 12:45;4;13,5;12,75;12,5625;472;202;0;
678;2021.05.12 13:00;4;13,625;12,875;12,625;473;202;0;
679;2021.05.12 13:15;4;13,75;13;12,6875;473;202;0;
680;2021.05.12 13:30;4;13,875;13,125;12,75;474;202;0;
681;2021.05.12 13:45;4;14;13,1875;12,875;474;202;0;
682;2021.05.12 14:00;4;14,0625;13,25;12,875;475;202;0;
683;2021.05.12 14:15;4;14,1875;13,375;13;475;202;0;
684;2021.05.12 14:30;4;14,25;13,5;13;475;202;0;
685;2021.05.12 14:45;4;14,375;13,625;13,125;476;202;0;
686;2021.05.12 15:00;4;14,4375;13,6875;13,125;476;202;0;
687;2021.05.12 15:15;4;14,5;13,75;13,25;476;202;0;
688;2021.05.12 15:30;4;14,5625;13,8125;13,25;476;202;0;
689;2021.05.12 15:45;4;14,625;13,875;13,25;476;202;0;
690;2021.05.12 16:00;4;14,625;13,9375;13,3125;477;202;0;
691;2021.05.12 16:15;4;14,625;14;13,375;477;202;0;
692;2021.05.12 16:30;4;14,6875;14;13,375;477;202;0;
693;2021.05.12 16:45;4;14,75;14,0625;13,375;477;202;0;
694;2021.05.12 17:00;4;14,75;14,125;13,4375;477;202;0;
695;2021.05.12 17:15;4;14,75;14,125;13,5;477;202;0;
696;2021.05.12 17:30;4;14,8125;14,125;13,5;477;202;0;
697;2021.05.12 17:45;4;14,875;14,1875;13,5;477;202;0;
698;2021.05.12 18:00;4;14,875;14,25;13,5;477;202;0;
699;2021.05.12 18:15;4;14,875;14,25;13,5625;477;202;0;
700;2021.05.12 18:30;4;14,875;14,25;13,5625;477;202;0;
701;2021.05.12 18:45;4;14,875;14,3125;13,625;477;202;0;
702;2021.05.12 19:00;4;14,75;14,25;13,5625;476;202;0;
703;2021.05.12 19:15;4;14,75;14,25;13,5625;475;202;0;
704;2021.05.12 19:30;4;14,625;14,25;13,5;475;202;0;
705;2021.05.12 19:45;4;14,625;14,1875;13,5;475;202;0;
706;2021.05.12 20:00;4;14,5;14,125;13,5;474;202;0;
707;2021.05.12 20:15;4;14,5;14,125;13,5;474;202;0;
708;2021.05.12 20:30;4;14,4375;14,125;13,5;474;202;0;
709;2021.05.12 20:45;4;14,375;14,0625;13,5;473;202;0;
710;2021.05.12 21:00;4;14,3125;14;13,4375;473;202;0;
711;2021.05.12 21:15;4;14,25;14;13,375;473;202;0;
712;2021.05.12 21:30;4;14,125;13,875;13,375;472;202;0;
713;2021.05.12 21:45;4;14,0625;13,875;13,3125;472;202;0;
714;2021.05.12 22:00;4;14;13,75;13,25;471;202;0;
715;2021.05.12 22:15;4;13,9375;13,75;13,25;471;202;0;
716;2021.05.12 22:30;4;13,875;13,625;13,25;471;202;0;
717;2021.05.12 22:45;4;13,8125;13,625;13,25;470;202;0;
718;2021.05.12 23:00;4;13,75;13,5625;13,1875;470;202;0;
719;2021.05.12 23:15;4;13,75;13,5;13,125;470;202;0;
720;2021.05.12 23:30;4;13,625;13,5;13,125;470;202;0;
721;2021.05.12 23:45;4;13,5625;13,4375;13,0625;469;202;0;
722;2021.05.13 00:00;4;13,5;13,375;13;469;202;0;
723;2021.05.13 00:15;4;13,375;13,25;13;468;202;0;
724;2021.05.13 00:30;4;13,25;13,1875;12,875;468;202;0;
725;2021.05.13 00:45;4;13,125;13,125;12,875;467;202;0;
726;2021.05.13 01:00;4;13,125;13;12,75;467;202;0;
727;2021.05.13 01:15;4;13;12,9375;12,75;466;202;0;
728;2021.05.13 01:30;4;12,9375;12,875;12,75;466;202;0;
729;2021.05.13 01:45;4;12,875;12,8125;12,6875;466;202;0;
730;2021.05.13 02:00;4;12,8125;12,75;12,625;465;202;0;
731;2021.05.13 02:15;4;12,75;12,6875;12,625;465;202;0;
732;2021.05.13 02:30;4;12,75;12,625;12,5625;465;202;0;
733;2021.05.13 02:45;4;12,6875;12,625;12,5;465;202;0;
734;2021.05.13 03:00;4;12,625;12,5625;12,5;465;202;0;
735;2021.05.13 03:15;4;12,625;12,5;12,5;465;202;0;
736;2021.05.13 03:30;4;12,625;12,5;12,5;465;202;0;
737;2021.05.13 03:45;4;12,5625;12,5;12,5;465;202;0;
738;2021.05.13 04:00;4;12,5;12,4375;12,4375;464;202;0;
739;2021.05.13 04:15;4;12,5;12,375;12,375;464;202;0;
740;2021.05.13 04:30;4;12,4375;12,375;12,375;464;202;0;
741;2021.05.13 04:45;4;12,375;12,375;12,375;464;202;0;
742;2021.05.13 05:00;4;12,375;12,3125;12,375;464;202;0;
743;2021.05.13 05:15;4;12,3125;12,25;12,3125;464;202;0;
744;2021.05.13 05:30;4;12,25;12,25;12,25;464;202;0;
745;2021.05.13 05:45;4;12,1875;12,1875;12,25;463;202;0;
746;2021.05.13 06:00;4;12,125;12,125;12,1875;463;202;0;
747;2021.05.13 06:15;4;12,0625;12,0625;12,125;463;202;0;
748;2021.05.13 06:30;4;12;12;12,125;463;202;0;
749;2021.05.13 06:45;4;12;12;12,125;463;202;0;
750;2021.05.13 07:00;4;12;11,9375;12,0625;463;202;0;
751;2021.05.13 07:15;4;11,9375;11,875;12;462;202;0;
752;2021.05.13 07:30;4;11,875;11,875;12;462;202;0;
753;2021.05.13 07:45;4;11,875;11,875;12;462;202;0;
754;2021.05.13 08:00;4;11,75;11,8125;11,9375;462;202;0;
755;2021.05.13 08:15;4;11,75;11,75;11,875;462;202;0;
756;2021.05.13 08:30;4;11,75;11,75;11,875;462;202;0;
757;2021.05.13 08:45;4;11,75;11,6875;11,875;462;202;0;
758;2021.05.13 09:00;4;11,75;11,6875;11,875;461;202;0;
759;2021.05.13 09:15;4;11,75;11,625;11,875;461;202;0;
760;2021.05.13 09:30;4;11,75;11,625;11,875;462;202;0;
761;2021.05.13 09:45;4;11,75;11,625;11,875;462;202;0;
762;2021.05.13 10:00;4;11,875;11,625;11,875;462;202;0;
763;2021.05.13 10:15;4;11,875;11,6875;11,875;462;202;0;
764;2021.05.13 10:30;4;12;11,75;11,875;463;202;0;
765;2021.05.13 10:45;4;12,125;11,75;11,9375;463;202;0;
766;2021.05.13 11:00;4;12,1875;11,875;12;463;202;0;
767;2021.05.13 11:15;4;12,25;11,875;12;464;202;0;
768;2021.05.13 11:30;4;12,375;12;12,0625;464;202;0;
769;2021.05.13 11:45;4;12,5;12;12,125;465;202;0;
770;2021.05.13 12:00;4;12,5625;12,125;12,125;465;202;0;
771;2021.05.13 12:15;4;12,625;12,1875;12,1875;466;202;0;
772;2021.05.13 12:30;4;12,75;12,25;12,25;466;202;0;
773;2021.05.13 12:45;4;12,875;12,375;12,25;466;202;0;
774;2021.05.13 13:00;4;13;12,375;12,375;467;202;0;
775;2021.05.13 13:15;4;13,0625;12,5;12,375;467;202;0;
776;2021.05.13 13:30;4;13,125;12,5625;12,4375;467;202;0;
777;2021.05.13 13:45;4;13,25;12,625;12,5;468;202;0;
778;2021.05.13 14:00;4;13,375;12,75;12,5;468;202;0;
779;2021.05.13 14:15;4;13,4375;12,8125;12,5625;468;202;0;
780;2021.05.13 14:30;4;13,5;12,875;12,625;468;202;0;
781;2021.05.13 14:45;4;13,5625;13;12,625;469;202;0;
782;2021.05.13 15:00;4;13,625;13;12,75;469;202;0;
783;2021.05.13 15:15;4;13,75;13,125;12,75;469;202;0;
784;2021.05.13 15:30;4;13,75;13,125;12,8125;469;202;0;
785;2021.05.13 15:45;4;13,875;13,25;12,875;469;202;0;
786;2021.05.13 16:00;4;13,875;13,25;12,875;470;202;0;
787;2021.05.13 16:15;4;14;13,375;12,9375;470;202;0;
788;2021.05.13 16:30;4;14,0625;13,375;13;470;202;0;
789;2021.05.13 16:45;4;14,125;13,5;13;470;202;0;
790;2021.05.13 17:00;4;14,25;13,5;13,0625;470;202;0;
791;2021.05.13 17:15;4;14,25;13,625;13,125;470;202;0;
792;2021.05.13 17:30;4;14,3125;13,625;13,125;471;202;0;
793;2021.05.13 17:45;4;14,375;13,75;13,1875;471;202;0;
794;2021.05.13 18:00;4;14,375;13,75;13,1875;471;202;0;
795;2021.05.13 18:15;4;14,375;13,75;13,25;470;202;0;
796;2021.05.13 18:30;4;14,375;13,8125;13,25;470;202;0;
797;2021.05.13 18:45;4;14,3125;13,8125;13,25;470;202;0;
798;2021.05.13 19:00;4;14,25;13,875;13,25;470;202;0;
799;2021.05.13 19:15;4;14,25;13,8125;13,25;469;202;0;
800;2021.05.13 19:30;4;14,125;13,75;13,25;469;202;0;
801;2021.05.13 19:45;4;14;13,75;13,1875;469;202;0;
802;2021.05.13 20:00;4;13,9375;13,6875;13,125;468;202;0;
803;2021.05.13 20:15;4;13,875;13,625;13,125;467;202;0;
804;2021.05.13 20:30;4;13,75;13,5625;13,0625;467;202;0;
805;2021.05.13 20:45;4;13,625;13,5;13;466;202;0;
806;2021.05.13 21:00;4;13,5;13,375;12,9375;466;202;0;
807;2021.05.13 21:15;4;13,375;13,25;12,875;465;202;0;
808;2021.05.13 21:30;4;13,3125;13,25;12,8125;464;202;0;
809;2021.05.13 21:45;4;13,1875;13,125;12,75;464;202;0;
810;2021.05.13 22:00;4;13,125;13;12,6875;463;202;0;
811;2021.05.13 22:15;4;13;12,875;12,625;463;202;0;
812;2021.05.13 22:30;4;12,875;12,8125;12,5625;462;202;0;
813;2021.05.13 22:45;4;12,75;12,75;12,5;461;202;0;
814;2021.05.13 23:00;4;12,625;12,625;12,375;461;202;0;
815;2021.05.13 23:15;4;12,5;12,5;12,375;460;202;0;
816;2021.05.13 23:30;4;12,375;12,375;12,25;459;202;0;
817;2021.05.13 23:45;4;12,25;12,25;12,1875;459;202;0;
818;2021.05.14 00:00;4;12,125;12,1875;12,125;458;202;0;
819;2021.05.14 00:15;4;12;12,0625;12,0625;458;202;0;
820;2021.05.14 00:30;4;11,875;12;12;457;202;0;
821;2021.05.14 00:45;4;11,8125;11,875;11,9375;457;202;0;
822;2021.05.14 01:00;4;11,75;11,75;11,875;456;202;0;
823;2021.05.14 01:15;4;11,625;11,6875;11,8125;456;202;0;
824;2021.05.14 01:30;4;11,5625;11,625;11,75;455;202;0;
825;2021.05.14 01:45;4;11,5;11,5625;11,75;455;202;0;
826;2021.05.14 02:00;4;11,4375;11,5;11,6875;455;202;0;
827;2021.05.14 02:15;4;11,375;11,4375;11,625;455;202;0;
828;2021.05.14 02:30;4;11,375;11,375;11,625;454;202;0;
829;2021.05.14 02:45;4;11,3125;11,375;11,625;454;202;0;
830;2021.05.14 03:00;4;11,25;11,3125;11,5625;454;202;0;
831;2021.05.14 03:15;4;11,25;11,25;11,5;454;202;0;
832;2021.05.14 03:30;4;11,25;11,25;11,5;454;202;0;
833;2021.05.14 03:45;4;11,25;11,25;11,5;454;202;0;
834;2021.05.14 04:00;4;11,25;11,1875;11,5;454;202;0;
835;2021.05.14 04:15;4;11,1875;11,1875;11,5;454;202;0;
836;2021.05.14 04:30;4;11,1875;11,125;11,5;454;202;0;
837;2021.05.14 04:45;4;11,1875;11,125;11,5;454;202;0;
838;2021.05.14 05:00;4;11,1875;11,125;11,5;454;202;0;
839;2021.05.14 05:15;4;11,25;11,125;11,4375;455;202;0;
840;2021.05.14 05:30;4;11,25;11,125;11,4375;455;202;0;
841;2021.05.14 05:45;4;11,25;11,125;11,4375;455;202;0;
842;2021.05.14 06:00;4;11,25;11,125;11,4375;455;202;0;
843;2021.05.14 06:15;4;11,25;11,125;11,4375;455;202;0;
844;2021.05.14 06:30;4;11,25;11,125;11,4375;455;202;0;
845;2021.05.14 06:45;4;11,25;11,125;11,4375;456;202;0;
846;2021.05.14 07:00;4;11,25;11,125;11,4375;456;202;0;
847;2021.05.14 07:15;4;11,25;11,125;11,4375;456;202;0;
848;2021.05.14 07:30;4;11,25;11,125;11,4375;456;202;0;
849;2021.05.14 07:45;4;11,25;11,1875;11,4375;456;202;0;
850;2021.05.14 08:00;4;11,3125;11,1875;11,4375;457;202;0;
851;2021.05.14 08:15;4;11,375;11,25;11,4375;457;202;0;
852;2021.05.14 08:30;4;11,375;11,25;11,5;457;202;0;
853;2021.05.14 08:45;4;11,4375;11,25;11,5;458;202;0;
854;2021.05.14 09:00;4;11,5;11,3125;11,5;458;202;0;
855;2021.05.14 09:15;4;11,5;11,375;11,5;459;202;0;
856;2021.05.14 09:30;4;11,5625;11,375;11,5;459;202;0;
857;2021.05.14 09:45;4;11,625;11,375;11,5625;460;202;0;
858;2021.05.14 10:00;4;11,625;11,4375;11,625;460;202;0;
859;2021.05.14 10:15;4;11,75;11,5;11,625;460;202;0;
860;2021.05.14 10:30;4;11,75;11,5;11,625;461;202;0;
861;2021.05.14 10:45;4;11,75;11,5625;11,625;461;202;0;
862;2021.05.14 11:00;4;11,8125;11,625;11,625;461;202;0;
863;2021.05.14 11:15;4;11,8125;11,625;11,6875;462;202;0;
864;2021.05.14 11:30;4;11,875;11,625;11,75;462;202;0;
865;2021.05.14 11:45;4;11,875;11,625;11,75;462;202;0;
866;2021.05.14 12:00;4;11,875;11,6875;11,75;463;202;0;
867;2021.05.14 12:15;4;11,9375;11,75;11,75;463;202;0;
868;2021.05.14 12:30;4;11,9375;11,75;11,75;463;202;0;
869;2021.05.14 12:45;4;12;11,75;11,75;463;202;0;
870;2021.05.14 13:00;4;12;11,75;11,75;464;202;0;
871;2021.05.14 13:15;4;12;11,75;11,8125;464;202;0;
872;2021.05.14 13:30;4;12,0625;11,8125;11,8125;464;202;0;
873;2021.05.14 13:45;4;12,125;11,875;11,8125;464;202;0;
874;2021.05.14 14:00;4;12,125;11,875;11,875;464;202;0;
875;2021.05.14 14:15;4;12,125;11,875;11,875;465;202;0;
876;2021.05.14 14:30;4;12,25;11,875;11,875;465;202;0;
877;2021.05.14 14:45;4;12,3125;11,9375;11,875;465;202;0;
878;2021.05.14 15:00;4;12,375;12;11,9375;466;202;0;
879;2021.05.14 15:15;4;12,5;12,0625;12;466;202;0;
880;2021.05.14 15:30;4;12,5;12,125;12;466;202;0;
881;2021.05.14 15:45;4;12,625;12,125;12;467;202;0;
882;2021.05.14 16:00;4;12,625;12,25;12,0625;467;202;0;
883;2021.05.14 16:15;4;12,75;12,25;12,125;467;202;0;
884;2021.05.14 16:30;4;12,75;12,3125;12,125;468;202;0;
885;2021.05.14 16:45;4;12,875;12,375;12,125;468;202;0;
886;2021.05.14 17:00;4;12,875;12,375;12,1875;468;202;0;
887;2021.05.14 17:15;4;12,9375;12,5;12,25;468;202;0;
888;2021.05.14 17:30;4;13;12,5;12,25;469;202;0;
889;2021.05.14 17:45;4;13;12,5625;12,25;469;202;0;
890;2021.05.14 18:00;4;13;12,625;12,3125;469;202;0;
891;2021.05.14 18:15;4;13;12,625;12,3125;469;202;0;
892;2021.05.14 18:30;4;12,9375;12,625;12,3125;469;202;0;
893;2021.05.14 18:45;4;12,875;12,625;12,3125;469;202;0;
894;2021.05.14 19:00;4;12,8125;12,625;12,25;468;202;0;
895;2021.05.14 19:15;4;12,75;12,5625;12,25;468;202;0;
896;2021.05.14 19:30;4;12,625;12,5;12,25;468;202;0;
897;2021.05.14 19:45;4;12,5625;12,4375;12,1875;467;202;0;
898;2021.05.14 20:00;4;12,5;12,375;12,125;467;202;0;
899;2021.05.14 20:15;4;12,375;12,3125;12,125;466;202;0;
900;2021.05.14 20:30;4;12,25;12,25;12;465;202;0;
901;2021.05.14 20:45;4;12,1875;12,125;12;465;202;0;
902;2021.05.14 21:00;4;12,0625;12,0625;11,875;464;202;0;
903;2021.05.14 21:15;4;12;12;11,875;464;202;0;
904;2021.05.14 21:30;4;11,875;11,875;11,75;463;202;0;
905;2021.05.14 21:45;4;11,75;11,75;11,6875;462;202;0;
906;2021.05.14 22:00;4;11,625;11,625;11,625;462;202;0;
907;2021.05.14 22:15;4;11,5;11,5625;11,5625;461;202;0;
908;2021.05.14 22:30;4;11,375;11,5;11,5;460;202;0;
909;2021.05.14 22:45;4;11,25;11,375;11,375;460;202;0;
910;2021.05.14 23:00;4;11,125;11,25;11,375;459;202;0;
911;2021.05.14 23:15;4;11,0625;11,125;11,25;459;202;0;
912;2021.05.14 23:30;4;10,9375;11,0625;11,25;458;202;0;
913;2021.05.14 23:45;4;10,8125;11;11,125;457;202;0;
914;2021.05.15 00:00;4;10,75;10,875;11,0625;457;202;0;
915;2021.05.15 00:15;4;10,625;10,75;11;456;202;0;
916;2021.05.15 00:30;4;10,5;10,625;10,9375;456;202;0;
917;2021.05.15 00:45;4;10,4375;10,5625;10,875;455;202;0;
918;2021.05.15 01:00;4;10,3125;10,5;10,8125;455;202;0;
919;2021.05.15 01:15;4;10,25;10,375;10,75;454;202;0;
920;2021.05.15 01:30;4;10,125;10,3125;10,6875;454;202;0;
921;2021.05.15 01:45;4;10,0625;10,25;10,625;453;202;0;
922;2021.05.15 02:00;4;10;10,125;10,5625;453;202;0;
923;2021.05.15 02:15;4;9,875;10,0625;10,5;453;202;0;
924;2021.05.15 02:30;4;9,8125;10;10,5;452;202;0;
925;2021.05.15 02:45;4;9,75;9,9375;10,375;452;202;0;
926;2021.05.15 03:00;4;9,6875;9,875;10,375;452;202;0;
927;2021.05.15 03:15;4;9,625;9,8125;10,375;451;202;0;
928;2021.05.15 03:30;4;9,625;9,75;10,3125;451;202;0;
929;2021.05.15 03:45;4;9,625;9,75;10,25;451;202;0;
930;2021.05.15 04:00;4;9,5625;9,6875;10,25;451;202;0;
931;2021.05.15 04:15;4;9,5625;9,625;10,25;451;202;0;
932;2021.05.15 04:30;4;9,5;9,625;10,25;451;202;0;
933;2021.05.15 04:45;4;9,5;9,625;10,25;451;202;0;
934;2021.05.15 05:00;4;9,5;9,625;10,25;451;202;0;
935;2021.05.15 05:15;4;9,5;9,625;10,1875;451;202;0;
936;2021.05.15 05:30;4;9,5;9,625;10,1875;451;202;0;
937;2021.05.15 05:45;4;9,5625;9,625;10,1875;451;202;0;
938;2021.05.15 06:00;4;9,625;9,625;10,1875;452;202;0;
939;2021.05.15 06:15;4;9,625;9,625;10,25;452;202;0;
940;2021.05.15 06:30;4;9,625;9,625;10,25;452;202;0;
941;2021.05.15 06:45;4;9,75;9,625;10,25;452;202;0;
942;2021.05.15 07:00;4;9,75;9,6875;10,25;453;202;0;
943;2021.05.15 07:15;4;9,8125;9,75;10,25;453;202;0;
944;2021.05.15 07:30;4;9,875;9,75;10,25;454;202;0;
945;2021.05.15 07:45;4;9,9375;9,8125;10,3125;454;202;0;
946;2021.05.15 08:00;4;10;9,875;10,375;455;202;0;
947;2021.05.15 08:15;4;10,0625;9,875;10,375;455;202;0;
948;2021.05.15 08:30;4;10,125;10;10,375;456;202;0;
949;2021.05.15 08:45;4;10,125;10;10,4375;456;202;0;
950;2021.05.15 09:00;4;10,25;10,0625;10,5;456;202;0;
951;2021.05.15 09:15;4;10,25;10,125;10,5;457;202;0;
952;2021.05.15 09:30;4;10,375;10,125;10,5;457;202;0;
953;2021.05.15 09:45;4;10,375;10,25;10,5625;458;202;0;
954;2021.05.15 10:00;4;10,4375;10,25;10,625;458;202;0;
955;2021.05.15 10:15;4;10,5;10,3125;10,625;458;202;0;
956;2021.05.15 10:30;4;10,5625;10,375;10,625;459;202;0;
957;2021.05.15 10:45;4;10,625;10,375;10,6875;459;202;0;
958;2021.05.15 11:00;4;10,6875;10,4375;10,75;460;202;0;
959;2021.05.15 11:15;4;10,75;10,5;10,75;460;202;0;
960;2021.05.15 11:30;4;10,8125;10,5625;10,75;460;202;0;
961;2021.05.15 11:45;4;10,875;10,625;10,8125;461;202;0;
962;2021.05.15 12:00;4;11;10,625;10,875;461;202;0;
963;2021.05.15 12:15;4;11;10,75;10,875;462;202;0;
964;2021.05.15 12:30;4;11,0625;10,75;10,875;462;202;0;
965;2021.05.15 12:45;4;11,125;10,8125;10,9375;463;202;0;
966;2021.05.15 13:00;4;11,1875;10,875;11;463;202;0;
967;2021.05.15 13:15;4;11,25;10,9375;11;463;202;0;
968;2021.05.15 13:30;4;11,3125;11;11;464;202;0;
969;2021.05.15 13:45;4;11,375;11;11,0625;464;202;0;
970;2021.05.15 14:00;4;11,375;11,0625;11,125;464;202;0;
971;2021.05.15 14:15;4;11,5;11,125;11,125;465;202;0;
972;2021.05.15 14:30;4;11,5;11,125;11,125;465;202;0;
973;2021.05.15 14:45;4;11,5625;11,25;11,1875;466;202;0;
974;2021.05.15 15:00;4;11,625;11,25;11,25;466;202;0;
975;2021.05.15 15:15;4;11,6875;11,3125;11,25;466;202;0;
976;2021.05.15 15:30;4;11,75;11,375;11,25;467;202;0;
977;2021.05.15 15:45;4;11,75;11,375;11,3125;467;202;0;
978;2021.05.15 16:00;4;11,8125;11,4375;11,375;467;202;0;
979;2021.05.15 16:15;4;11,875;11,5;11,375;468;202;0;
980;2021.05.15 16:30;4;11,875;11,5;11,375;468;202;0;
981;2021.05.15 16:45;4;11,875;11,5625;11,375;468;202;0;
982;2021.05.15 17:00;4;11,875;11,5625;11,4375;468;202;0;
983;2021.05.15 17:15;4;11,9375;11,625;11,4375;469;202;0;
984;2021.05.15 17:30;4;11,9375;11,625;11,5;469;202;0;
985;2021.05.15 17:45;4;12;11,625;11,5;469;202;0;
986;2021.05.15 18:00;4;12;11,625;11,5;469;202;0;
987;2021.05.15 18:15;4;12;11,6875;11,5;469;202;0;
988;2021.05.15 18:30;4;12;11,75;11,5;470;202;0;
989;2021.05.15 18:45;4;12,0625;11,75;11,5;470;202;0;
990;2021.05.15 19:00;4;12,125;11,75;11,5;470;202;0;
991;2021.05.15 19:15;4;12,125;11,75;11,5625;470;202;0;
992;2021.05.15 19:30;4;12,125;11,75;11,5625;470;202;0;
993;2021.05.15 19:45;4;12,125;11,8125;11,625;471;202;0;
994;2021.05.15 20:00;4;12,125;11,8125;11,625;471;202;0;
995;2021.05.15 20:15;4;12,125;11,875;11,625;471;202;0;
996;2021.05.15 20:30;4;12,125;11,875;11,625;471;202;0;
997;2021.05.15 20:45;4;12,125;11,875;11,625;471;202;0;
998;2021.05.15 21:00;4;12,125;11,875;11,625;472;202;0;
999;2021.05.15 21:15;4;12,125;11,875;11,625;472;202;0;
1000;2021.05.15 21:30;4;12,125;11,875;11,625;472;202;0;
1001;2021.05.15 21:45;4;12,125;11,875;11,625;472;202;0;
1002;2021.05.15 22:00;4;12,125;11,875;11,625;472;202;0;
1003;2021.05.15 22:15;4;12,125;11,875;11,6875;472;202;0;
1004;2021.05.15 22:30;4;12,125;11,875;11,6875;472;202;0;
1005;2021.05.15 22:45;4;12,125;11,875;11,6875;472;202;0;
1006;2021.05.15 23:00;4;12,125;11,875;11,625;472;202;0;
1007;2021.05.15 23:15;4;12,125;11,875;11,6875;472;202;0;
1008;2021.05.15 23:30;4;12,125;11,875;11,6875;472;202;0;
1009;2021.05.15 23:45;4;12,0625;11,875;11,625;473;202;0;
1010;2021.05.16 00:00;4;12;11,875;11,625;473;202;0;
1011;2021.05.16 00:15;4;12;11,875;11,625;473;202;0;
1012;2021.05.16 00:30;4;12;11,875;11,625;473;202;0;
1013;2021.05.16 00:45;4;12;11,8125;11,625;473;202;0;
1014;2021.05.16 01:00;4;12;11,8125;11,625;473;202;0;
1015;2021.05.16 01:15;4;12;11,8125;11,625;473;202;0;
1016;2021.05.16 01:30;4;12;11,8125;11,625;473;202;0;
1017;2021.05.16 01:45;4;12;11,75;11,625;473;202;0;
1018;2021.05.16 02:00;4;11,9375;11,75;11,625;473;202;0;
1019;2021.05.16 02:15;4;11,9375;11,75;11,625;473;202;0;
1020;2021.05.16 02:30;4;11,875;11,75;11,625;473;202;0;
1021;2021.05.16 02:45;4;11,875;11,75;11,625;473;202;0;
1022;2021.05.16 03:00;4;11,875;11,75;11,625;473;202;0;
1023;2021.05.16 03:15;4;11,875;11,75;11,625;473;202;0;
1024;2021.05.16 03:30;4;11,875;11,75;11,625;473;202;0;
1025;2021.05.16 03:45;4;11,875;11,75;11,625;473;202;0;
1026;2021.05.16 04:00;4;11,8125;11,6875;11,5625;473;202;0;
1027;2021.05.16 04:15;4;11,8125;11,6875;11,5625;473;202;0;
1028;2021.05.16 04:30;4;11,8125;11,625;11,5625;473;202;0;
1029;2021.05.16 04:45;4;11,75;11,625;11,5625;473;202;0;
1030;2021.05.16 05:00;4;11,75;11,625;11,5625;473;202;0;
1031;2021.05.16 05:15;4;11,75;11,625;11,5;473;202;0;
1032;2021.05.16 05:30;4;11,75;11,625;11,5;474;202;0;
1033;2021.05.16 05:45;4;11,75;11,625;11,5;474;202;0;
1034;2021.05.16 06:00;4;11,75;11,625;11,5;474;202;0;
1035;2021.05.16 06:15;4;11,75;11,625;11,5;474;202;0;
1036;2021.05.16 06:30;4;11,75;11,625;11,5;474;202;0;
1037;2021.05.16 06:45;4;11,75;11,625;11,5;474;202;0;
1038;2021.05.16 07:00;4;11,8125;11,625;11,5;474;202;0;
1039;2021.05.16 07:15;4;11,8125;11,625;11,5;475;202;0;
1040;2021.05.16 07:30;4;11,875;11,625;11,5625;475;202;0;
1041;2021.05.16 07:45;4;11,875;11,625;11,5625;475;202;0;
1042;2021.05.16 08:00;4;11,875;11,6875;11,5625;475;202;0;
1043;2021.05.16 08:15;4;11,875;11,625;11,5625;475;202;0;
1044;2021.05.16 08:30;4;11,875;11,6875;11,625;476;202;0;
1045;2021.05.16 08:45;4;11,9375;11,6875;11,625;476;202;0;
1046;2021.05.16 09:00;4;12;11,75;11,625;476;202;0;
1047;2021.05.16 09:15;4;12;11,75;11,625;477;202;0;
1048;2021.05.16 09:30;4;12,0625;11,75;11,625;477;202;0;
1049;2021.05.16 09:45;4;12,125;11,8125;11,625;478;202;0;
1050;2021.05.16 10:00;4;12,25;11,875;11,6875;478;202;0;
1051;2021.05.16 10:15;4;12,25;11,875;11,75;478;202;0;
1052;2021.05.16 10:30;4;12,375;11,9375;11,75;479;202;0;
1053;2021.05.16 10:45;4;12,4375;12;11,75;480;202;0;
1054;2021.05.16 11:00;4;12,5;12,0625;11,8125;480;202;0;
1055;2021.05.16 11:15;4;12,625;12,125;11,875;481;202;0;
1056;2021.05.16 11:30;4;12,75;12,1875;11,875;482;202;0;
1057;2021.05.16 11:45;4;12,8125;12,25;11,9375;482;202;0;
1058;2021.05.16 12:00;4;12,875;12,375;12;483;202;0;
1059;2021.05.16 12:15;4;13;12,375;12;483;202;0;
1060;2021.05.16 12:30;4;13,0625;12,5;12,0625;484;202;0;
1061;2021.05.16 12:45;4;13,125;12,5625;12,125;485;202;0;
1062;2021.05.16 13:00;4;13,25;12,625;12,1875;485;202;0;
1063;2021.05.16 13:15;4;13,3125;12,6875;12,25;486;202;0;
1064;2021.05.16 13:30;4;13,375;12,75;12,25;487;202;0;
1065;2021.05.16 13:45;4;13,4375;12,875;12,3125;487;202;0;
1066;2021.05.16 14:00;4;13,5;12,875;12,375;488;202;0;
1067;2021.05.16 14:15;4;13,625;13;12,375;488;202;0;
1068;2021.05.16 14:30;4;13,625;13;12,4375;489;202;0;
1069;2021.05.16 14:45;4;13,75;13,125;12,5;490;202;0;
1070;2021.05.16 15:00;4;13,8125;13,125;12,5;490;202;0;
1071;2021.05.16 15:15;4;13,875;13,25;12,5625;491;202;0;
1072;2021.05.16 15:30;4;14;13,25;12,625;491;202;0;
1073;2021.05.16 15:45;4;14;13,375;12,625;492;202;0;
1074;2021.05.16 16:00;4;14;13,375;12,75;492;202;0;
1075;2021.05.16 16:15;4;14,0625;13,5;12,75;493;202;0;
1076;2021.05.16 16:30;4;14,125;13,5;12,75;493;202;0;
1077;2021.05.16 16:45;4;14,125;13,5;12,75;493;202;0;
1078;2021.05.16 17:00;4;14,0625;13,5625;12,8125;493;202;0;
1079;2021.05.16 17:15;4;14;13,5625;12,8125;493;202;0;
1080;2021.05.16 17:30;4;14;13,5625;12,8125;493;202;0;
1081;2021.05.16 17:45;4;14;13,5;12,8125;492;202;0;
1082;2021.05.16 18:00;4;14;13,5;12,8125;492;202;0;
1083;2021.05.16 18:15;4;13,9375;13,5;12,8125;492;202;0;
1084;2021.05.16 18:30;4;13,9375;13,5;12,8125;492;202;0;
1085;2021.05.16 18:45;4;13,875;13,5;12,8125;492;202;0;
1086;2021.05.16 19:00;4;13,875;13,5;12,75;491;202;0;
1087;2021.05.16 19:15;4;13,875;13,4375;12,75;491;202;0;
1088;2021.05.16 19:30;4;13,875;13,4375;12,75;491;202;0;
1089;2021.05.16 19:45;4;13,8125;13,375;12,75;491;202;0;
1090;2021.05.16 20:00;4;13,8125;13,375;12,75;490;202;0;
1091;2021.05.16 20:15;4;13,75;13,375;12,75;490;202;0;
1092;2021.05.16 20:30;4;13,75;13,375;12,75;490;202;0;
1093;2021.05.16 20:45;4;13,75;13,375;12,75;490;202;0;
1094;2021.05.16 21:00;4;13,75;13,375;12,75;490;202;0;
1095;2021.05.16 21:15;4;13,6875;13,3125;12,75;489;202;0;
1096;2021.05.16 21:30;4;13,625;13,3125;12,75;489;202;0;
1097;2021.05.16 21:45;4;13,5625;13,25;12,6875;488;202;0;
1098;2021.05.16 22:00;4;13,5;13,25;12,625;488;202;0;
1099;2021.05.16 22:15;4;13,4375;13,125;12,625;487;202;0;
1100;2021.05.16 22:30;4;13,375;13,125;12,625;487;202;0;
1101;2021.05.16 22:45;4;13,3125;13,0625;12,5625;486;202;0;
1102;2021.05.16 23:00;4;13,25;13;12,5;485;202;0;
1103;2021.05.16 23:15;4;13,1875;13;12,5;485;202;0;
1104;2021.05.16 23:30;4;13,125;12,875;12,5;484;202;0;
1105;2021.05.16 23:45;4;13,125;12,875;12,5;484;202;0;
1106;2021.05.17 00:00;4;13;12,8125;12,4375;483;202;0;
1107;2021.05.17 00:15;4;12,9375;12,75;12,375;482;202;0;
1108;2021.05.17 00:30;4;12,875;12,6875;12,375;481;202;0;
1109;2021.05.17 00:45;4;12,75;12,625;12,25;480;202;0;
1110;2021.05.17 01:00;4;12,6875;12,5625;12,25;480;202;0;
1111;2021.05.17 01:15;4;12,625;12,5;12,25;479;202;0;
1112;2021.05.17 01:30;4;12,625;12,4375;12,1875;478;202;0;
1113;2021.05.17 01:45;4;12,5625;12,375;12,125;478;202;0;
1114;2021.05.17 02:00;4;12,5;12,375;12,125;477;202;0;
1115;2021.05.17 02:15;4;12,5;12,3125;12,125;477;202;0;
1116;2021.05.17 02:30;4;12,5;12,25;12,125;476;202;0;
1117;2021.05.17 02:45;4;12,4375;12,25;12,125;476;202;0;
1118;2021.05.17 03:00;4;12,4375;12,25;12,125;476;202;0;
1119;2021.05.17 03:15;4;12,375;12,25;12,0625;475;202;0;
1120;2021.05.17 03:30;4;12,375;12,1875;12;475;202;0;
1121;2021.05.17 03:45;4;12,375;12,125;12;475;202;0;
1122;2021.05.17 04:00;4;12,3125;12,125;12;474;202;0;
1123;2021.05.17 04:15;4;12,25;12,125;12;474;202;0;
1124;2021.05.17 04:30;4;12,25;12,125;12;474;202;0;
1125;2021.05.17 04:45;4;12,1875;12,0625;11,9375;474;202;0;
1126;2021.05.17 05:00;4;12,125;12;11,875;473;202;0;
1127;2021.05.17 05:15;4;12,125;12;11,875;473;202;0;
1128;2021.05.17 05:30;4;12,0625;12;11,875;473;202;0;
1129;2021.05.17 05:45;4;12,0625;11,875;11,875;472;202;0;
1130;2021.05.17 06:00;4;12,0625;11,875;11,875;472;202;0;
1131;2021.05.17 06:15;4;12,0625;11,875;11,875;472;202;0;
1132;2021.05.17 06:30;4;12,0625;11,875;11,875;472;202;0;
1133;2021.05.17 06:45;4;12,0625;11,875;11,875;472;202;0;
1134;2021.05.17 07:00;4;12,125;11,875;11,875;472;202;0;
1135;2021.05.17 07:15;4;12,125;11,875;11,875;472;202;0;
1136;2021.05.17 07:30;4;12,25;11,9375;11,875;473;202;0;
1137;2021.05.17 07:45;4;12,3125;12;11,875;473;202;0;
1138;2021.05.17 08:00;4;12,375;12;11,9375;473;202;0;
1139;2021.05.17 08:15;4;12,375;12,0625;12;474;202;0;
1140;2021.05.17 08:30;4;12,5;12,125;12;474;202;0;
1141;2021.05.17 08:45;4;12,5625;12,125;12;474;202;0;
1142;2021.05.17 09:00;4;12,625;12,1875;12,0625;474;202;0;
1143;2021.05.17 09:15;4;12,6875;12,25;12,125;475;202;0;
1144;2021.05.17 09:30;4;12,75;12,3125;12,125;475;202;0;
1145;2021.05.17 09:45;4;12,75;12,375;12,125;475;202;0;
1146;2021.05.17 10:00;4;12,875;12,375;12,125;475;202;0;
1147;2021.05.17 10:15;4;12,9375;12,4375;12,25;476;202;0;
1148;2021.05.17 10:30;4;13;12,5;12,25;476;202;0;
1149;2021.05.17 10:45;4;13,125;12,625;12,25;476;202;0;
1150;2021.05.17 11:00;4;13,125;12,625;12,3125;477;202;0;
1151;2021.05.17 11:15;4;13,1875;12,6875;12,375;477;202;0;
1152;2021.05.17 11:30;4;13,25;12,75;12,375;477;202;0;
1153;2021.05.17 11:45;4;13,375;12,75;12,4375;477;202;0;
1154;2021.05.17 12:00;4;13,375;12,875;12,5;478;202;0;
1155;2021.05.17 12:15;4;13,4375;12,875;12,5;478;202;0;
1156;2021.05.17 12:30;4;13,5;12,9375;12,5;478;202;0;
1157;2021.05.17 12:45;4;13,5;13;12,5625;478;202;0;
1158;2021.05.17 13:00;4;13,625;13;12,625;478;202;0;
1159;2021.05.17 13:15;4;13,625;13,125;12,625;479;202;0;
1160;2021.05.17 13:30;4;13,6875;13,125;12,625;479;202;0;
1161;2021.05.17 13:45;4;13,75;13,1875;12,6875;479;202;0;
1162;2021.05.17 14:00;4;13,8125;13,25;12,75;479;202;0;
1163;2021.05.17 14:15;4;13,875;13,25;12,75;479;202;0;
1164;2021.05.17 14:30;4;13,875;13,375;12,75;480;202;0;
1165;2021.05.17 14:45;4;14;13,375;12,8125;480;202;0;
1166;2021.05.17 15:00;4;14;13,375;12,875;480;202;0;
1167;2021.05.17 15:15;4;14,0625;13,5;12,875;480;202;0;
1168;2021.05.17 15:30;4;14,125;13,5;12,875;480;202;0;
1169;2021.05.17 15:45;4;14,125;13,5;12,9375;480;202;0;
1170;2021.05.17 16:00;4;14,1875;13,5625;12,9375;481;202;0;
1171;2021.05.17 16:15;4;14,25;13,625;13;481;202;0;
1172;2021.05.17 16:30;4;14,25;13,625;13;481;202;0;
1173;2021.05.17 16:45;4;14,25;13,6875;13;481;202;0;
1174;2021.05.17 17:00;4;14,3125;13,75;13,0625;481;202;0;
1175;2021.05.17 17:15;4;14,375;13,75;13,0625;481;202;0;
1176;2021.05.17 17:30;4;14,375;13,75;13,125;481;202;0;
1177;2021.05.17 17:45;4;14,375;13,8125;13,125;481;202;0;
1178;2021.05.17 18:00;4;14,375;13,875;13,125;481;202;0;
1179;2021.05.17 18:15;4;14,375;13,875;13,125;481;202;0;
1180;2021.05.17 18:30;4;14,375;13,875;13,125;481;202;0;
1181;2021.05.17 18:45;4;14,375;13,875;13,125;481;202;0;
1182;2021.05.17 19:00;4;14,375;13,875;13,125;481;202;0;
1183;2021.05.17 19:15;4;14,3125;13,875;13,125;481;202;0;
1184;2021.05.17 19:30;4;14,25;13,875;13,125;481;202;0;
1185;2021.05.17 19:45;4;14,25;13,875;13,125;480;202;0;
1186;2021.05.17 20:00;4;14,1875;13,8125;13,125;480;202;0;
1187;2021.05.17 20:15;4;14,125;13,75;13,125;480;202;0;
1188;2021.05.17 20:30;4;14;13,75;13,125;480;202;0;
1189;2021.05.17 20:45;4;13,875;13,6875;13;479;202;0;
1190;2021.05.17 21:00;4;13,75;13,625;13;479;202;0;
1191;2021.05.17 21:15;4;13,6875;13,5;13;478;202;0;
1192;2021.05.17 21:30;4;13,625;13,4375;12,875;478;202;0;
1193;2021.05.17 21:45;4;13,5;13,375;12,875;477;202;0;
1194;2021.05.17 22:00;4;13,4375;13,3125;12,875;477;202;0;
1195;2021.05.17 22:15;4;13,375;13,25;12,75;477;202;0;
1196;2021.05.17 22:30;4;13,25;13,125;12,75;476;202;0;
1197;2021.05.17 22:45;4;13,125;13,125;12,6875;476;202;0;
1198;2021.05.17 23:00;4;13,125;13;12,625;475;202;0;
1199;2021.05.17 23:15;4;13;12,9375;12,625;475;202;0;
1200;2021.05.17 23:30;4;12,9375;12,875;12,5625;475;202;0;
1201;2021.05.17 23:45;4;12,875;12,8125;12,5;474;202;0;
1202;2021.05.18 00:00;4;12,8125;12,75;12,5;474;202;0;
1203;2021.05.18 00:15;4;12,75;12,6875;12,4375;474;202;0;
1204;2021.05.18 00:30;4;12,6875;12,625;12,375;474;202;0;
1205;2021.05.18 00:45;4;12,625;12,5625;12,375;473;202;0;
1206;2021.05.18 01:00;4;12,5625;12,5;12,375;473;202;0;
1207;2021.05.18 01:15;4;12,5;12,5;12,3125;473;202;0;
1208;2021.05.18 01:30;4;12,5;12,375;12,25;473;202;0;
1209;2021.05.18 01:45;4;12,375;12,375;12,25;473;202;0;
1210;2021.05.18 02:00;4;12,375;12,3125;12,25;473;202;0;
1211;2021.05.18 02:15;4;12,3125;12,25;12,1875;473;202;0;
1212;2021.05.18 02:30;4;12,3125;12,25;12,125;472;202;0;
1213;2021.05.18 02:45;4;12,25;12,25;12,125;472;202;0;
1214;2021.05.18 03:00;4;12,25;12,125;12,125;472;202;0;
1215;2021.05.18 03:15;4;12,125;12,125;12,0625;472;202;0;
1216;2021.05.18 03:30;4;12,125;12,125;12;472;202;0;
1217;2021.05.18 03:45;4;12;12;12;472;202;0;
1218;2021.05.18 04:00;4;11,875;12;11,875;471;202;0;
1219;2021.05.18 04:15;4;11,8125;11,875;11,875;471;202;0;
1220;2021.05.18 04:30;4;11,75;11,8125;11,8125;470;202;0;
1221;2021.05.18 04:45;4;11,625;11,75;11,75;470;202;0;
1222;2021.05.18 05:00;4;11,625;11,625;11,75;470;202;0;
1223;2021.05.18 05:15;4;11,875;11,75;11,8125;470;202;0;
1224;2021.05.18 05:30;4;12,125;11,875;11,875;471;202;0;
1225;2021.05.18 05:45;4;12,25;12;11,875;472;202;0;
1226;2021.05.18 06:00;4;12,25;12,125;11,9375;472;202;0;
1227;2021.05.18 06:15;4;12,3125;12,125;11,875;473;202;0;
1228;2021.05.18 06:30;4;12,3125;12,125;11,875;472;202;0;
1229;2021.05.18 06:45;4;12,3125;12,125;11,875;472;202;0;
1230;2021.05.18 07:00;4;12,25;12,125;11,875;472;202;0;
1231;2021.05.18 07:15;4;12,25;12,125;11,875;472;202;0;
1232;2021.05.18 07:30;4;12,25;12,125;11,875;472;202;0;
1233;2021.05.18 07:45;4;12,25;12,125;11,875;471;202;0;
1234;2021.05.18 08:00;4;12,25;12,0625;11,875;471;202;0;
1235;2021.05.18 08:15;4;12,25;12,0625;11,875;471;202;0;
1236;2021.05.18 08:30;4;12,25;12,0625;11,875;471;202;0;
1237;2021.05.18 08:45;4;12,25;12,0625;11,875;471;202;0;
1238;2021.05.18 09:00;4;12,25;12,0625;11,875;471;202;0;
1239;2021.05.18 09:15;4;12,25;12,0625;11,875;471;202;0;
1240;2021.05.18 09:30;4;12,25;12,0625;11,9375;471;202;0;
1241;2021.05.18 09:45;4;12,3125;12,0625;11,9375;471;202;0;
1242;2021.05.18 10:00;4;12,375;12,125;11,9375;471;202;0;
1243;2021.05.18 10:15;4;12,375;12,125;12;471;202;0;
1244;2021.05.18 10:30;4;12,4375;12,125;12;472;202;0;
1245;2021.05.18 10:45;4;12,5;12,125;12;472;202;0;
1246;2021.05.18 11:00;4;12,5;12,1875;12;472;202;0;
1247;2021.05.18 11:15;4;12,625;12,25;12,0625;473;202;0;
1248;2021.05.18 11:30;4;12,6875;12,25;12,125;473;202;0;
1249;2021.05.18 11:45;4;12,75;12,375;12,125;474;202;0;
1250;2021.05.18 12:00;4;12,875;12,375;12,1875;474;202;0;
1251;2021.05.18 12:15;4;13;12,5;12,25;475;202;0;
1252;2021.05.18 12:30;4;13,125;12,5625;12,25;475;202;0;
1253;2021.05.18 12:45;4;13,25;12,625;12,375;476;202;0;
1254;2021.05.18 13:00;4;13,375;12,75;12,375;477;202;0;
1255;2021.05.18 13:15;4;13,5;12,875;12,5;477;202;0;
1256;2021.05.18 13:30;4;13,5625;12,9375;12,5;478;202;0;
1257;2021.05.18 13:45;4;13,625;13;12,625;478;202;0;
1258;2021.05.18 14:00;4;13,6875;13,125;12,625;479;202;0;
1259;2021.05.18 14:15;4;13,75;13,125;12,75;480;202;0;
1260;2021.05.18 14:30;4;13,8125;13,25;12,9375;480;202;0;
1261;2021.05.18 14:45;4;13,875;13,3125;13;480;202;0;
1262;2021.05.18 15:00;4;13,875;13,375;13;481;202;0;
1263;2021.05.18 15:15;4;13,9375;13,4375;13,0625;481;202;0;
1264;2021.05.18 15:30;4;14;13,5;13,125;481;202;0;
1265;2021.05.18 15:45;4;14;13,5;13,125;481;202;0;
1266;2021.05.18 16:00;4;14;13,5625;13,125;481;202;0;
1267;2021.05.18 16:15;4;14;13,625;13,125;481;202;0;
1268;2021.05.18 16:30;4;14;13,625;13,125;481;202;0;
1269;2021.05.18 16:45;4;14;13,625;13,1875;481;202;0;
1270;2021.05.18 17:00;4;14;13,625;13,1875;481;202;0;
1271;2021.05.18 17:15;4;14;13,625;13,1875;481;202;0;
1272;2021.05.18 17:30;4;14;13,625;13,1875;481;202;0;
1273;2021.05.18 17:45;4;14;13,625;13,1875;481;202;0;
1274;2021.05.18 18:00;4;14;13,625;13,1875;481;202;0;
1275;2021.05.18 18:15;4;14;13,625;13,1875;481;202;0;
1276;2021.05.18 18:30;4;13,9375;13,625;13,125;481;202;0;
1277;2021.05.18 18:45;4;13,875;13,625;13,125;480;202;0;
1278;2021.05.18 19:00;4;13,875;13,625;13,125;480;202;0;
1279;2021.05.18 19:15;4;13,75;13,5625;13,125;480;202;0;
1280;2021.05.18 19:30;4;13,75;13,5;13,0625;480;202;0;
1281;2021.05.18 19:45;4;13,625;13,5;13;479;202;0;
1282;2021.05.18 20:00;4;13,5625;13,375;13;479;202;0;
1283;2021.05.18 20:15;4;13,5;13,375;12,9375;478;202;0;
1284;2021.05.18 20:30;4;13,4375;13,3125;12,875;478;202;0;
1285;2021.05.18 20:45;4;13,375;13,25;12,8125;478;202;0;
1286;2021.05.18 21:00;4;13,25;13,125;12,75;477;202;0;
1287;2021.05.18 21:15;4;13,1875;13,125;12,75;477;202;0;
1288;2021.05.18 21:30;4;13,125;13;12,625;476;202;0;
1289;2021.05.18 21:45;4;13;12,9375;12,625;476;202;0;
1290;2021.05.18 22:00;4;12,9375;12,875;12,5;475;202;0;
1291;2021.05.18 22:15;4;12,875;12,75;12,5;475;202;0;
1292;2021.05.18 22:30;4;12,75;12,6875;12,4375;475;202;0;
1293;2021.05.18 22:45;4;12,6875;12,625;12,375;474;202;0;
1294;2021.05.18 23:00;4;12,625;12,5625;12,3125;474;202;0;
1295;2021.05.18 23:15;4;12,5;12,5;12,25;473;202;0;
1296;2021.05.18 23:30;4;12,4375;12,375;12,25;473;202;0;
1297;2021.05.18 23:45;4;12,375;12,375;12,1875;473;202;0;
1298;2021.05.19 00:00;4;12,375;12,25;12,125;472;202;0;
1299;2021.05.19 00:15;4;12,25;12,25;12,125;472;202;0;
1300;2021.05.19 00:30;4;12,25;12,1875;12,0625;472;202;0;
1301;2021.05.19 00:45;4;12,125;12,125;12;471;202;0;
1302;2021.05.19 01:00;4;12,125;12,0625;12;471;202;0;
1303;2021.05.19 01:15;4;12;12;11,9375;471;202;0;
1304;2021.05.19 01:30;4;12;12;11,875;471;202;0;
1305;2021.05.19 01:45;4;11,9375;11,875;11,875;470;202;0;
1306;2021.05.19 02:00;4;11,875;11,875;11,875;470;202;0;
1307;2021.05.19 02:15;4;11,875;11,8125;11,8125;470;202;0;
1308;2021.05.19 02:30;4;11,75;11,75;11,75;470;202;0;
1309;2021.05.19 02:45;4;11,75;11,75;11,75;470;202;0;
1310;2021.05.19 03:00;4;11,6875;11,6875;11,6875;469;202;0;
1311;2021.05.19 03:15;4;11,625;11,625;11,625;469;202;0;
1312;2021.05.19 03:30;4;11,625;11,625;11,625;469;202;0;
1313;2021.05.19 03:45;4;11,5625;11,5;11,625;469;202;0;
1314;2021.05.19 04:00;4;11,5;11,5;11,5625;469;202;0;
1315;2021.05.19 04:15;4;11,5;11,4375;11,5;468;202;0;
1316;2021.05.19 04:30;4;11,375;11,375;11,5;468;202;0;
1317;2021.05.19 04:45;4;11,375;11,375;11,5;468;202;0;
1318;2021.05.19 05:00;4;11,375;11,375;11,4375;468;202;0;
1319;2021.05.19 05:15;4;11,3125;11,3125;11,375;468;202;0;
1320;2021.05.19 05:30;4;11,25;11,25;11,375;468;202;0;
1321;2021.05.19 05:45;4;11,25;11,25;11,375;467;202;0;
1322;2021.05.19 06:00;4;11,25;11,1875;11,375;467;202;0;
1323;2021.05.19 06:15;4;11,1875;11,125;11,3125;467;202;0;
1324;2021.05.19 06:30;4;11,1875;11,125;11,25;467;202;0;
1325;2021.05.19 06:45;4;11,1875;11,125;11,25;467;202;0;
1326;2021.05.19 07:00;4;11,1875;11,125;11,25;467;202;0;
1327;2021.05.19 07:15;4;11,25;11,125;11,25;468;202;0;
1328;2021.05.19 07:30;4;11,25;11,125;11,3125;468;202;0;
1329;2021.05.19 07:45;4;11,3125;11,125;11,3125;468;202;0;
1330;2021.05.19 08:00;4;11,375;11,125;11,375;468;202;0;
1331;2021.05.19 08:15;4;11,375;11,1875;11,375;469;202;0;
1332;2021.05.19 08:30;4;11,5;11,25;11,375;469;202;0;
1333;2021.05.19 08:45;4;11,5;11,25;11,375;470;202;0;
1334;2021.05.19 09:00;4;11,5625;11,25;11,375;470;202;0;
1335;2021.05.19 09:15;4;11,625;11,375;11,4375;470;202;0;
1336;2021.05.19 09:30;4;11,625;11,375;11,5;470;202;0;
1337;2021.05.19 09:45;4;11,625;11,375;11,5;471;202;0;
1338;2021.05.19 10:00;4;11,6875;11,4375;11,5;471;202;0;
1339;2021.05.19 10:15;4;11,75;11,5;11,5;471;202;0;
1340;2021.05.19 10:30;4;11,75;11,5;11,5;471;202;0;
1341;2021.05.19 10:45;4;11,75;11,5;11,5625;472;202;0;
1342;2021.05.19 11:00;4;11,8125;11,5625;11,625;472;202;0;
1343;2021.05.19 11:15;4;11,875;11,625;11,625;472;202;0;
1344;2021.05.19 11:30;4;11,9375;11,625;11,625;473;202;0;
1345;2021.05.19 11:45;4;12;11,625;11,625;473;202;0;
1346;2021.05.19 12:00;4;12;11,75;11,6875;473;202;0;
1347;2021.05.19 12:15;4;12,125;11,75;11,75;474;202;0;
1348;2021.05.19 12:30;4;12,125;11,75;11,75;474;202;0;
1349;2021.05.19 12:45;4;12,25;11,875;11,75;474;202;0;
1350;2021.05.19 13:00;4;12,25;11,875;11,8125;475;202;0;
1351;2021.05.19 13:15;4;12,375;11,9375;11,875;475;202;0;
1352;2021.05.19 13:30;4;12,4375;12;11,875;476;202;0;
1353;2021.05.19 13:45;4;12,5;12,0625;11,9375;476;202;0;
1354;2021.05.19 14:00;4;12,5625;12,125;12;476;202;0;
1355;2021.05.19 14:15;4;12,625;12,125;12;477;202;0;
1356;2021.05.19 14:30;4;12,6875;12,25;12,0625;477;202;0;
1357;2021.05.19 14:45;4;12,75;12,25;12,125;478;202;0;
1358;2021.05.19 15:00;4;12,8125;12,375;12,125;478;202;0;
1359;2021.05.19 15:15;4;12,875;12,375;12,1875;478;202;0;
1360;2021.05.19 15:30;4;12,875;12,4375;12,25;478;202;0;
1361;2021.05.19 15:45;4;13;12,5;12,25;479;202;0;
1362;2021.05.19 16:00;4;13;12,5625;12,25;479;202;0;
1363;2021.05.19 16:15;4;13,0625;12,625;12,3125;479;202;0;
1364;2021.05.19 16:30;4;13,125;12,625;12,375;479;202;0;
1365;2021.05.19 16:45;4;13,125;12,6875;12,375;479;202;0;
1366;2021.05.19 17:00;4;13,125;12,75;12,375;479;202;0;
1367;2021.05.19 17:15;4;13,125;12,75;12,375;479;202;0;
1368;2021.05.19 17:30;4;13,0625;12,75;12,375;479;202;0;
1369;2021.05.19 17:45;4;13;12,75;12,375;479;202;0;
1370;2021.05.19 18:00;4;13;12,75;12,375;479;202;0;
1371;2021.05.19 18:15;4;12,9375;12,6875;12,375;479;202;0;
1372;2021.05.19 18:30;4;12,875;12,6875;12,375;478;202;0;
1373;2021.05.19 18:45;4;12,875;12,625;12,3125;478;202;0;
1374;2021.05.19 19:00;4;12,8125;12,625;12,3125;478;202;0;
1375;2021.05.19 19:15;4;12,75;12,5625;12,25;477;202;0;
1376;2021.05.19 19:30;4;12,75;12,5;12,25;477;202;0;
1377;2021.05.19 19:45;4;12,625;12,5;12,25;477;202;0;
1378;2021.05.19 20:00;4;12,625;12,5;12,1875;476;202;0;
1379;2021.05.19 20:15;4;12,5;12,375;12,125;476;202;0;
1380;2021.05.19 20:30;4;12,5;12,375;12,125;476;202;0;
1381;2021.05.19 20:45;4;12,375;12,3125;12,125;475;202;0;
1382;2021.05.19 21:00;4;12,375;12,25;12;475;202;0;
1383;2021.05.19 21:15;4;12,25;12,1875;12;474;202;0;
1384;2021.05.19 21:30;4;12,25;12,125;11,9375;474;202;0;
1385;2021.05.19 21:45;4;12,125;12,0625;11,875;474;202;0;
1386;2021.05.19 22:00;4;12,0625;12;11,875;473;202;0;
1387;2021.05.19 22:15;4;12;11,9375;11,8125;473;202;0;
1388;2021.05.19 22:30;4;11,875;11,875;11,75;472;202;0;
1389;2021.05.19 22:45;4;11,875;11,8125;11,75;472;202;0;
1390;2021.05.19 23:00;4;11,75;11,75;11,625;472;202;0;
1391;2021.05.19 23:15;4;11,75;11,6875;11,625;471;202;0;
1392;2021.05.19 23:30;4;11,625;11,625;11,625;471;202;0;
1393;2021.05.19 23:45;4;11,625;11,5625;11,5625;471;202;0;
1394;2021.05.20 00:00;4;11,5625;11,5;11,5;470;202;0;
1395;2021.05.20 00:15;4;11,5;11,5;11,5;470;202;0;
1396;2021.05.20 00:30;4;11,4375;11,375;11,4375;470;202;0;
1397;2021.05.20 00:45;4;11,375;11,375;11,375;469;202;0;
1398;2021.05.20 01:00;4;11,3125;11,3125;11,375;469;202;0;
1399;2021.05.20 01:15;4;11,25;11,25;11,25;469;202;0;
1400;2021.05.20 01:30;4;11,125;11,1875;11,25;468;202;0;
1401;2021.05.20 01:45;4;11,125;11,125;11,125;468;202;0;
1402;2021.05.20 02:00;4;11;11;11,125;467;202;0;
1403;2021.05.20 02:15;4;10,875;11;11;467;202;0;
1404;2021.05.20 02:30;4;10,8125;10,875;11;466;202;0;
1405;2021.05.20 02:45;4;10,75;10,8125;10,875;466;202;0;
1406;2021.05.20 03:00;4;10,625;10,75;10,875;466;202;0;
1407;2021.05.20 03:15;4;10,625;10,625;10,8125;465;202;0;
1408;2021.05.20 03:30;4;10,5;10,625;10,75;465;202;0;
1409;2021.05.20 03:45;4;10,5;10,5;10,75;465;202;0;
1410;2021.05.20 04:00;4;10,4375;10,5;10,75;465;202;0;
1411;2021.05.20 04:15;4;10,375;10,4375;10,6875;464;202;0;
1412;2021.05.20 04:30;4;10,375;10,375;10,625;464;202;0;
1413;2021.05.20 04:45;4;10,3125;10,375;10,625;464;202;0;
1414;2021.05.20 05:00;4;10,25;10,3125;10,625;464;202;0;
1415;2021.05.20 05:15;4;10,25;10,25;10,5625;464;202;0;
1416;2021.05.20 05:30;4;10,25;10,25;10,5;464;202;0;
1417;2021.05.20 05:45;4;10,1875;10,25;10,5;463;202;0;
1418;2021.05.20 06:00;4;10,125;10,1875;10,5;463;202;0;
1419;2021.05.20 06:15;4;10,125;10,125;10,5;463;202;0;
1420;2021.05.20 06:30;4;10,125;10,125;10,5;463;202;0;
1421;2021.05.20 06:45;4;10,125;10,125;10,5;463;202;0;
1422;2021.05.20 07:00;4;10,125;10,125;10,5;463;202;0;
1423;2021.05.20 07:15;4;10,125;10,125;10,5;464;202;0;
1424;2021.05.20 07:30;4;10,1875;10,125;10,5;464;202;0;
1425;2021.05.20 07:45;4;10,25;10,125;10,5;464;202;0;
1426;2021.05.20 08:00;4;10,25;10,125;10,5;464;202;0;
1427;2021.05.20 08:15;4;10,375;10,1875;10,5;465;202;0;
1428;2021.05.20 08:30;4;10,375;10,25;10,5;465;202;0;
1429;2021.05.20 08:45;4;10,5;10,25;10,5625;466;202;0;
1430;2021.05.20 09:00;4;10,5625;10,3125;10,625;466;202;0;
1431;2021.05.20 09:15;4;10,625;10,375;10,625;467;202;0;
1432;2021.05.20 09:30;4;10,75;10,375;10,6875;467;202;0;
1433;2021.05.20 09:45;4;10,8125;10,5;10,75;468;202;0;
1434;2021.05.20 10:00;4;10,9375;10,5625;10,75;468;202;0;
1435;2021.05.20 10:15;4;11,0625;10,625;10,875;469;202;0;
1436;2021.05.20 10:30;4;11,25;10,75;10,875;470;202;0;
1437;2021.05.20 10:45;4;11,375;10,875;11;471;202;0;
1438;2021.05.20 11:00;4;11,5625;11;11,0625;472;202;0;
1439;2021.05.20 11:15;4;11,75;11,125;11,125;473;202;0;
1440;2021.05.20 11:30;4;11,9375;11,25;11,25;474;202;0;
1441;2021.05.20 11:45;4;12,125;11,375;11,375;475;202;0;
1442;2021.05.20 12:00;4;12,25;11,5;11,4375;476;202;0;
1443;2021.05.20 12:15;4;12,375;11,625;11,5;477;202;0;
1444;2021.05.20 12:30;4;12,5;11,75;11,625;478;202;0;
1445;2021.05.20 12:45;4;12,625;11,875;11,6875;479;202;0;
1446;2021.05.20 13:00;4;12,75;12;11,75;479;202;0;
1447;2021.05.20 13:15;4;12,875;12,125;11,875;480;202;0;
1448;2021.05.20 13:30;4;13;12,25;12;481;202;0;
1449;2021.05.20 13:45;4;13,125;12,375;12;481;202;0;
1450;2021.05.20 14:00;4;13,25;12,4375;12,125;482;202;0;
1451;2021.05.20 14:15;4;13,375;12,5625;12,1875;483;202;0;
1452;2021.05.20 14:30;4;13,5;12,625;12,25;483;202;0;
1453;2021.05.20 14:45;4;13,625;12,75;12,375;484;202;0;
1454;2021.05.20 15:00;4;13,6875;12,875;12,375;484;202;0;
1455;2021.05.20 15:15;4;13,8125;13;12,5;485;202;0;
1456;2021.05.20 15:30;4;13,9375;13,0625;12,5625;485;202;0;
1457;2021.05.20 15:45;4;14;13,1875;12,625;486;202;0;
1458;2021.05.20 16:00;4;14,125;13,25;12,75;486;202;0;
1459;2021.05.20 16:15;4;14,25;13,375;12,8125;487;202;0;
1460;2021.05.20 16:30;4;14,375;13,5;12,875;487;202;0;
1461;2021.05.20 16:45;4;14,5;13,625;13;488;202;0;
1462;2021.05.20 17:00;4;14,5625;13,6875;13;488;202;0;
1463;2021.05.20 17:15;4;14,625;13,75;13,125;488;202;0;
1464;2021.05.20 17:30;4;14,6875;13,875;13,125;489;202;0;
1465;2021.05.20 17:45;4;14,75;13,9375;13,1875;489;202;0;
1466;2021.05.20 18:00;4;14,75;14;13,25;489;202;0;
1467;2021.05.20 18:15;4;14,75;14,0625;13,25;489;202;0;
1468;2021.05.20 18:30;4;14,75;14,125;13,3125;489;202;0;
1469;2021.05.20 18:45;4;14,75;14,125;13,375;489;202;0;
1470;2021.05.20 19:00;4;14,75;14,125;13,375;488;202;0;
1471;2021.05.20 19:15;4;14,75;14,125;13,375;488;202;0;
1472;2021.05.20 19:30;4;14,75;14,1875;13,375;488;202;0;
1473;2021.05.20 19:45;4;14,6875;14,125;13,375;488;202;0;
1474;2021.05.20 20:00;4;14,625;14,125;13,375;487;202;0;
1475;2021.05.20 20:15;4;14,625;14,125;13,375;487;202;0;
1476;2021.05.20 20:30;4;14,5625;14,125;13,375;487;202;0;
1477;2021.05.20 20:45;4;14,5;14,125;13,3125;486;202;0;
1478;2021.05.20 21:00;4;14,4375;14,0625;13,3125;486;202;0;
1479;2021.05.20 21:15;4;14,375;14;13,25;485;202;0;
1480;2021.05.20 21:30;4;14,3125;14;13,25;485;202;0;
1481;2021.05.20 21:45;4;14,25;13,875;13,25;484;202;0;
1482;2021.05.20 22:00;4;14,125;13,875;13,1875;484;202;0;
1483;2021.05.20 22:15;4;14,125;13,8125;13,125;484;202;0;
1484;2021.05.20 22:30;4;14;13,75;13,125;483;202;0;
1485;2021.05.20 22:45;4;14;13,6875;13,125;483;202;0;
1486;2021.05.20 23:00;4;13,875;13,625;13,0625;482;202;0;
1487;2021.05.20 23:15;4;13,875;13,625;13;482;202;0;
1488;2021.05.20 23:30;4;13,8125;13,5;13;482;202;0;
1489;2021.05.20 23:45;4;13,75;13,5;13;481;202;0;
1490;2021.05.21 00:00;4;13,75;13,5;12,9375;481;202;0;
1491;2021.05.21 00:15;4;13,625;13,375;12,875;481;202;0;
1492;2021.05.21 00:30;4;13,625;13,375;12,875;480;202;0;
1493;2021.05.21 00:45;4;13,5625;13,3125;12,875;480;202;0;
1494;2021.05.21 01:00;4;13,5;13,25;12,875;480;202;0;
1495;2021.05.21 01:15;4;13,5;13,25;12,8125;479;202;0;
1496;2021.05.21 01:30;4;13,375;13,25;12,75;479;202;0;
1497;2021.05.21 01:45;4;13,375;13,125;12,75;479;202;0;
1498;2021.05.21 02:00;4;13,375;13,125;12,75;479;202;0;
1499;2021.05.21 02:15;4;13,3125;13,125;12,75;479;202;0;
1500;2021.05.21 02:30;4;13,25;13,0625;12,75;479;202;0;
1501;2021.05.21 02:45;4;13,25;13;12,6875;478;202;0;
1502;2021.05.21 03:00;4;13,25;13;12,6875;478;202;0;
1503;2021.05.21 03:15;4;13,25;13;12,6875;478;202;0;
1504;2021.05.21 03:30;4;13,1875;13;12,625;478;202;0;
1505;2021.05.21 03:45;4;13,1875;13;12,625;478;202;0;
1506;2021.05.21 04:00;4;13,125;12,9375;12,625;478;202;0;
1507;2021.05.21 04:15;4;13,125;12,9375;12,625;478;202;0;
1508;2021.05.21 04:30;4;13,125;12,875;12,625;478;202;0;
1509;2021.05.21 04:45;4;13,0625;12,875;12,5625;478;202;0;
1510;2021.05.21 05:00;4;13;12,875;12,5625;477;202;0;
1511;2021.05.21 05:15;4;13;12,8125;12,5;477;202;0;
1512;2021.05.21 05:30;4;13;12,75;12,5;477;202;0;
1513;2021.05.21 05:45;4;13;12,75;12,5;477;202;0;
1514;2021.05.21 06:00;4;12,9375;12,75;12,5;477;202;0;
1515;2021.05.21 06:15;4;12,9375;12,75;12,5;477;202;0;
1516;2021.05.21 06:30;4;12,9375;12,75;12,5;477;202;0;
1517;2021.05.21 06:45;4;12,9375;12,75;12,5;477;202;0;
1518;2021.05.21 07:00;4;12,9375;12,75;12,5;477;202;0;
1519;2021.05.21 07:15;4;13;12,75;12,5;477;202;0;
1520;2021.05.21 07:30;4;13;12,75;12,5;478;202;0;
1521;2021.05.21 07:45;4;13;12,75;12,5;478;202;0;
1522;2021.05.21 08:00;4;13,0625;12,75;12,5;478;202;0;
1523;2021.05.21 08:15;4;13,125;12,75;12,5;478;202;0;
1524;2021.05.21 08:30;4;13,125;12,75;12,5;479;202;0;
1525;2021.05.21 08:45;4;13,1875;12,8125;12,5;479;202;0;
1526;2021.05.21 09:00;4;13,25;12,875;12,5625;479;202;0;
1527;2021.05.21 09:15;4;13,3125;12,875;12,625;480;202;0;
1528;2021.05.21 09:30;4;13,375;12,9375;12,625;480;202;0;
1529;2021.05.21 09:45;4;13,5;13;12,625;481;202;0;
1530;2021.05.21 10:00;4;13,5625;13;12,6875;481;202;0;
1531;2021.05.21 10:15;4;13,625;13,125;12,75;482;202;0;
1532;2021.05.21 10:30;4;13,75;13,125;12,75;482;202;0;
1533;2021.05.21 10:45;4;13,8125;13,25;12,875;483;202;0;
1534;2021.05.21 11:00;4;13,875;13,25;12,875;483;202;0;
1535;2021.05.21 11:15;4;14;13,375;12,9375;484;202;0;
1536;2021.05.21 11:30;4;14,0625;13,4375;13;484;202;0;
1537;2021.05.21 11:45;4;14,125;13,5;13;485;202;0;
1538;2021.05.21 12:00;4;14,1875;13,5625;13,0625;485;202;0;
1539;2021.05.21 12:15;4;14,25;13,625;13,125;486;202;0;
1540;2021.05.21 12:30;4;14,375;13,6875;13,125;486;202;0;
1541;2021.05.21 12:45;4;14,4375;13,75;13,25;487;202;0;
1542;2021.05.21 13:00;4;14,5;13,875;13,25;487;202;0;
1543;2021.05.21 13:15;4;14,625;13,875;13,3125;488;202;0;
1544;2021.05.21 13:30;4;14,75;14;13,375;488;202;0;
1545;2021.05.21 13:45;4;14,8125;14,0625;13,4375;489;202;0;
1546;2021.05.21 14:00;4;14,875;14,125;13,5;489;202;0;
1547;2021.05.21 14:15;4;15;14,25;13,5;490;202;0;
1548;2021.05.21 14:30;4;15;14,25;13,625;490;202;0;
1549;2021.05.21 14:45;4;15,125;14,375;13,625;491;202;0;
1550;2021.05.21 15:00;4;15,125;14,375;13,6875;491;202;0;
1551;2021.05.21 15:15;4;15,25;14,5;13,75;491;202;0;
1552;2021.05.21 15:30;4;15,25;14,5;13,75;492;202;0;
1553;2021.05.21 15:45;4;15,375;14,625;13,8125;492;202;0;
1554;2021.05.21 16:00;4;15,375;14,625;13,875;492;202;0;
1555;2021.05.21 16:15;4;15,5;14,75;13,875;493;202;0;
1556;2021.05.21 16:30;4;15,5;14,8125;13,9375;493;202;0;
1557;2021.05.21 16:45;4;15,625;14,875;14;493;202;0;
1558;2021.05.21 17:00;4;15,625;14,875;14;494;202;0;
1559;2021.05.21 17:15;4;15,625;15;14,0625;494;202;0;
1560;2021.05.21 17:30;4;15,6875;15;14,125;494;202;0;
1561;2021.05.21 17:45;4;15,75;15,0625;14,125;494;202;0;
1562;2021.05.21 18:00;4;15,75;15,125;14,125;494;202;0;
1563;2021.05.21 18:15;4;15,75;15,125;14,1875;494;202;0;
1564;2021.05.21 18:30;4;15,75;15,125;14,25;494;202;0;
1565;2021.05.21 18:45;4;15,75;15,125;14,25;494;202;0;
1566;2021.05.21 19:00;4;15,75;15,1875;14,25;494;202;0;
1567;2021.05.21 19:15;4;15,75;15,1875;14,25;494;202;0;
1568;2021.05.21 19:30;4;15,75;15,25;14,25;494;202;0;
1569;2021.05.21 19:45;4;15,75;15,25;14,25;494;202;0;
1570;2021.05.21 20:00;4;15,75;15,25;14,3125;494;202;0;
1571;2021.05.21 20:15;4;15,75;15,25;14,3125;494;202;0;
1572;2021.05.21 20:30;4;15,75;15,25;14,3125;494;202;0;
1573;2021.05.21 20:45;4;15,75;15,25;14,3125;493;202;0;
1574;2021.05.21 21:00;4;15,75;15,25;14,3125;493;202;0;
1575;2021.05.21 21:15;4;15,75;15,25;14,3125;493;202;0;
1576;2021.05.21 21:30;4;15,6875;15,1875;14,3125;493;202;0;
1577;2021.05.21 21:45;4;15,6875;15,1875;14,3125;493;202;0;
1578;2021.05.21 22:00;4;15,6875;15,1875;14,3125;492;202;0;
1579;2021.05.21 22:15;4;15,625;15,125;14,25;492;202;0;
1580;2021.05.21 22:30;4;15,5;15,125;14,25;491;202;0;
1581;2021.05.21 22:45;4;15,4375;15,125;14,1875;491;202;0;
1582;2021.05.21 23:00;4;15,375;15;14,125;490;202;0;
1583;2021.05.21 23:15;4;15,25;15;14,125;490;202;0;
1584;2021.05.21 23:30;4;15,1875;14,875;14,125;489;202;0;
1585;2021.05.21 23:45;4;15,125;14,8125;14;489;202;0;
1586;2021.05.22 00:00;4;15;14,75;14;488;202;0;
1587;2021.05.22 00:15;4;14,9375;14,6875;13,9375;488;202;0;
1588;2021.05.22 00:30;4;14,875;14,625;13,875;487;202;0;
1589;2021.05.22 00:45;4;14,75;14,5;13,875;487;202;0;
1590;2021.05.22 01:00;4;14,625;14,4375;13,75;486;202;0;
1591;2021.05.22 01:15;4;14,5625;14,375;13,75;485;202;0;
1592;2021.05.22 01:30;4;14,4375;14,25;13,625;485;202;0;
1593;2021.05.22 01:45;4;14,375;14,1875;13,5625;484;202;0;
1594;2021.05.22 02:00;4;14,25;14,125;13,5;483;202;0;
1595;2021.05.22 02:15;4;14,125;14;13,4375;483;202;0;
1596;2021.05.22 02:30;4;14;13,875;13,375;482;202;0;
1597;2021.05.22 02:45;4;13,875;13,75;13,25;482;202;0;
1598;2021.05.22 03:00;4;13,75;13,6875;13,25;481;202;0;
1599;2021.05.22 03:15;4;13,625;13,625;13,125;480;202;0;
1600;2021.05.22 03:30;4;13,5625;13,5;13,0625;480;202;0;
1601;2021.05.22 03:45;4;13,4375;13,375;13;479;202;0;
1602;2021.05.22 04:00;4;13,375;13,25;12,9375;479;202;0;
1603;2021.05.22 04:15;4;13,25;13,1875;12,875;478;202;0;
1604;2021.05.22 04:30;4;13,125;13,125;12,8125;477;202;0;
1605;2021.05.22 04:45;4;13;13;12,75;477;202;0;
1606;2021.05.22 05:00;4;12,9375;12,9375;12,6875;476;202;0;
1607;2021.05.22 05:15;4;12,875;12,875;12,625;476;202;0;
1608;2021.05.22 05:30;4;12,8125;12,75;12,625;476;202;0;
1609;2021.05.22 05:45;4;12,75;12,6875;12,5625;475;202;0;
1610;2021.05.22 06:00;4;12,6875;12,625;12,5;475;202;0;
1611;2021.05.22 06:15;4;12,625;12,625;12,5;475;202;0;
1612;2021.05.22 06:30;4;12,625;12,5625;12,5;475;202;0;
1613;2021.05.22 06:45;4;12,625;12,5;12,4375;475;202;0;
1614;2021.05.22 07:00;4;12,625;12,5;12,4375;475;202;0;
1615;2021.05.22 07:15;4;12,5625;12,5;12,375;475;202;0;
1616;2021.05.22 07:30;4;12,625;12,5;12,375;475;202;0;
1617;2021.05.22 07:45;4;12,625;12,4375;12,375;475;202;0;
1618;2021.05.22 08:00;4;12,625;12,4375;12,4375;475;202;0;
1619;2021.05.22 08:15;4;12,6875;12,5;12,4375;475;202;0;
1620;2021.05.22 08:30;4;12,75;12,5;12,5;476;202;0;
1621;2021.05.22 08:45;4;12,875;12,5;12,5;476;202;0;
1622;2021.05.22 09:00;4;12,9375;12,5625;12,5;477;202;0;
1623;2021.05.22 09:15;4;13;12,625;12,5625;477;202;0;
1624;2021.05.22 09:30;4;13,125;12,6875;12,625;478;202;0;
1625;2021.05.22 09:45;4;13,25;12,75;12,625;478;202;0;
1626;2021.05.22 10:00;4;13,3125;12,875;12,75;479;202;0;
1627;2021.05.22 10:15;4;13,4375;12,875;12,75;480;202;0;
1628;2021.05.22 10:30;4;13,5625;13;12,8125;481;202;0;
1629;2021.05.22 10:45;4;13,625;13,125;12,875;481;202;0;
1630;2021.05.22 11:00;4;13,75;13,1875;12,9375;482;202;0;
1631;2021.05.22 11:15;4;13,875;13,25;13;483;202;0;
1632;2021.05.22 11:30;4;14;13,375;13,125;483;202;0;
1633;2021.05.22 11:45;4;14,1875;13,5;13,125;484;202;0;
1634;2021.05.22 12:00;4;14,3125;13,625;13,25;485;202;0;
1635;2021.05.22 12:15;4;14,4375;13,75;13,3125;486;202;0;
1636;2021.05.22 12:30;4;14,5625;13,8125;13,375;486;202;0;
1637;2021.05.22 12:45;4;14,75;13,9375;13,5;487;202;0;
1638;2021.05.22 13:00;4;14,875;14;13,5;488;202;0;
1639;2021.05.22 13:15;4;15;14,125;13,625;489;202;0;
1640;2021.05.22 13:30;4;15,125;14,25;13,75;489;202;0;
1641;2021.05.22 13:45;4;15,25;14,375;13,8125;490;202;0;
1642;2021.05.22 14:00;4;15,375;14,5;13,875;491;202;0;
1643;2021.05.22 14:15;4;15,5;14,625;14;492;202;0;
1644;2021.05.22 14:30;4;15,625;14,75;14,125;493;202;0;
1645;2021.05.22 14:45;4;15,75;14,875;14,25;493;202;0;
1646;2021.05.22 15:00;4;15,875;15;14,375;494;202;0;
1647;2021.05.22 15:15;4;15,9375;15,125;14,5;494;202;0;
1648;2021.05.22 15:30;4;16;15,25;14,5;494;202;0;
1649;2021.05.22 15:45;4;16,0625;15,25;14,5625;495;202;0;
1650;2021.05.22 16:00;4;16,125;15,375;14,625;495;202;0;
1651;2021.05.22 16:15;4;16,125;15,4375;14,625;495;202;0;
1652;2021.05.22 16:30;4;16,1875;15,5;14,625;495;202;0;
1653;2021.05.22 16:45;4;16,25;15,5;14,625;495;202;0;
1654;2021.05.22 17:00;4;16,25;15,5625;14,6875;495;202;0;
1655;2021.05.22 17:15;4;16,25;15,625;14,75;495;202;0;
1656;2021.05.22 17:30;4;16,25;15,625;14,75;495;202;0;
1657;2021.05.22 17:45;4;16,25;15,625;14,75;495;202;0;
1658;2021.05.22 18:00;4;16,25;15,625;14,75;495;202;0;
1659;2021.05.22 18:15;4;16,3125;15,6875;14,75;495;202;0;
1660;2021.05.22 18:30;4;16,3125;15,6875;14,75;495;202;0;
1661;2021.05.22 18:45;4;16,3125;15,75;14,75;495;202;0;
1662;2021.05.22 19:00;4;16,25;15,75;14,75;494;202;0;
1663;2021.05.22 19:15;4;16,25;15,75;14,75;494;202;0;
1664;2021.05.22 19:30;4;16,25;15,6875;14,75;494;202;0;
1665;2021.05.22 19:45;4;16,125;15,6875;14,75;494;202;0;
1666;2021.05.22 20:00;4;16,0625;15,625;14,6875;493;202;0;
1667;2021.05.22 20:15;4;16;15,5625;14,625;492;202;0;
1668;2021.05.22 20:30;4;15,875;15,5;14,625;492;202;0;
1669;2021.05.22 20:45;4;15,75;15,4375;14,5625;491;202;0;
1670;2021.05.22 21:00;4;15,6875;15,375;14,5;491;202;0;
1671;2021.05.22 21:15;4;15,625;15,3125;14,5;490;202;0;
1672;2021.05.22 21:30;4;15,5625;15,25;14,5;490;202;0;
1673;2021.05.22 21:45;4;15,5;15,1875;14,4375;489;202;0;
1674;2021.05.22 22:00;4;15,4375;15,125;14,375;489;202;0;
1675;2021.05.22 22:15;4;15,375;15,125;14,375;488;202;0;
1676;2021.05.22 22:30;4;15,3125;15;14,3125;488;202;0;
1677;2021.05.22 22:45;4;15,25;15;14,25;488;202;0;
1678;2021.05.22 23:00;4;15,1875;14,9375;14,25;487;202;0;
1679;2021.05.22 23:15;4;15,125;14,875;14,25;487;202;0;
1680;2021.05.22 23:30;4;15,125;14,8125;14,1875;487;202;0;
1681;2021.05.22 23:45;4;15;14,75;14,125;486;202;0;
1682;2021.05.23 00:00;4;15;14,75;14,125;486;202;0;
1683;2021.05.23 00:15;4;14,9375;14,6875;14,125;485;202;0;
1684;2021.05.23 00:30;4;14,875;14,625;14,0625;485;202;0;
1685;2021.05.23 00:45;4;14,875;14,625;14;485;202;0;
1686;2021.05.23 01:00;4;14,8125;14,5625;14;485;202;0;
1687;2021.05.23 01:15;4;14,75;14,5;14;484;202;0;
1688;2021.05.23 01:30;4;14,6875;14,5;13,9375;484;202;0;
1689;2021.05.23 01:45;4;14,625;14,375;13,875;484;202;0;
1690;2021.05.23 02:00;4;14,625;14,375;13,875;483;202;0;
1691;2021.05.23 02:15;4;14,5;14,3125;13,8125;483;202;0;
1692;2021.05.23 02:30;4;14,4375;14,25;13,75;482;202;0;
1693;2021.05.23 02:45;4;14,375;14,1875;13,75;482;202;0;
1694;2021.05.23 03:00;4;14,25;14,125;13,625;481;202;0;
1695;2021.05.23 03:15;4;14,1875;14;13,625;481;202;0;
1696;2021.05.23 03:30;4;14,125;14;13,5625;481;202;0;
1697;2021.05.23 03:45;4;14,0625;13,875;13,5;480;202;0;
1698;2021.05.23 04:00;4;14;13,8125;13,4375;480;202;0;
1699;2021.05.23 04:15;4;13,875;13,75;13,375;479;202;0;
1700;2021.05.23 04:30;4;13,8125;13,6875;13,375;479;202;0;
1701;2021.05.23 04:45;4;13,75;13,625;13,3125;478;202;0;
1702;2021.05.23 05:00;4;13,6875;13,5625;13,25;478;202;0;
1703;2021.05.23 05:15;4;13,625;13,5;13,25;478;202;0;
1704;2021.05.23 05:30;4;13,5625;13,4375;13,1875;477;202;0;
1705;2021.05.23 05:45;4;13,5;13,375;13,125;477;202;0;
1706;2021.05.23 06:00;4;13,5;13,375;13,125;477;202;0;
1707;2021.05.23 06:15;4;13,375;13,25;13,0625;477;202;0;
1708;2021.05.23 06:30;4;13,375;13,25;13;476;202;0;
1709;2021.05.23 06:45;4;13,3125;13,1875;13;476;202;0;
1710;2021.05.23 07:00;4;13,25;13,125;13;476;202;0;
1711;2021.05.23 07:15;4;13,25;13,125;13;475;202;0;
1712;2021.05.23 07:30;4;13,25;13,0625;12,9375;475;202;0;
1713;2021.05.23 07:45;4;13,1875;13;12,9375;475;202;0;
1714;2021.05.23 08:00;4;13,1875;13;12,9375;475;202;0;
1715;2021.05.23 08:15;4;13,25;13;12,9375;475;202;0;
1716;2021.05.23 08:30;4;13,25;13;12,9375;475;202;0;
1717;2021.05.23 08:45;4;13,25;13;12,9375;476;202;0;
1718;2021.05.23 09:00;4;13,3125;13,0625;13;476;202;0;
1719;2021.05.23 09:15;4;13,375;13,125;13;476;202;0;
1720;2021.05.23 09:30;4;13,4375;13,125;13;476;202;0;
1721;2021.05.23 09:45;4;13,5;13,125;13,0625;477;202;0;
1722;2021.05.23 10:00;4;13,5625;13,25;13,125;477;202;0;
1723;2021.05.23 10:15;4;13,625;13,25;13,125;477;202;0;
1724;2021.05.23 10:30;4;13,75;13,3125;13,125;478;202;0;
1725;2021.05.23 10:45;4;13,75;13,375;13,1875;478;202;0;
1726;2021.05.23 11:00;4;13,875;13,4375;13,25;479;202;0;
1727;2021.05.23 11:15;4;13,9375;13,5;13,25;479;202;0;
1728;2021.05.23 11:30;4;14;13,5625;13,375;480;202;0;
1729;2021.05.23 11:45;4;14,125;13,625;13,375;480;202;0;
1730;2021.05.23 12:00;4;14,25;13,6875;13,4375;481;202;0;
1731;2021.05.23 12:15;4;14,3125;13,75;13,5;481;202;0;
1732;2021.05.23 12:30;4;14,375;13,875;13,5625;482;202;0;
1733;2021.05.23 12:45;4;14,5;13,9375;13,625;482;202;0;
1734;2021.05.23 13:00;4;14,625;14;13,6875;483;202;0;
1735;2021.05.23 13:15;4;14,75;14,125;13,75;483;202;0;
1736;2021.05.23 13:30;4;14,8125;14,25;13,8125;484;202;0;
1737;2021.05.23 13:45;4;14,9375;14,25;13,875;484;202;0;
1738;2021.05.23 14:00;4;15;14,375;13,9375;485;202;0;
1739;2021.05.23 14:15;4;15,125;14,5;14;485;202;0;
1740;2021.05.23 14:30;4;15,25;14,5625;14,0625;486;202;0;
1741;2021.05.23 14:45;4;15,375;14,625;14,125;486;202;0;
1742;2021.05.23 15:00;4;15,5;14,75;14,25;487;202;0;
1743;2021.05.23 15:15;4;15,625;14,875;14,3125;488;202;0;
1744;2021.05.23 15:30;4;15,75;15;14,375;488;202;0;
1745;2021.05.23 15:45;4;15,875;15,125;14,75;489;202;0;
1746;2021.05.23 16:00;4;16;15,25;16,25;489;202;0;
1747;2021.05.23 16:15;4;16,125;15,4375;16,625;490;202;0;
1748;2021.05.23 16:30;4;16,375;15,6875;16,875;491;202;0;
1749;2021.05.23 16:45;4;16,625;15,9375;17,0625;492;202;0;
1750;2021.05.23 17:00;4;16,875;16,1875;17,25;494;202;0;
1751;2021.05.23 17:15;4;17;16,4375;17,375;495;202;0;
1752;2021.05.23 17:30;4;17,1875;16,625;17,5;495;202;0;
1753;2021.05.23 17:45;4;17,375;16,875;17,625;496;202;0;
1754;2021.05.23 18:00;4;17,5;17;17,75;497;202;0;
1755;2021.05.23 18:15;4;17,625;17,25;17,875;497;202;0;
1756;2021.05.23 18:30;4;17,75;17,375;17,875;498;202;0;
1757;2021.05.23 18:45;4;17,875;17,5;18;498;202;0;
1758;2021.05.23 19:00;4;17,875;17,625;18;498;202;0;
1759;2021.05.23 19:15;4;17,9375;17,6875;18;498;202;0;
1760;2021.05.23 19:30;4;18;17,75;17,9375;498;202;0;
1761;2021.05.23 19:45;4;17,9375;17,75;17,875;498;202;0;
1762;2021.05.23 20:00;4;17,875;17,75;17,75;498;202;0;
1763;2021.05.23 20:15;4;17,875;17,75;17,6875;497;202;0;
1764;2021.05.23 20:30;4;17,75;17,6875;17,5625;497;202;0;
1765;2021.05.23 20:45;4;17,6875;17,625;17,375;496;202;0;
1766;2021.05.23 21:00;4;17,625;17,5;17,25;495;202;0;
1767;2021.05.23 21:15;4;17,4375;17,375;17,125;494;202;0;
1768;2021.05.23 21:30;4;17,3125;17,25;16,875;494;202;0;
1769;2021.05.23 21:45;4;17,125;17,125;16,75;493;202;0;
1770;2021.05.23 22:00;4;17;17;16,5;491;202;0;
1771;2021.05.23 22:15;4;16,8125;16,8125;16,375;490;202;0;
1772;2021.05.23 22:30;4;16,625;16,625;16,25;489;202;0;
1773;2021.05.23 22:45;4;16,5;16,5;16;488;202;0;
1774;2021.05.23 23:00;4;16,25;16,3125;15,875;487;202;0;
1775;2021.05.23 23:15;4;16,125;16,125;15,75;486;202;0;
1776;2021.05.23 23:30;4;15,9375;16;15,5;485;202;0;
1777;2021.05.23 23:45;4;15,75;15,8125;15,375;484;202;0;
1778;2021.05.24 00:00;4;15,625;15,625;15,25;483;202;0;
1779;2021.05.24 00:15;4;15,4375;15,5;15,125;482;202;0;
1780;2021.05.24 00:30;4;15,25;15,375;15;481;202;0;
1781;2021.05.24 00:45;4;15,125;15,1875;14,875;480;202;0;
1782;2021.05.24 01:00;4;15;15,0625;14,75;479;202;0;
1783;2021.05.24 01:15;4;14,875;14,875;14,625;478;202;0;
1784;2021.05.24 01:30;4;14,75;14,75;14,5;478;202;0;
1785;2021.05.24 01:45;4;14,625;14,625;14,4375;477;202;0;
1786;2021.05.24 02:00;4;14,5;14,5625;14,375;476;202;0;
1787;2021.05.24 02:15;4;14,375;14,4375;14,25;476;202;0;
1788;2021.05.24 02:30;4;14,3125;14,375;14,25;475;202;0;
1789;2021.05.24 02:45;4;14,25;14,25;14,125;475;202;0;
1790;2021.05.24 03:00;4;14,125;14,1875;14,125;474;202;0;
1791;2021.05.24 03:15;4;14,125;14,125;14,0625;474;202;0;
1792;2021.05.24 03:30;4;14;14,0625;14;474;202;0;
1793;2021.05.24 03:45;4;14;14;14;473;202;0;
1794;2021.05.24 04:00;4;13,875;13,9375;13,875;473;202;0;
1795;2021.05.24 04:15;4;13,875;13,875;13,875;473;202;0;
1796;2021.05.24 04:30;4;13,8125;13,875;13,875;473;202;0;
1797;2021.05.24 04:45;4;13,75;13,75;13,75;472;202;0;
1798;2021.05.24 05:00;4;13,75;13,75;13,75;472;202;0;
1799;2021.05.24 05:15;4;13,6875;13,6875;13,6875;472;202;0;
1800;2021.05.24 05:30;4;13,625;13,625;13,625;472;202;0;
1801;2021.05.24 05:45;4;13,625;13,625;13,625;472;202;0;
1802;2021.05.24 06:00;4;13,5625;13,5625;13,5625;472;202;0;
1803;2021.05.24 06:15;4;13,5;13,5;13,5;471;202;0;
1804;2021.05.24 06:30;4;13,5;13,5;13,5;471;202;0;
1805;2021.05.24 06:45;4;13,5;13,5;13,5;471;202;0;
1806;2021.05.24 07:00;4;13,5;13,4375;13,5;471;202;0;
1807;2021.05.24 07:15;4;13,5;13,375;13,5;471;202;0;
1808;2021.05.24 07:30;4;13,5;13,375;13,5;471;202;0;
1809;2021.05.24 07:45;4;13,5;13,375;13,5;472;202;0;
1810;2021.05.24 08:00;4;13,5;13,375;13,5;472;202;0;
1811;2021.05.24 08:15;4;13,5;13,375;13,5;472;202;0;
1812;2021.05.24 08:30;4;13,5625;13,4375;13,5;472;202;0;
1813;2021.05.24 08:45;4;13,625;13,4375;13,625;473;202;0;
1814;2021.05.24 09:00;4;13,75;13,5;13,625;473;202;0;
1815;2021.05.24 09:15;4;13,875;13,5625;13,75;474;202;0;
1816;2021.05.24 09:30;4;14;13,625;13,8125;475;202;0;
1817;2021.05.24 09:45;4;14,125;13,75;13,9375;476;202;0;
1818;2021.05.24 10:00;4;14,3125;13,875;14,0625;476;202;0;
1819;2021.05.24 10:15;4;14,5;14;14,1875;477;202;0;
1820;2021.05.24 10:30;4;14,625;14,125;14,3125;478;202;0;
1821;2021.05.24 10:45;4;14,75;14,25;14,5;480;202;0;
1822;2021.05.24 11:00;4;15;14,375;14,625;481;202;0;
1823;2021.05.24 11:15;4;15,125;14,5625;14,875;482;202;0;
1824;2021.05.24 11:30;4;15,375;14,75;15,0625;484;202;0;
1825;2021.05.24 11:45;4;15,6875;15;15,3125;485;202;0;
1826;2021.05.24 12:00;4;16,0625;15,25;15,625;488;202;0;
1827;2021.05.24 12:15;4;16,5;15,5;15,9375;490;202;0;
1828;2021.05.24 12:30;4;16,9375;15,875;16,25;493;202;0;
1829;2021.05.24 12:45;4;17,375;16,1875;16,625;496;202;0;
1830;2021.05.24 13:00;4;17,875;16,5625;17;499;202;0;
1831;2021.05.24 13:15;4;18,3125;17;17,375;502;202;0;
1832;2021.05.24 13:30;4;18,75;17,375;17,75;505;202;0;
1833;2021.05.24 13:45;4;19,125;17,75;18,125;507;202;0;
1834;2021.05.24 14:00;4;19,4375;18,125;18,375;509;202;0;
1835;2021.05.24 14:15;4;19,625;18,5;18,625;510;202;0;
1836;2021.05.24 14:30;4;19,6875;18,75;18,75;510;202;0;
1837;2021.05.24 14:45;4;19,6875;18,875;18,8125;510;202;0;
1838;2021.05.24 15:00;4;19,625;19;18,75;510;202;0;
1839;2021.05.24 15:15;4;19,5;19,0625;18,75;509;202;0;
1840;2021.05.24 15:30;4;19,5;19,0625;18,75;509;202;0;
1841;2021.05.24 15:45;4;19,375;19,0625;18,75;508;202;0;
1842;2021.05.24 16:00;4;19,3125;19;18,6875;507;202;0;
1843;2021.05.24 16:15;4;19,25;19;18,625;506;202;0;
1844;2021.05.24 16:30;4;19,1875;19;18,625;506;202;0;
1845;2021.05.24 16:45;4;19,125;18,9375;18,5625;505;202;0;
1846;2021.05.24 17:00;4;19;18,875;18,5;504;202;0;
1847;2021.05.24 17:15;4;18,9375;18,75;18,375;503;202;0;
1848;2021.05.24 17:30;4;18,8125;18,6875;18,25;502;202;0;
1849;2021.05.24 17:45;4;18,6875;18,625;18,125;501;202;0;
1850;2021.05.24 18:00;4;18,5625;18,5;18;500;202;0;
1851;2021.05.24 18:15;4;18,375;18,375;17,875;499;202;0;
1852;2021.05.24 18:30;4;18,25;18,25;17,75;498;202;0;
1853;2021.05.24 18:45;4;18,125;18,125;17,625;497;202;0;
1854;2021.05.24 19:00;4;18;18;17,5;496;202;0;
1855;2021.05.24 19:15;4;17,875;17,8125;17,375;495;202;0;
1856;2021.05.24 19:30;4;17,6875;17,6875;17,1875;494;202;0;
1857;2021.05.24 19:45;4;17,5;17,5;17;493;202;0;
1858;2021.05.24 20:00;4;17,375;17,375;16,875;492;202;0;
1859;2021.05.24 20:15;4;17,1875;17,25;16,75;491;202;0;
1860;2021.05.24 20:30;4;17;17,0625;16,5625;490;202;0;
1861;2021.05.24 20:45;4;16,875;16,875;16,375;489;202;0;
1862;2021.05.24 21:00;4;16,6875;16,75;16,25;488;202;0;
1863;2021.05.24 21:15;4;16,5;16,5625;16,125;487;202;0;
1864;2021.05.24 21:30;4;16,375;16,375;16;486;202;0;
1865;2021.05.24 21:45;4;16,25;16,25;15,8125;485;202;0;
1866;2021.05.24 22:00;4;16;16,125;15,625;484;202;0;
1867;2021.05.24 22:15;4;15,875;15,9375;15,5;483;202;0;
1868;2021.05.24 22:30;4;15,75;15,8125;15,375;482;202;0;
1869;2021.05.24 22:45;4;15,5625;15,625;15,25;482;202;0;
1870;2021.05.24 23:00;4;15,375;15,5;15,125;481;202;0;
1871;2021.05.24 23:15;4;15,25;15,375;15;480;202;0;
1872;2021.05.24 23:30;4;15,125;15,25;14,875;479;202;0;
1873;2021.05.24 23:45;4;15;15,125;14,75;479;202;0;
1874;2021.05.25 00:00;4;14,875;15;14,625;478;202;0;
1875;2021.05.25 00:15;4;14,75;14,875;14,5;477;202;0;
1876;2021.05.25 00:30;4;14,625;14,6875;14,375;476;202;0;
1877;2021.05.25 00:45;4;14,5;14,5625;14,25;476;202;0;
1878;2021.05.25 01:00;4;14,3125;14,375;14,0625;475;202;0;
1879;2021.05.25 01:15;4;14,1875;14,25;13,875;474;202;0;
1880;2021.05.25 01:30;4;14;14,125;13,75;473;202;0;
1881;2021.05.25 01:45;4;13,875;14;13,625;472;202;0;
1882;2021.05.25 02:00;4;13,75;13,8125;13,4375;471;202;0;
1883;2021.05.25 02:15;4;13,5625;13,625;13,25;470;202;0;
1884;2021.05.25 02:30;4;13,375;13,5;13,0625;469;202;0;
1885;2021.05.25 02:45;4;13,25;13,3125;12,875;468;202;0;
1886;2021.05.25 03:00;4;13;13,125;12,75;467;202;0;
1887;2021.05.25 03:15;4;12,875;13;12,5625;466;202;0;
1888;2021.05.25 03:30;4;12,6875;12,75;12,375;465;202;0;
1889;2021.05.25 03:45;4;12,5;12,625;12,25;464;202;0;
1890;2021.05.25 04:00;4;12,375;12,4375;12;463;202;0;
1891;2021.05.25 04:15;4;12,125;12,25;11,875;462;202;0;
1892;2021.05.25 04:30;4;12;12,125;11,75;461;202;0;
1893;2021.05.25 04:45;4;11,8125;11,9375;11,625;461;202;0;
1894;2021.05.25 05:00;4;11,6875;11,75;11,4375;460;202;0;
1895;2021.05.25 05:15;4;11,5;11,625;11,3125;459;202;0;
1896;2021.05.25 05:30;4;11,375;11,5;11,1875;458;202;0;
1897;2021.05.25 05:45;4;11,25;11,375;11,125;457;202;0;
1898;2021.05.25 06:00;4;11,125;11,25;11;457;202;0;
1899;2021.05.25 06:15;4;11,125;11,125;11;456;202;0;
1900;2021.05.25 06:30;4;11;11,0625;11;456;202;0;
1901;2021.05.25 06:45;4;11;11;11;456;202;0;
1902;2021.05.25 07:00;4;11;11;11;456;202;0;
1903;2021.05.25 07:15;4;11,0625;11;11;456;202;0;
1904;2021.05.25 07:30;4;11,125;11;11,125;457;202;0;
1905;2021.05.25 07:45;4;11,3125;11;11,25;457;202;0;
1906;2021.05.25 08:00;4;11,5;11,125;11,375;458;202;0;
1907;2021.05.25 08:15;4;11,625;11,25;11,5;459;202;0;
1908;2021.05.25 08:30;4;11,875;11,375;11,6875;460;202;0;
1909;2021.05.25 08:45;4;12;11,5;11,875;461;202;0;
1910;2021.05.25 09:00;4;12,25;11,6875;12;463;202;0;
1911;2021.05.25 09:15;4;12,4375;11,875;12,25;464;202;0;
1912;2021.05.25 09:30;4;12,625;12,0625;12,375;465;202;0;
1913;2021.05.25 09:45;4;12,875;12,25;12,625;467;202;0;
1914;2021.05.25 10:00;4;13,125;12,5;12,875;468;202;0;
1915;2021.05.25 10:15;4;13,375;12,6875;13,125;470;202;0;
1916;2021.05.25 10:30;4;13,625;12,875;13,3125;471;202;0;
1917;2021.05.25 10:45;4;13,875;13,125;13,5;472;202;0;
1918;2021.05.25 11:00;4;14,0625;13,375;13,625;474;202;0;
1919;2021.05.25 11:15;4;14,25;13,5;13,875;475;202;0;
1920;2021.05.25 11:30;4;14,375;13,75;14;476;202;0;
1921;2021.05.25 11:45;4;14,5;13,875;14,1875;476;202;0;
1922;2021.05.25 12:00;4;14,6875;14,125;14,375;477;202;0;
1923;2021.05.25 12:15;4;14,875;14,25;14,5;478;202;0;
1924;2021.05.25 12:30;4;15,0625;14,4375;14,75;479;202;0;
1925;2021.05.25 12:45;4;15,25;14,625;14,875;480;202;0;
1926;2021.05.25 13:00;4;15,375;14,75;15;481;202;0;
1927;2021.05.25 13:15;4;15,625;15;15,125;481;202;0;
1928;2021.05.25 13:30;4;15,75;15,125;15,3125;482;202;0;
1929;2021.05.25 13:45;4;15,9375;15,25;15,5;483;202;0;
1930;2021.05.25 14:00;4;16,125;15,5;15,625;483;202;0;
1931;2021.05.25 14:15;4;16,25;15,625;15,75;484;202;0;
1932;2021.05.25 14:30;4;16,375;15,75;15,8125;484;202;0;
1933;2021.05.25 14:45;4;16,5;15,875;15,875;485;202;0;
1934;2021.05.25 15:00;4;16,5625;16;16;485;202;0;
1935;2021.05.25 15:15;4;16,625;16,125;16,0625;485;202;0;
1936;2021.05.25 15:30;4;16,75;16,1875;16,125;485;202;0;
1937;2021.05.25 15:45;4;16,8125;16,25;16,25;486;202;0;
1938;2021.05.25 16:00;4;16,875;16,375;16,3125;486;202;0;
1939;2021.05.25 16:15;4;17;16,5;16,4375;486;202;0;
1940;2021.05.25 16:30;4;17,125;16,5625;16,5625;486;202;0;
1941;2021.05.25 16:45;4;17,3125;16,6875;16,6875;487;202;0;
1942;2021.05.25 17:00;4;17,4375;16,8125;16,75;487;202;0;
1943;2021.05.25 17:15;4;17,5;16,9375;16,875;487;202;0;
1944;2021.05.25 17:30;4;17,5625;17;16,875;487;202;0;
1945;2021.05.25 17:45;4;17,5;17,0625;16,875;487;202;0;
1946;2021.05.25 18:00;4;17,5;17,125;16,875;487;202;0;
1947;2021.05.25 18:15;4;17,4375;17,125;16,8125;487;202;0;
1948;2021.05.25 18:30;4;17,375;17,125;16,75;486;202;0;
1949;2021.05.25 18:45;4;17,25;17;16,625;485;202;0;
1950;2021.05.25 19:00;4;17,125;17;16,5;484;202;0;
1951;2021.05.25 19:15;4;17;16,875;16,3125;484;202;0;
1952;2021.05.25 19:30;4;16,875;16,75;16,125;483;202;0;
1953;2021.05.25 19:45;4;16,75;16,625;16;482;202;0;
1954;2021.05.25 20:00;4;16,5;16,5;15,75;480;202;0;
1955;2021.05.25 20:15;4;16,375;16,25;15,5625;479;202;0;
1956;2021.05.25 20:30;4;16,125;16,125;15,375;478;202;0;
1957;2021.05.25 20:45;4;15,9375;15,875;15,125;477;202;0;
1958;2021.05.25 21:00;4;15,75;15,6875;14,9375;475;202;0;
1959;2021.05.25 21:15;4;15,5;15,5;14,75;474;202;0;
1960;2021.05.25 21:30;4;15,25;15,25;14,5;473;202;0;
1961;2021.05.25 21:45;4;15,0625;15,125;14,3125;471;202;0;
1962;2021.05.25 22:00;4;14,8125;14,875;14,125;470;202;0;
1963;2021.05.25 22:15;4;14,625;14,625;13,875;469;202;0;
1964;2021.05.25 22:30;4;14,375;14,375;13,6875;467;202;0;
1965;2021.05.25 22:45;4;14,125;14,1875;13,5;466;202;0;
1966;2021.05.25 23:00;4;13,875;14;13,3125;464;202;0;
1967;2021.05.25 23:15;4;13,625;13,75;13,125;463;202;0;
1968;2021.05.25 23:30;4;13,4375;13,5;12,875;462;202;0;
1969;2021.05.25 23:45;4;13,25;13,3125;12,75;460;202;0;
1970;2021.05.26 00:00;4;13;13,125;12,5;459;202;0;
1971;2021.05.26 00:15;4;12,75;12,875;12,375;458;202;0;
1972;2021.05.26 00:30;4;12,5625;12,6875;12,125;456;202;0;
1973;2021.05.26 00:45;4;12,375;12,5;12;455;202;0;
1974;2021.05.26 01:00;4;12,125;12,25;11,75;454;202;0;
1975;2021.05.26 01:15;4;12;12,125;11,625;453;202;0;
1976;2021.05.26 01:30;4;11,75;11,875;11,375;452;202;0;
1977;2021.05.26 01:45;4;11,5625;11,6875;11,25;450;202;0;
1978;2021.05.26 02:00;4;11,375;11,5;11,0625;449;202;0;
1979;2021.05.26 02:15;4;11,1875;11,3125;10,875;448;202;0;
1980;2021.05.26 02:30;4;11;11,125;10,75;447;202;0;
1981;2021.05.26 02:45;4;10,875;11;10,625;446;202;0;
1982;2021.05.26 03:00;4;10,6875;10,8125;10,4375;445;202;0;
1983;2021.05.26 03:15;4;10,5;10,625;10,3125;444;202;0;
1984;2021.05.26 03:30;4;10,375;10,5;10,125;443;202;0;
1985;2021.05.26 03:45;4;10,1875;10,3125;10;443;202;0;
1986;2021.05.26 04:00;4;10;10,125;9,875;442;202;0;
1987;2021.05.26 04:15;4;9,875;10;9,75;441;202;0;
1988;2021.05.26 04:30;4;9,75;9,875;9,625;440;202;0;
1989;2021.05.26 04:45;4;9,625;9,75;9,5;439;202;0;
1990;2021.05.26 05:00;4;9,5;9,625;9,4375;439;202;0;
1991;2021.05.26 05:15;4;9,375;9,5;9,375;438;202;0;
1992;2021.05.26 05:30;4;9,25;9,375;9,25;438;202;0;
1993;2021.05.26 05:45;4;9,25;9,25;9,25;437;202;0;
1994;2021.05.26 06:00;4;9,125;9,25;9,1875;437;202;0;
1995;2021.05.26 06:15;4;9,125;9,125;9,1875;437;202;0;
1996;2021.05.26 06:30;4;9,125;9,125;9,1875;437;202;0;
1997;2021.05.26 06:45;4;9,125;9,125;9,25;437;202;0;
1998;2021.05.26 07:00;4;9,1875;9,125;9,25;437;202;0;
1999;2021.05.26 07:15;4;9,25;9,125;9,25;438;202;0;
2000;2021.05.26 07:30;4;9,4375;9,125;9,375;438;202;0;
2001;2021.05.26 07:45;4;9,625;9,25;9,5;439;202;0;
2002;2021.05.26 08:00;4;9,875;9,375;9,625;440;202;0;
2003;2021.05.26 08:15;4;10,125;9,5;9,8125;442;202;0;
2004;2021.05.26 08:30;4;10,4375;9,75;10,0625;444;202;0;
2005;2021.05.26 08:45;4;10,8125;10;10,3125;446;202;0;
2006;2021.05.26 09:00;4;11,25;10,25;10,625;448;202;0;
2007;2021.05.26 09:15;4;11,625;10,5625;11;451;202;0;
2008;2021.05.26 09:30;4;12,125;10,9375;11,4375;454;202;0;
2009;2021.05.26 09:45;4;12,5625;11,3125;11,875;457;202;0;
2010;2021.05.26 10:00;4;13,0625;11,75;12,3125;461;202;0;
2011;2021.05.26 10:15;4;13,625;12,1875;12,75;464;202;0;
2012;2021.05.26 10:30;4;14,125;12,625;13,25;468;202;0;
2013;2021.05.26 10:45;4;14,625;13,125;13,75;471;202;0;
2014;2021.05.26 11:00;4;15,1875;13,625;14,3125;475;202;0;
2015;2021.05.26 11:15;4;15,75;14,1875;14,8125;479;202;0;
2016;2021.05.26 11:30;4;16,25;14,75;15,375;482;202;0;
2017;2021.05.26 11:45;4;16,75;15,25;15,875;486;202;0;
2018;2021.05.26 12:00;4;17,25;15,75;16,375;489;202;0;
2019;2021.05.26 12:15;4;17,625;16,25;16,8125;492;202;0;
2020;2021.05.26 12:30;4;18,125;16,75;17,3125;495;202;0;
2021;2021.05.26 12:45;4;18,625;17,25;17,8125;498;202;0;
2022;2021.05.26 13:00;4;19;17,6875;18,25;500;202;0;
2023;2021.05.26 13:15;4;19,4375;18,125;18,6875;502;202;0;
2024;2021.05.26 13:30;4;19,8125;18,5625;19,0625;504;202;0;
2025;2021.05.26 13:45;4;20,125;19;19,375;506;202;0;
2026;2021.05.26 14:00;4;20,5;19,3125;19,75;507;202;0;
2027;2021.05.26 14:15;4;20,75;19,625;20;508;202;0;
2028;2021.05.26 14:30;4;21;20;20,25;509;202;0;
2029;2021.05.26 14:45;4;21,25;20,25;20,4375;510;202;0;
2030;2021.05.26 15:00;4;21,375;20,5;20,625;511;202;0;
2031;2021.05.26 15:15;4;21,625;20,75;20,8125;511;202;0;
2032;2021.05.26 15:30;4;21,8125;20,9375;21;512;202;0;
2033;2021.05.26 15:45;4;22;21,125;21,25;512;202;0;
2034;2021.05.26 16:00;4;22,1875;21,375;21,375;512;202;0;
2035;2021.05.26 16:15;4;22,375;21,5;21,5;513;202;0;
2036;2021.05.26 16:30;4;22,5;21,6875;21,625;513;202;0;
2037;2021.05.26 16:45;4;22,625;21,875;21,75;513;202;0;
2038;2021.05.26 17:00;4;22,6875;21,9375;21,75;513;202;0;
2039;2021.05.26 17:15;4;22,75;22;21,75;513;202;0;
2040;2021.05.26 17:30;4;22,75;22,125;21,75;512;202;0;
2041;2021.05.26 17:45;4;22,75;22,125;21,75;512;202;0;
2042;2021.05.26 18:00;4;22,75;22,1875;21,75;512;202;0;
2043;2021.05.26 18:15;4;22,625;22,1875;21,6875;511;202;0;
2044;2021.05.26 18:30;4;22,5625;22,125;21,625;510;202;0;
2045;2021.05.26 18:45;4;22,5;22,125;21,5;509;202;0;
2046;2021.05.26 19:00;4;22,375;22;21,375;508;202;0;
2047;2021.05.26 19:15;4;22,1875;21,9375;21,1875;507;202;0;
2048;2021.05.26 19:30;4;22;21,8125;21;506;202;0;
2049;2021.05.26 19:45;4;21,875;21,625;20,75;505;202;0;
2050;2021.05.26 20:00;4;21,625;21,5;20,5625;504;202;0;
2051;2021.05.26 20:15;4;21,4375;21,25;20,3125;502;202;0;
2052;2021.05.26 20:30;4;21,1875;21,125;20,125;501;202;0;
2053;2021.05.26 20:45;4;21;20,875;19,875;499;202;0;
2054;2021.05.26 21:00;4;20,75;20,625;19,625;498;202;0;
2055;2021.05.26 21:15;4;20,5;20,375;19,375;496;202;0;
2056;2021.05.26 21:30;4;20,25;20,1875;19,25;495;202;0;
2057;2021.05.26 21:45;4;20;19,9375;19;493;202;0;
2058;2021.05.26 22:00;4;19,75;19,75;18,8125;492;202;0;
2059;2021.05.26 22:15;4;19,5;19,5;18,625;490;202;0;
2060;2021.05.26 22:30;4;19,25;19,25;18,375;489;202;0;
2061;2021.05.26 22:45;4;19;19;18,125;487;202;0;
2062;2021.05.26 23:00;4;18,75;18,75;17,9375;485;202;0;
2063;2021.05.26 23:15;4;18,5;18,5625;17,75;484;202;0;
2064;2021.05.26 23:30;4;18,25;18,375;17,5;483;202;0;
2065;2021.05.26 23:45;4;18;18,125;17,375;481;202;0;
2066;2021.05.27 00:00;4;17,75;17,875;17,125;480;202;0;
2067;2021.05.27 00:15;4;17,5;17,625;16,9375;478;202;0;
2068;2021.05.27 00:30;4;17,3125;17,375;16,75;477;202;0;
2069;2021.05.27 00:45;4;17,0625;17,1875;16,5;475;202;0;
2070;2021.05.27 01:00;4;16,8125;16,9375;16,25;474;202;0;
2071;2021.05.27 01:15;4;16,625;16,75;16;473;202;0;
2072;2021.05.27 01:30;4;16,375;16,5;15,8125;471;202;0;
2073;2021.05.27 01:45;4;16,125;16,25;15,625;470;202;0;
2074;2021.05.27 02:00;4;15,875;16;15,375;469;202;0;
2075;2021.05.27 02:15;4;15,625;15,8125;15,1875;467;202;0;
2076;2021.05.27 02:30;4;15,5;15,625;15;466;202;0;
2077;2021.05.27 02:45;4;15,25;15,375;14,8125;465;202;0;
2078;2021.05.27 03:00;4;15;15,1875;14,625;464;202;0;
2079;2021.05.27 03:15;4;14,875;15;14,4375;463;202;0;
2080;2021.05.27 03:30;4;14,625;14,75;14,25;462;202;0;
2081;2021.05.27 03:45;4;14,5;14,625;14,125;461;202;0;
2082;2021.05.27 04:00;4;14,25;14,375;14;460;202;0;
2083;2021.05.27 04:15;4;14,125;14,25;13,8125;459;202;0;
2084;2021.05.27 04:30;4;13,9375;14,0625;13,6875;458;202;0;
2085;2021.05.27 04:45;4;13,75;13,875;13,5;457;202;0;
2086;2021.05.27 05:00;4;13,625;13,75;13,375;456;202;0;
2087;2021.05.27 05:15;4;13,5;13,625;13,25;456;202;0;
2088;2021.05.27 05:30;4;13,375;13,5;13,1875;455;202;0;
2089;2021.05.27 05:45;4;13,25;13,375;13,125;454;202;0;
2090;2021.05.27 06:00;4;13,1875;13,25;13,0625;454;202;0;
2091;2021.05.27 06:15;4;13,125;13,1875;13,0625;454;202;0;
2092;2021.05.27 06:30;4;13,125;13,125;13,0625;454;202;0;
2093;2021.05.27 06:45;4;13,125;13,125;13,0625;454;202;0;
2094;2021.05.27 07:00;4;13,125;13,0625;13,125;454;202;0;
2095;2021.05.27 07:15;4;13,25;13,125;13,125;454;202;0;
2096;2021.05.27 07:30;4;13,375;13,125;13,25;455;202;0;
2097;2021.05.27 07:45;4;13,5;13,1875;13,375;456;202;0;
2098;2021.05.27 08:00;4;13,75;13,3125;13,5;457;202;0;
2099;2021.05.27 08:15;4;14;13,4375;13,625;458;202;0;
2100;2021.05.27 08:30;4;14,25;13,625;13,875;460;202;0;
2101;2021.05.27 08:45;4;14,625;13,8125;14,0625;462;202;0;
2102;2021.05.27 09:00;4;14,875;14,0625;14,375;464;202;0;
2103;2021.05.27 09:15;4;15,25;14,375;14,625;466;202;0;
2104;2021.05.27 09:30;4;15,6875;14,625;14,9375;469;202;0;
2105;2021.05.27 09:45;4;16,125;15;15,25;472;202;0;
2106;2021.05.27 10:00;4;16,5625;15,375;15,6875;475;202;0;
2107;2021.05.27 10:15;4;17;15,75;16,0625;478;202;0;
2108;2021.05.27 10:30;4;17,375;16,125;16,5;481;202;0;
2109;2021.05.27 10:45;4;17,875;16,5;16,9375;484;202;0;
2110;2021.05.27 11:00;4;18,25;17;17,375;487;202;0;
2111;2021.05.27 11:15;4;18,6875;17,375;17,75;490;202;0;
2112;2021.05.27 11:30;4;19;17,75;18,25;492;202;0;
2113;2021.05.27 11:45;4;19,375;18,1875;18,625;495;202;0;
2114;2021.05.27 12:00;4;19,75;18,5625;19;497;202;0;
2115;2021.05.27 12:15;4;20,125;19;19,375;500;202;0;
2116;2021.05.27 12:30;4;20,5625;19,375;19,75;502;202;0;
2117;2021.05.27 12:45;4;20,875;19,75;20,0625;504;202;0;
2118;2021.05.27 13:00;4;21,25;20,0625;20,375;506;202;0;
2119;2021.05.27 13:15;4;21,5;20,375;20,625;508;202;0;
2120;2021.05.27 13:30;4;21,8125;20,75;20,9375;509;202;0;
2121;2021.05.27 13:45;4;22;21;21,1875;511;202;0;
2122;2021.05.27 14:00;4;22,3125;21,25;21,5;512;202;0;
2123;2021.05.27 14:15;4;22,5;21,5625;21,75;513;202;0;
2124;2021.05.27 14:30;4;22,75;21,8125;21,9375;513;202;0;
2125;2021.05.27 14:45;4;22,875;22;22,125;514;202;0;
2126;2021.05.27 15:00;4;23,0625;22,25;22,25;515;202;0;
2127;2021.05.27 15:15;4;23,1875;22,375;22,375;515;202;0;
2128;2021.05.27 15:30;4;23,25;22,5625;22,4375;515;202;0;
2129;2021.05.27 15:45;4;23,3125;22,625;22,5;515;202;0;
2130;2021.05.27 16:00;4;23,375;22,75;22,5;514;202;0;
2131;2021.05.27 16:15;4;23,375;22,8125;22,4375;514;202;0;
2132;2021.05.27 16:30;4;23,375;22,875;22,375;514;202;0;
2133;2021.05.27 16:45;4;23,3125;22,8125;22,3125;513;202;0;
2134;2021.05.27 17:00;4;23,25;22,8125;22,25;512;202;0;
2135;2021.05.27 17:15;4;23,25;22,75;22,125;512;202;0;
2136;2021.05.27 17:30;4;23,1875;22,75;22,125;511;202;0;
2137;2021.05.27 17:45;4;23,125;22,6875;22,125;510;202;0;
2138;2021.05.27 18:00;4;23;22,625;22;509;202;0;
2139;2021.05.27 18:15;4;22,875;22,5625;21,9375;509;202;0;
2140;2021.05.27 18:30;4;22,75;22,5;21,75;508;202;0;
2141;2021.05.27 18:45;4;22,625;22,375;21,625;507;202;0;
2142;2021.05.27 19:00;4;22,4375;22,25;21,5;505;202;0;
2143;2021.05.27 19:15;4;22,25;22,125;21,375;504;202;0;
2144;2021.05.27 19:30;4;22,0625;21,875;21,125;503;202;0;
2145;2021.05.27 19:45;4;21,875;21,75;20,9375;502;202;0;
2146;2021.05.27 20:00;4;21,625;21,5;20,75;500;202;0;
2147;2021.05.27 20:15;4;21,375;21,375;20,5;499;202;0;
2148;2021.05.27 20:30;4;21,125;21,125;20,3125;497;202;0;
2149;2021.05.27 20:45;4;20,875;20,875;20,125;496;202;0;
2150;2021.05.27 21:00;4;20,6875;20,75;19,9375;495;202;0;
2151;2021.05.27 21:15;4;20,5;20,5;19,75;493;202;0;
2152;2021.05.27 21:30;4;20,25;20,3125;19,625;492;202;0;
2153;2021.05.27 21:45;4;20,125;20,125;19,5;491;202;0;
2154;2021.05.27 22:00;4;19,875;19,9375;19,3125;489;202;0;
2155;2021.05.27 22:15;4;19,6875;19,75;19,125;488;202;0;
2156;2021.05.27 22:30;4;19,5;19,625;19;487;202;0;
2157;2021.05.27 22:45;4;19,3125;19,375;18,75;486;202;0;
2158;2021.05.27 23:00;4;19,125;19,1875;18,625;484;202;0;
2159;2021.05.27 23:15;4;18,875;19;18,4375;483;202;0;
2160;2021.05.27 23:30;4;18,6875;18,8125;18,25;482;202;0;
2161;2021.05.27 23:45;4;18,5;18,625;18;481;202;0;
2162;2021.05.28 00:00;4;18,25;18,375;17,875;480;202;0;
2163;2021.05.28 00:15;4;18,0625;18,25;17,625;478;202;0;
2164;2021.05.28 00:30;4;17,875;18;17,5;477;202;0;
2165;2021.05.28 00:45;4;17,625;17,75;17,25;476;202;0;
2166;2021.05.28 01:00;4;17,4375;17,625;17,0625;475;202;0;
2167;2021.05.28 01:15;4;17,25;17,375;16,875;473;202;0;
2168;2021.05.28 01:30;4;17;17,1875;16,625;472;202;0;
2169;2021.05.28 01:45;4;16,8125;17;16,5;471;202;0;
2170;2021.05.28 02:00;4;16,625;16,75;16,25;470;202;0;
2171;2021.05.28 02:15;4;16,375;16,625;16,125;469;202;0;
2172;2021.05.28 02:30;4;16,25;16,375;15,9375;468;202;0;
2173;2021.05.28 02:45;4;16;16,1875;15,75;467;202;0;
2174;2021.05.28 03:00;4;15,875;16;15,5625;466;202;0;
2175;2021.05.28 03:15;4;15,625;15,8125;15,375;465;202;0;
2176;2021.05.28 03:30;4;15,5;15,625;15,1875;464;202;0;
2177;2021.05.28 03:45;4;15,25;15,5;15;463;202;0;
2178;2021.05.28 04:00;4;15,125;15,25;14,875;462;202;0;
2179;2021.05.28 04:15;4;14,9375;15,125;14,75;461;202;0;
2180;2021.05.28 04:30;4;14,75;14,9375;14,5625;460;202;0;
2181;2021.05.28 04:45;4;14,625;14,75;14,375;459;202;0;
2182;2021.05.28 05:00;4;14,5;14,625;14,3125;459;202;0;
2183;2021.05.28 05:15;4;14,375;14,5;14,25;458;202;0;
2184;2021.05.28 05:30;4;14,25;14,375;14,125;458;202;0;
2185;2021.05.28 05:45;4;14,125;14,25;14,125;457;202;0;
2186;2021.05.28 06:00;4;14,0625;14,125;14,0625;457;202;0;
2187;2021.05.28 06:15;4;14;14,125;14;457;202;0;
2188;2021.05.28 06:30;4;14;14;14;457;202;0;
2189;2021.05.28 06:45;4;14;14;14;457;202;0;
2190;2021.05.28 07:00;4;14,0625;14;14;457;202;0;
2191;2021.05.28 07:15;4;14,125;14;14,125;457;202;0;
2192;2021.05.28 07:30;4;14,25;14;14,125;458;202;0;
2193;2021.05.28 07:45;4;14,375;14,125;14,25;458;202;0;
2194;2021.05.28 08:00;4;14,5625;14,1875;14,375;459;202;0;
2195;2021.05.28 08:15;4;14,75;14,3125;14,5;461;202;0;
2196;2021.05.28 08:30;4;15;14,4375;14,6875;462;202;0;
2197;2021.05.28 08:45;4;15,25;14,625;14,875;464;202;0;
2198;2021.05.28 09:00;4;15,5625;14,875;15,125;465;202;0;
2199;2021.05.28 09:15;4;15,875;15,0625;15,375;467;202;0;
2200;2021.05.28 09:30;4;16,125;15,3125;15,625;470;202;0;
2201;2021.05.28 09:45;4;16,5;15,625;15,875;472;202;0;
2202;2021.05.28 10:00;4;16,875;15,875;16,1875;474;202;0;
2203;2021.05.28 10:15;4;17,25;16,25;16,5;477;202;0;
2204;2021.05.28 10:30;4;17,625;16,5;16,875;480;202;0;
2205;2021.05.28 10:45;4;18;16,875;17,25;482;202;0;
2206;2021.05.28 11:00;4;18,375;17,25;17,625;485;202;0;
2207;2021.05.28 11:15;4;18,8125;17,625;18;488;202;0;
2208;2021.05.28 11:30;4;19,125;18;18,3125;490;202;0;
2209;2021.05.28 11:45;4;19,5;18,375;18,6875;493;202;0;
2210;2021.05.28 12:00;4;19,875;18,75;19;495;202;0;
2211;2021.05.28 12:15;4;20,25;19,125;19,375;497;202;0;
2212;2021.05.28 12:30;4;20,625;19,5;19,75;499;202;0;
2213;2021.05.28 12:45;4;21;19,8125;20,125;502;202;0;
2214;2021.05.28 13:00;4;21,3125;20,125;20,4375;504;202;0;
2215;2021.05.28 13:15;4;21,625;20,5;20,75;505;202;0;
2216;2021.05.28 13:30;4;22;20,875;21,125;507;202;0;
2217;2021.05.28 13:45;4;22,25;21,1875;21,375;509;202;0;
2218;2021.05.28 14:00;4;22,5;21,5;21,625;510;202;0;
2219;2021.05.28 14:15;4;22,75;21,75;21,875;511;202;0;
2220;2021.05.28 14:30;4;23;22;22,125;512;202;0;
2221;2021.05.28 14:45;4;23,1875;22,25;22,375;513;202;0;
2222;2021.05.28 15:00;4;23,4375;22,5;22,625;513;202;0;
2223;2021.05.28 15:15;4;23,625;22,75;22,8125;514;202;0;
2224;2021.05.28 15:30;4;23,875;23;23;515;202;0;
2225;2021.05.28 15:45;4;24,0625;23,1875;23,25;515;202;0;
2226;2021.05.28 16:00;4;24,25;23,375;23,375;516;202;0;
2227;2021.05.28 16:15;4;24,4375;23,625;23,5625;516;202;0;
2228;2021.05.28 16:30;4;24,625;23,75;23,75;517;202;0;
2229;2021.05.28 16:45;4;24,8125;23,9375;23,8125;517;202;0;
2230;2021.05.28 17:00;4;24,9375;24,125;23,9375;518;202;0;
2231;2021.05.28 17:15;4;25;24,25;24;518;202;0;
2232;2021.05.28 17:30;4;25,0625;24,375;24,0625;518;202;0;
2233;2021.05.28 17:45;4;25,0625;24,4375;24,0625;517;202;0;
2234;2021.05.28 18:00;4;25;24,5;24,0625;517;202;0;
2235;2021.05.28 18:15;4;25;24,5;24,0625;516;202;0;
2236;2021.05.28 18:30;4;25;24,5;24,0625;516;202;0;
2237;2021.05.28 18:45;4;24,9375;24,5;24;516;202;0;
2238;2021.05.28 19:00;4;24,875;24,5;23,9375;515;202;0;
2239;2021.05.28 19:15;4;24,75;24,5;23,8125;514;202;0;
2240;2021.05.28 19:30;4;24,625;24,375;23,625;513;202;0;
2241;2021.05.28 19:45;4;24,5;24,25;23,4375;512;202;0;
2242;2021.05.28 20:00;4;24,25;24,125;23,25;511;202;0;
2243;2021.05.28 20:15;4;24,0625;23,875;23;510;202;0;
2244;2021.05.28 20:30;4;23,8125;23,75;22,75;508;202;0;
2245;2021.05.28 20:45;4;23,625;23,5;22,5;507;202;0;
2246;2021.05.28 21:00;4;23,3125;23,25;22,25;505;202;0;
2247;2021.05.28 21:15;4;23;23;22;504;202;0;
2248;2021.05.28 21:30;4;22,75;22,75;21,75;502;202;0;
2249;2021.05.28 21:45;4;22,5;22,5;21,5;500;202;0;
2250;2021.05.28 22:00;4;22,25;22,25;21,25;499;202;0;
2251;2021.05.28 22:15;4;21,9375;22;21;497;202;0;
2252;2021.05.28 22:30;4;21,625;21,75;20,75;495;202;0;
2253;2021.05.28 22:45;4;21,375;21,5;20,5;494;202;0;
2254;2021.05.28 23:00;4;21,125;21,25;20,25;492;202;0;
2255;2021.05.28 23:15;4;20,875;21;20,0625;491;202;0;
2256;2021.05.28 23:30;4;20,625;20,6875;19,875;489;202;0;
2257;2021.05.28 23:45;4;20,3125;20,5;19,625;488;202;0;
2258;2021.05.29 00:00;4;20,0625;20,25;19,375;486;202;0;
2259;2021.05.29 00:15;4;19,875;20;19,25;485;202;0;
2260;2021.05.29 00:30;4;19,625;19,75;19;483;202;0;
2261;2021.05.29 00:45;4;19,375;19,5;18,875;482;202;0;
2262;2021.05.29 01:00;4;19,1875;19,375;18,75;481;202;0;
2263;2021.05.29 01:15;4;19;19,125;18,625;480;202;0;
2264;2021.05.29 01:30;4;18,875;19;18,5;479;202;0;
2265;2021.05.29 01:45;4;18,625;18,8125;18,375;478;202;0;
2266;2021.05.29 02:00;4;18,5;18,625;18,25;477;202;0;
2267;2021.05.29 02:15;4;18,375;18,5;18,125;477;202;0;
2268;2021.05.29 02:30;4;18,25;18,375;18;476;202;0;
2269;2021.05.29 02:45;4;18,125;18,25;17,875;475;202;0;
2270;2021.05.29 03:00;4;18;18,125;17,75;475;202;0;
2271;2021.05.29 03:15;4;17,875;18;17,625;474;202;0;
2272;2021.05.29 03:30;4;17,75;17,875;17,5;473;202;0;
2273;2021.05.29 03:45;4;17,625;17,75;17,375;473;202;0;
2274;2021.05.29 04:00;4;17,4375;17,5625;17,25;472;202;0;
2275;2021.05.29 04:15;4;17,25;17,375;17,0625;471;202;0;
2276;2021.05.29 04:30;4;17,125;17,25;16,9375;471;202;0;
2277;2021.05.29 04:45;4;17;17,125;16,75;470;202;0;
2278;2021.05.29 05:00;4;16,875;17;16,6875;469;202;0;
2279;2021.05.29 05:15;4;16,75;16,875;16,625;469;202;0;
2280;2021.05.29 05:30;4;16,625;16,75;16,5;468;202;0;
2281;2021.05.29 05:45;4;16,5625;16,625;16,5;468;202;0;
2282;2021.05.29 06:00;4;16,5;16,625;16,4375;468;202;0;
2283;2021.05.29 06:15;4;16,5;16,5;16,375;468;202;0;
2284;2021.05.29 06:30;4;16,4375;16,5;16,375;468;202;0;
2285;2021.05.29 06:45;4;16,375;16,4375;16,375;468;202;0;
2286;2021.05.29 07:00;4;16,4375;16,375;16,375;468;202;0;
2287;2021.05.29 07:15;4;16,4375;16,375;16,375;468;202;0;
2288;2021.05.29 07:30;4;16,5;16,375;16,375;468;202;0;
2289;2021.05.29 07:45;4;16,5;16,375;16,375;468;202;0;
2290;2021.05.29 08:00;4;16,5625;16,375;16,4375;469;202;0;
2291;2021.05.29 08:15;4;16,625;16,375;16,5;469;202;0;
2292;2021.05.29 08:30;4;16,625;16,4375;16,5;469;202;0;
2293;2021.05.29 08:45;4;16,75;16,5;16,5;470;202;0;
2294;2021.05.29 09:00;4;16,75;16,5;16,5625;471;202;0;
2295;2021.05.29 09:15;4;16,875;16,625;16,625;471;202;0;
2296;2021.05.29 09:30;4;17;16,625;16,6875;472;202;0;
2297;2021.05.29 09:45;4;17,0625;16,75;16,75;472;202;0;
2298;2021.05.29 10:00;4;17,25;16,8125;16,875;473;202;0;
2299;2021.05.29 10:15;4;17,375;16,9375;17;474;202;0;
2300;2021.05.29 10:30;4;17,625;17,0625;17,125;476;202;0;
2301;2021.05.29 10:45;4;17,875;17,25;17,375;477;202;0;
2302;2021.05.29 11:00;4;18,1875;17,4375;17,5625;479;202;0;
2303;2021.05.29 11:15;4;18,5;17,625;17,75;481;202;0;
2304;2021.05.29 11:30;4;18,8125;17,875;18;483;202;0;
2305;2021.05.29 11:45;4;19,125;18,125;18,3125;486;202;0;
2306;2021.05.29 12:00;4;19,5;18,5;18,625;488;202;0;
2307;2021.05.29 12:15;4;19,875;18,75;18,875;491;202;0;
2308;2021.05.29 12:30;4;20,25;19,0625;19,1875;493;202;0;
2309;2021.05.29 12:45;4;20,625;19,375;19,5;495;202;0;
2310;2021.05.29 13:00;4;21;19,75;19,875;498;202;0;
2311;2021.05.29 13:15;4;21,4375;20,125;20,25;501;202;0;
2312;2021.05.29 13:30;4;21,875;20,5;20,625;504;202;0;
2313;2021.05.29 13:45;4;22,25;20,875;21;506;202;0;
2314;2021.05.29 14:00;4;22,625;21,25;21,375;509;202;0;
2315;2021.05.29 14:15;4;23;21,625;21,75;511;202;0;
2316;2021.05.29 14:30;4;23,375;22;22,0625;513;202;0;
2317;2021.05.29 14:45;4;23,625;22,375;22,375;515;202;0;
2318;2021.05.29 15:00;4;23,875;22,6875;22,625;516;202;0;
2319;2021.05.29 15:15;4;24,125;23;22,875;517;202;0;
2320;2021.05.29 15:30;4;24,25;23,25;23,125;517;202;0;
2321;2021.05.29 15:45;4;24,3125;23,375;23,25;518;202;0;
2322;2021.05.29 16:00;4;24,375;23,5625;23,375;518;202;0;
2323;2021.05.29 16:15;4;24,5;23,75;23,5;518;202;0;
2324;2021.05.29 16:30;4;24,5;23,875;23,5625;518;202;0;
2325;2021.05.29 16:45;4;24,625;23,875;23,625;518;202;0;
2326;2021.05.29 17:00;4;24,625;24;23,625;517;202;0;
2327;2021.05.29 17:15;4;24,6875;24,0625;23,6875;517;202;0;
2328;2021.05.29 17:30;4;24,6875;24,125;23,6875;517;202;0;
2329;2021.05.29 17:45;4;24,625;24,125;23,625;516;202;0;
2330;2021.05.29 18:00;4;24,625;24,125;23,625;516;202;0;
2331;2021.05.29 18:15;4;24,5;24,125;23,5625;515;202;0;
2332;2021.05.29 18:30;4;24,4375;24,125;23,5;514;202;0;
2333;2021.05.29 18:45;4;24,375;24;23,375;513;202;0;
2334;2021.05.29 19:00;4;24,25;23,9375;23,25;512;202;0;
2335;2021.05.29 19:15;4;24,0625;23,875;23,125;511;202;0;
2336;2021.05.29 19:30;4;23,875;23,75;23;510;202;0;
2337;2021.05.29 19:45;4;23,75;23,625;22,8125;509;202;0;
2338;2021.05.29 20:00;4;23,625;23,4375;22,625;508;202;0;
2339;2021.05.29 20:15;4;23,375;23,3125;22,5;507;202;0;
2340;2021.05.29 20:30;4;23,25;23,125;22,375;506;202;0;
2341;2021.05.29 20:45;4;23,0625;23;22,25;505;202;0;
2342;2021.05.29 21:00;4;22,875;22,875;22,0625;503;202;0;
2343;2021.05.29 21:15;4;22,6875;22,625;21,875;502;202;0;
2344;2021.05.29 21:30;4;22,5;22,5;21,75;501;202;0;
2345;2021.05.29 21:45;4;22,375;22,375;21,625;500;202;0;
2346;2021.05.29 22:00;4;22,1875;22,1875;21,5;499;202;0;
2347;2021.05.29 22:15;4;22;22;21,25;498;202;0;
2348;2021.05.29 22:30;4;21,8125;21,875;21,125;497;202;0;
2349;2021.05.29 22:45;4;21,625;21,625;21;496;202;0;
2350;2021.05.29 23:00;4;21,4375;21,5;20,75;495;202;0;
2351;2021.05.29 23:15;4;21,25;21,3125;20,625;493;202;0;
2352;2021.05.29 23:30;4;21,0625;21,125;20,5;492;202;0;
2353;2021.05.29 23:45;4;20,875;21;20,25;491;202;0;
2354;2021.05.30 00:00;4;20,6875;20,75;20,125;490;202;0;
2355;2021.05.30 00:15;4;20,5;20,625;20;489;202;0;
2356;2021.05.30 00:30;4;20,3125;20,375;19,75;488;202;0;
2357;2021.05.30 00:45;4;20,125;20,25;19,625;487;202;0;
2358;2021.05.30 01:00;4;19,875;20;19,375;486;202;0;
2359;2021.05.30 01:15;4;19,6875;19,8125;19,1875;484;202;0;
2360;2021.05.30 01:30;4;19,5;19,625;19;483;202;0;
2361;2021.05.30 01:45;4;19,25;19,375;18,75;482;202;0;
2362;2021.05.30 02:00;4;19;19,1875;18,5;481;202;0;
2363;2021.05.30 02:15;4;18,75;19;18,3125;479;202;0;
2364;2021.05.30 02:30;4;18,5625;18,75;18,125;478;202;0;
2365;2021.05.30 02:45;4;18,375;18,5;17,875;477;202;0;
2366;2021.05.30 03:00;4;18,125;18,25;17,625;475;202;0;
2367;2021.05.30 03:15;4;17,875;18,0625;17,375;474;202;0;
2368;2021.05.30 03:30;4;17,625;17,8125;17,1875;473;202;0;
2369;2021.05.30 03:45;4;17,375;17,625;17;471;202;0;
2370;2021.05.30 04:00;4;17,1875;17,375;16,75;470;202;0;
2371;2021.05.30 04:15;4;17;17,125;16,625;469;202;0;
2372;2021.05.30 04:30;4;16,75;16,9375;16,375;468;202;0;
2373;2021.05.30 04:45;4;16,5625;16,75;16,1875;467;202;0;
2374;2021.05.30 05:00;4;16,375;16,5;16;466;202;0;
2375;2021.05.30 05:15;4;16,125;16,375;15,875;465;202;0;
2376;2021.05.30 05:30;4;16;16,1875;15,75;464;202;0;
2377;2021.05.30 05:45;4;15,875;16;15,625;463;202;0;
2378;2021.05.30 06:00;4;15,75;15,875;15,625;463;202;0;
2379;2021.05.30 06:15;4;15,6875;15,75;15,5;462;202;0;
2380;2021.05.30 06:30;4;15,625;15,6875;15,5;462;202;0;
2381;2021.05.30 06:45;4;15,5625;15,625;15,5;462;202;0;
2382;2021.05.30 07:00;4;15,5625;15,5625;15,5;462;202;0;
2383;2021.05.30 07:15;4;15,625;15,5;15,5;462;202;0;
2384;2021.05.30 07:30;4;15,6875;15,5;15,5625;462;202;0;
2385;2021.05.30 07:45;4;15,8125;15,5625;15,625;463;202;0;
2386;2021.05.30 08:00;4;16;15,625;15,75;464;202;0;
2387;2021.05.30 08:15;4;16,25;15,75;15,875;465;202;0;
2388;2021.05.30 08:30;4;16,4375;15,875;16,0625;466;202;0;
2389;2021.05.30 08:45;4;16,6875;16,0625;16,25;468;202;0;
2390;2021.05.30 09:00;4;16,9375;16,25;16,4375;469;202;0;
2391;2021.05.30 09:15;4;17,25;16,5;16,625;471;202;0;
2392;2021.05.30 09:30;4;17,5;16,75;16,9375;473;202;0;
2393;2021.05.30 09:45;4;17,875;17;17,1875;475;202;0;
2394;2021.05.30 10:00;4;18,125;17,25;17,5;477;202;0;
2395;2021.05.30 10:15;4;18,375;17,5;17,75;479;202;0;
2396;2021.05.30 10:30;4;18,625;17,75;18;481;202;0;
2397;2021.05.30 10:45;4;18,9375;18;18,25;482;202;0;
2398;2021.05.30 11:00;4;19,25;18,3125;18,5;484;202;0;
2399;2021.05.30 11:15;4;19,5625;18,625;18,8125;486;202;0;
2400;2021.05.30 11:30;4;19,875;18,875;19,125;488;202;0;
2401;2021.05.30 11:45;4;20,25;19,1875;19,4375;490;202;0;
2402;2021.05.30 12:00;4;20,625;19,5;19,75;492;202;0;
2403;2021.05.30 12:15;4;20,9375;19,875;20,125;494;202;0;
2404;2021.05.30 12:30;4;21,3125;20,1875;20,375;496;202;0;
2405;2021.05.30 12:45;4;21,625;20,5;20,75;498;202;0;
2406;2021.05.30 13:00;4;22;20,875;21;500;202;0;
2407;2021.05.30 13:15;4;22,25;21,1875;21,375;502;202;0;
2408;2021.05.30 13:30;4;22,625;21,5;21,625;504;202;0;
2409;2021.05.30 13:45;4;22,875;21,8125;22;505;202;0;
2410;2021.05.30 14:00;4;23,125;22,125;22,25;506;202;0;
2411;2021.05.30 14:15;4;23,375;22,375;22,5;508;202;0;
2412;2021.05.30 14:30;4;23,625;22,6875;22,75;509;202;0;
2413;2021.05.30 14:45;4;23,875;22,9375;23;509;202;0;
2414;2021.05.30 15:00;4;24;23,125;23,1875;510;202;0;
2415;2021.05.30 15:15;4;24,25;23,375;23,375;511;202;0;
2416;2021.05.30 15:30;4;24,375;23,625;23,5625;511;202;0;
2417;2021.05.30 15:45;4;24,5625;23,75;23,75;512;202;0;
2418;2021.05.30 16:00;4;24,6875;23,9375;23,8125;512;202;0;
2419;2021.05.30 16:15;4;24,75;24,0625;23,875;512;202;0;
2420;2021.05.30 16:30;4;24,875;24,1875;23,875;512;202;0;
2421;2021.05.30 16:45;4;24,875;24,25;24;512;202;0;
2422;2021.05.30 17:00;4;25;24,375;24;512;202;0;
2423;2021.05.30 17:15;4;25;24,4375;24,125;512;202;0;
2424;2021.05.30 17:30;4;25;24,5;24,125;512;202;0;
2425;2021.05.30 17:45;4;25,0625;24,5;24,1875;512;202;0;
2426;2021.05.30 18:00;4;25,0625;24,625;24,1875;512;202;0;
2427;2021.05.30 18:15;4;25,0625;24,625;24,25;512;202;0;
2428;2021.05.30 18:30;4;25;24,625;24,25;511;202;0;
2429;2021.05.30 18:45;4;25;24,625;24,125;511;202;0;
2430;2021.05.30 19:00;4;24,9375;24,625;24,125;511;202;0;
2431;2021.05.30 19:15;4;24,875;24,625;24,0625;510;202;0;
2432;2021.05.30 19:30;4;24,75;24,5;23,9375;510;202;0;
2433;2021.05.30 19:45;4;24,625;24,4375;23,8125;509;202;0;
2434;2021.05.30 20:00;4;24,5;24,375;23,625;508;202;0;
2435;2021.05.30 20:15;4;24,375;24,25;23,4375;507;202;0;
2436;2021.05.30 20:30;4;24,125;24,0625;23,25;506;202;0;
2437;2021.05.30 20:45;4;24;23,875;23,0625;505;202;0;
2438;2021.05.30 21:00;4;23,75;23,75;22,875;503;202;0;
2439;2021.05.30 21:15;4;23,5;23,5;22,625;502;202;0;
2440;2021.05.30 21:30;4;23,3125;23,375;22,4375;501;202;0;
2441;2021.05.30 21:45;4;23,125;23,125;22,25;500;202;0;
2442;2021.05.30 22:00;4;22,875;22,875;22;498;202;0;
2443;2021.05.30 22:15;4;22,625;22,625;21,75;497;202;0;
2444;2021.05.30 22:30;4;22,375;22,4375;21,5;495;202;0;
2445;2021.05.30 22:45;4;22,125;22,25;21,3125;494;202;0;
2446;2021.05.30 23:00;4;21,875;22;21,125;492;202;0;
2447;2021.05.30 23:15;4;21,625;21,75;20,875;491;202;0;
2448;2021.05.30 23:30;4;21,3125;21,5;20,625;490;202;0;
2449;2021.05.30 23:45;4;21,0625;21,25;20,375;488;202;0;
2450;2021.05.31 00:00;4;20,75;20,9375;20,125;486;202;0;
2451;2021.05.31 00:15;4;20,5;20,6875;19,875;485;202;0;
2452;2021.05.31 00:30;4;20,25;20,4375;19,625;483;202;0;
2453;2021.05.31 00:45;4;20;20,125;19,375;482;202;0;
2454;2021.05.31 01:00;4;19,75;19,875;19,125;481;202;0;
2455;2021.05.31 01:15;4;19,5;19,625;18,875;479;202;0;
2456;2021.05.31 01:30;4;19,25;19,375;18,6875;478;202;0;
2457;2021.05.31 01:45;4;19;19,125;18,4375;476;202;0;
2458;2021.05.31 02:00;4;18,75;18,875;18,25;475;202;0;
2459;2021.05.31 02:15;4;18,5;18,6875;18;474;202;0;
2460;2021.05.31 02:30;4;18,25;18,4375;17,8125;473;202;0;
2461;2021.05.31 02:45;4;18;18,25;17,625;471;202;0;
2462;2021.05.31 03:00;4;17,75;18;17,375;470;202;0;
2463;2021.05.31 03:15;4;17,5625;17,75;17,125;469;202;0;
2464;2021.05.31 03:30;4;17,3125;17,5;17;468;202;0;
2465;2021.05.31 03:45;4;17,125;17,3125;16,75;466;202;0;
2466;2021.05.31 04:00;4;16,875;17,125;16,5;465;202;0;
2467;2021.05.31 04:15;4;16,625;16,875;16,375;464;202;0;
2468;2021.05.31 04:30;4;16,4375;16,625;16,125;463;202;0;
2469;2021.05.31 04:45;4;16,25;16,4375;15,9375;462;202;0;
2470;2021.05.31 05:00;4;16,0625;16,25;15,75;461;202;0;
2471;2021.05.31 05:15;4;15,875;16,0625;15,625;460;202;0;
2472;2021.05.31 05:30;4;15,75;15,875;15,5625;460;202;0;
2473;2021.05.31 05:45;4;15,625;15,75;15,4375;459;202;0;
2474;2021.05.31 06:00;4;15,5;15,625;15,375;458;202;0;
2475;2021.05.31 06:15;4;15,375;15,5;15,3125;458;202;0;
2476;2021.05.31 06:30;4;15,3125;15,375;15,25;458;202;0;
2477;2021.05.31 06:45;4;15,25;15,3125;15,25;457;202;0;
2478;2021.05.31 07:00;4;15,3125;15,25;15,25;457;202;0;
2479;2021.05.31 07:15;4;15,375;15,25;15,3125;458;202;0;
2480;2021.05.31 07:30;4;15,375;15,25;15,375;458;202;0;
2481;2021.05.31 07:45;4;15,5625;15,3125;15,375;459;202;0;
2482;2021.05.31 08:00;4;15,75;15,375;15,5;460;202;0;
2483;2021.05.31 08:15;4;15,9375;15,5;15,625;461;202;0;
2484;2021.05.31 08:30;4;16,1875;15,625;15,875;462;202;0;
2485;2021.05.31 08:45;4;16,5;15,8125;16,125;464;202;0;
2486;2021.05.31 09:00;4;16,875;16,0625;16,4375;466;202;0;
2487;2021.05.31 09:15;4;17,25;16,375;16,75;468;202;0;
2488;2021.05.31 09:30;4;17,625;16,625;17,125;471;202;0;
2489;2021.05.31 09:45;4;18;17;17,5;473;202;0;
2490;2021.05.31 10:00;4;18,375;17,375;17,8125;476;202;0;
2491;2021.05.31 10:15;4;18,875;17,75;18,1875;479;202;0;
2492;2021.05.31 10:30;4;19,375;18,125;18,5625;482;202;0;
2493;2021.05.31 10:45;4;19,75;18,5;18,9375;485;202;0;
2494;2021.05.31 11:00;4;20,125;18,875;19,25;488;202;0;
2495;2021.05.31 11:15;4;20,625;19,3125;19,6875;491;202;0;
2496;2021.05.31 11:30;4;21,0625;19,75;20,125;494;202;0;
2497;2021.05.31 11:45;4;21,5;20,125;20,5;496;202;0;
2498;2021.05.31 12:00;4;21,75;20,5625;20,8125;499;202;0;
2499;2021.05.31 12:15;4;22,125;20,875;21,125;501;202;0;
2500;2021.05.31 12:30;4;22,375;21,25;21,4375;502;202;0;
2501;2021.05.31 12:45;4;22,625;21,5625;21,75;504;202;0;
2502;2021.05.31 13:00;4;22,9375;21,875;22;506;202;0;
2503;2021.05.31 13:15;4;23,25;22,1875;22,3125;507;202;0;
2504;2021.05.31 13:30;4;23,5;22,5;22,5;508;202;0;
2505;2021.05.31 13:45;4;23,625;22,75;22,75;509;202;0;
2506;2021.05.31 14:00;4;23,8125;22,9375;22,875;510;202;0;
2507;2021.05.31 14:15;4;24;23,125;23,0625;510;202;0;
2508;2021.05.31 14:30;4;24,125;23,3125;23,125;511;202;0;
2509;2021.05.31 14:45;4;24,1875;23,5;23,25;511;202;0;
2510;2021.05.31 15:00;4;24,25;23,625;23,375;511;202;0;
2511;2021.05.31 15:15;4;24,25;23,6875;23,4375;511;202;0;
2512;2021.05.31 15:30;4;24,3125;23,75;23,5;511;202;0;
2513;2021.05.31 15:45;4;24,375;23,875;23,5;511;202;0;
2514;2021.05.31 16:00;4;24,375;23,875;23,5625;511;202;0;
2515;2021.05.31 16:15;4;24,375;24;23,625;511;202;0;
2516;2021.05.31 16:30;4;24,375;24;23,625;510;202;0;
2517;2021.05.31 16:45;4;24,375;24;23,625;510;202;0;
2518;2021.05.31 17:00;4;24,3125;24;23,5625;510;202;0;
2519;2021.05.31 17:15;4;24,25;24;23,5;509;202;0;
2520;2021.05.31 17:30;4;24,1875;23,9375;23,4375;509;202;0;
2521;2021.05.31 17:45;4;24,125;23,875;23,375;508;202;0;
2522;2021.05.31 18:00;4;24;23,8125;23,25;508;202;0;
2523;2021.05.31 18:15;4;23,875;23,75;23,125;507;202;0;
2524;2021.05.31 18:30;4;23,75;23,625;23;506;202;0;
2525;2021.05.31 18:45;4;23,625;23,5;22,875;506;202;0;
2526;2021.05.31 19:00;4;23,5;23,375;22,8125;505;202;0;
2527;2021.05.31 19:15;4;23,375;23,3125;22,75;504;202;0;
2528;2021.05.31 19:30;4;23,25;23,25;22,625;503;202;0;
2529;2021.05.31 19:45;4;23,125;23,125;22,5;503;202;0;
2530;2021.05.31 20:00;4;23;23;22,3125;502;202;0;
2531;2021.05.31 20:15;4;22,8125;22,75;22,125;501;202;0;
2532;2021.05.31 20:30;4;22,625;22,625;21,875;500;202;0;
2533;2021.05.31 20:45;4;22,375;22,375;21,625;498;202;0;
2534;2021.05.31 21:00;4;22,125;22,25;21,375;497;202;0;
2535;2021.05.31 21:15;4;21,875;22;21,25;496;202;0;
2536;2021.05.31 21:30;4;21,625;21,75;21;495;202;0;
2537;2021.05.31 21:45;4;21,4375;21,5625;20,75;493;202;0;
2538;2021.05.31 22:00;4;21,1875;21,3125;20,5625;492;202;0;
2539;2021.05.31 22:15;4;21;21,125;20,375;491;202;0;
2540;2021.05.31 22:30;4;20,75;20,875;20,125;490;202;0;
2541;2021.05.31 22:45;4;20,5;20,625;19,9375;488;202;0;
2542;2021.05.31 23:00;4;20,3125;20,4375;19,75;487;202;0;
2543;2021.05.31 23:15;4;20,125;20,25;19,5625;486;202;0;
2544;2021.05.31 23:30;4;19,875;20;19,375;485;202;0;
2545;2021.05.31 23:45;4;19,625;19,8125;19,1875;484;202;0;
2546;2021.06.01 00:00;4;19,5;19,625;19;483;202;0;
2547;2021.06.01 00:15;4;19,25;19,375;18,875;482;202;0;
2548;2021.06.01 00:30;4;19,0625;19,25;18,625;481;202;0;
2549;2021.06.01 00:45;4;18,875;19;18,5;480;202;0;
2550;2021.06.01 01:00;4;18,6875;18,875;18,375;479;202;0;
2551;2021.06.01 01:15;4;18,5;18,6875;18,1875;478;202;0;
2552;2021.06.01 01:30;4;18,375;18,5;18;477;202;0;
2553;2021.06.01 01:45;4;18,1875;18,375;17,875;476;202;0;
2554;2021.06.01 02:00;4;18;18,1875;17,75;476;202;0;
2555;2021.06.01 02:15;4;17,875;18;17,625;475;202;0;
2556;2021.06.01 02:30;4;17,6875;17,875;17,4375;474;202;0;
2557;2021.06.01 02:45;4;17,5625;17,6875;17,3125;474;202;0;
2558;2021.06.01 03:00;4;17,375;17,5625;17,1875;473;202;0;
2559;2021.06.01 03:15;4;17,25;17,375;17;472;202;0;
2560;2021.06.01 03:30;4;17,125;17,25;16,875;471;202;0;
2561;2021.06.01 03:45;4;17;17,125;16,75;471;202;0;
2562;2021.06.01 04:00;4;16,8125;17;16,625;470;202;0;
2563;2021.06.01 04:15;4;16,6875;16,8125;16,5;469;202;0;
2564;2021.06.01 04:30;4;16,5;16,6875;16,375;469;202;0;
2565;2021.06.01 04:45;4;16,375;16,5;16,25;468;202;0;
2566;2021.06.01 05:00;4;16,25;16,375;16,125;468;202;0;
2567;2021.06.01 05:15;4;16,125;16,25;16;467;202;0;
2568;2021.06.01 05:30;4;16,0625;16,125;16;467;202;0;
2569;2021.06.01 05:45;4;16;16,0625;15,875;466;202;0;
2570;2021.06.01 06:00;4;15,9375;16;15,875;466;202;0;
2571;2021.06.01 06:15;4;15,875;15,9375;15,875;466;202;0;
2572;2021.06.01 06:30;4;15,875;15,875;15,875;466;202;0;
2573;2021.06.01 06:45;4;15,875;15,875;15,875;467;202;0;
2574;2021.06.01 07:00;4;16;15,875;15,875;467;202;0;
2575;2021.06.01 07:15;4;16,0625;15,875;16;467;202;0;
2576;2021.06.01 07:30;4;16,125;15,9375;16;468;202;0;
2577;2021.06.01 07:45;4;16,3125;16;16,125;469;202;0;
2578;2021.06.01 08:00;4;16,5;16,125;16,25;470;202;0;
2579;2021.06.01 08:15;4;16,75;16,25;16,5;472;202;0;
2580;2021.06.01 08:30;4;17,125;16,4375;16,75;473;202;0;
2581;2021.06.01 08:45;4;17,5;16,625;17;475;202;0;
2582;2021.06.01 09:00;4;17,875;16,9375;17,375;478;202;0;
2583;2021.06.01 09:15;4;18,25;17,25;17,75;481;202;0;
2584;2021.06.01 09:30;4;18,6875;17,625;18,125;484;202;0;
2585;2021.06.01 09:45;4;19,125;18;18,5;487;202;0;
2586;2021.06.01 10:00;4;19,5625;18,375;18,875;490;202;0;
2587;2021.06.01 10:15;4;20;18,75;19,3125;493;202;0;
2588;2021.06.01 10:30;4;20,4375;19,1875;19,75;496;202;0;
2589;2021.06.01 10:45;4;20,875;19,625;20,125;499;202;0;
2590;2021.06.01 11:00;4;21,3125;20;20,5625;502;202;0;
2591;2021.06.01 11:15;4;21,75;20,5;20,9375;504;202;0;
2592;2021.06.01 11:30;4;22,0625;20,875;21,25;507;202;0;
2593;2021.06.01 11:45;4;22,375;21,25;21,625;509;202;0;
2594;2021.06.01 12:00;4;22,75;21,5625;21,875;511;202;0;
2595;2021.06.01 12:15;4;23,0625;21,875;22,25;513;202;0;
2596;2021.06.01 12:30;4;23,375;22,25;22,5;515;202;0;
2597;2021.06.01 12:45;4;23,75;22,625;22,875;517;202;0;
2598;2021.06.01 13:00;4;24,125;23;23,1875;519;202;0;
2599;2021.06.01 13:15;4;24,5;23,3125;23,5;521;202;0;
2600;2021.06.01 13:30;4;24,75;23,625;23,75;522;202;0;
2601;2021.06.01 13:45;4;25;23,9375;24;523;202;0;
2602;2021.06.01 14:00;4;25,25;24,25;24,25;524;202;0;
2603;2021.06.01 14:15;4;25,5;24,5;24,5;525;202;0;
2604;2021.06.01 14:30;4;25,75;24,75;24,625;526;202;0;
2605;2021.06.01 14:45;4;25,9375;24,9375;24,875;527;202;0;
2606;2021.06.01 15:00;4;26,125;25,125;25,0625;527;202;0;
2607;2021.06.01 15:15;4;26,375;25,375;25,25;528;202;0;
2608;2021.06.01 15:30;4;26,5;25,625;25,375;528;202;0;
2609;2021.06.01 15:45;4;26,6875;25,75;25,5;528;202;0;
2610;2021.06.01 16:00;4;26,875;25,9375;25,625;528;202;0;
2611;2021.06.01 16:15;4;27;26,125;25,8125;529;202;0;
2612;2021.06.01 16:30;4;27,125;26,25;25,875;529;202;0;
2613;2021.06.01 16:45;4;27,1875;26,375;26;528;202;0;
2614;2021.06.01 17:00;4;27,25;26,5;26;528;202;0;
2615;2021.06.01 17:15;4;27,25;26,5625;26;528;202;0;
2616;2021.06.01 17:30;4;27,25;26,625;26;527;202;0;
2617;2021.06.01 17:45;4;27,25;26,625;26;527;202;0;
2618;2021.06.01 18:00;4;27,125;26,625;25,9375;526;202;0;
2619;2021.06.01 18:15;4;27,0625;26,625;25,875;525;202;0;
2620;2021.06.01 18:30;4;27;26,5;25,75;524;202;0;
2621;2021.06.01 18:45;4;26,875;26,4375;25,625;523;202;0;
2622;2021.06.01 19:00;4;26,6875;26,375;25,5;522;202;0;
2623;2021.06.01 19:15;4;26,5625;26,25;25,375;521;202;0;
2624;2021.06.01 19:30;4;26,375;26,125;25,1875;520;202;0;
2625;2021.06.01 19:45;4;26,25;26;25;519;202;0;
2626;2021.06.01 20:00;4;26;25,8125;24,8125;517;202;0;
2627;2021.06.01 20:15;4;25,8125;25,625;24,625;516;202;0;
2628;2021.06.01 20:30;4;25,625;25,4375;24,375;515;202;0;
2629;2021.06.01 20:45;4;25,375;25,25;24,125;513;202;0;
2630;2021.06.01 21:00;4;25,125;25;24;512;202;0;
2631;2021.06.01 21:15;4;24,875;24,8125;23,75;510;202;0;
2632;2021.06.01 21:30;4;24,625;24,625;23,5625;509;202;0;
2633;2021.06.01 21:45;4;24,375;24,375;23,375;507;202;0;
2634;2021.06.01 22:00;4;24,125;24,125;23,1875;506;202;0;
2635;2021.06.01 22:15;4;23,875;23,875;23;504;202;0;
2636;2021.06.01 22:30;4;23,625;23,6875;22,8125;503;202;0;
2637;2021.06.01 22:45;4;23,375;23,5;22,625;502;202;0;
2638;2021.06.01 23:00;4;23,1875;23,25;22,4375;500;202;0;
2639;2021.06.01 23:15;4;23;23,0625;22,25;499;202;0;
2640;2021.06.01 23:30;4;22,75;22,875;22,125;498;202;0;
2641;2021.06.01 23:45;4;22,5625;22,6875;22;497;202;0;
2642;2021.06.02 00:00;4;22,375;22,5;21,875;496;202;0;
2643;2021.06.02 00:15;4;22,25;22,3125;21,75;495;202;0;
2644;2021.06.02 00:30;4;22,0625;22,125;21,625;494;202;0;
2645;2021.06.02 00:45;4;21,875;22;21,5;493;202;0;
2646;2021.06.02 01:00;4;21,75;21,875;21,375;492;202;0;
2647;2021.06.02 01:15;4;21,625;21,75;21,25;491;202;0;
2648;2021.06.02 01:30;4;21,5;21,625;21,1875;491;202;0;
2649;2021.06.02 01:45;4;21,375;21,5;21,125;490;202;0;
2650;2021.06.02 02:00;4;21,25;21,375;21;490;202;0;
2651;2021.06.02 02:15;4;21,125;21,25;20,875;489;202;0;
2652;2021.06.02 02:30;4;21,0625;21,125;20,875;489;202;0;
2653;2021.06.02 02:45;4;20,9375;21,0625;20,75;488;202;0;
2654;2021.06.02 03:00;4;20,875;21;20,625;488;202;0;
2655;2021.06.02 03:15;4;20,75;20,875;20,5625;487;202;0;
2656;2021.06.02 03:30;4;20,625;20,75;20,5;487;202;0;
2657;2021.06.02 03:45;4;20,5;20,625;20,375;486;202;0;
2658;2021.06.02 04:00;4;20,4375;20,5625;20,25;486;202;0;
2659;2021.06.02 04:15;4;20,375;20,5;20,1875;486;202;0;
2660;2021.06.02 04:30;4;20,25;20,375;20,0625;485;202;0;
2661;2021.06.02 04:45;4;20,125;20,25;20;485;202;0;
2662;2021.06.02 05:00;4;20;20,125;19,875;484;202;0;
2663;2021.06.02 05:15;4;20;20,0625;19,8125;484;202;0;
2664;2021.06.02 05:30;4;19,875;20;19,75;484;202;0;
2665;2021.06.02 05:45;4;19,75;19,875;19,6875;484;202;0;
2666;2021.06.02 06:00;4;19,75;19,8125;19,625;483;202;0;
2667;2021.06.02 06:15;4;19,625;19,75;19,5;483;202;0;
2668;2021.06.02 06:30;4;19,5625;19,625;19,5;483;202;0;
2669;2021.06.02 06:45;4;19,5;19,625;19,375;483;202;0;
2670;2021.06.02 07:00;4;19,4375;19,5;19,375;483;202;0;
2671;2021.06.02 07:15;4;19,375;19,4375;19,25;482;202;0;
2672;2021.06.02 07:30;4;19,3125;19,375;19,25;482;202;0;
2673;2021.06.02 07:45;4;19,25;19,3125;19,1875;482;202;0;
2674;2021.06.02 08:00;4;19,25;19,25;19,125;482;202;0;
2675;2021.06.02 08:15;4;19,1875;19,25;19,125;482;202;0;
2676;2021.06.02 08:30;4;19,1875;19,1875;19,125;482;202;0;
2677;2021.06.02 08:45;4;19,1875;19,125;19,125;482;202;0;
2678;2021.06.02 09:00;4;19,1875;19,125;19,125;483;202;0;
2679;2021.06.02 09:15;4;19,1875;19,125;19,125;483;202;0;
2680;2021.06.02 09:30;4;19,25;19,125;19,125;483;202;0;
2681;2021.06.02 09:45;4;19,25;19,125;19,125;483;202;0;
2682;2021.06.02 10:00;4;19,25;19,125;19,125;484;202;0;
2683;2021.06.02 10:15;4;19,3125;19,1875;19,125;484;202;0;
2684;2021.06.02 10:30;4;19,375;19,1875;19,125;484;202;0;
2685;2021.06.02 10:45;4;19,375;19,25;19,1875;485;202;0;
2686;2021.06.02 11:00;4;19,375;19,25;19,1875;485;202;0;
2687;2021.06.02 11:15;4;19,5;19,25;19,25;486;202;0;
2688;2021.06.02 11:30;4;19,5;19,25;19,25;486;202;0;
2689;2021.06.02 11:45;4;19,5625;19,375;19,25;487;202;0;
2690;2021.06.02 12:00;4;19,625;19,375;19,375;487;202;0;
2691;2021.06.02 12:15;4;19,75;19,375;19,375;488;202;0;
2692;2021.06.02 12:30;4;19,8125;19,5;19,5;488;202;0;
2693;2021.06.02 12:45;4;19,875;19,5625;19,5625;489;202;0;
2694;2021.06.02 13:00;4;20;19,625;19,625;490;202;0;
2695;2021.06.02 13:15;4;20,125;19,75;19,75;491;202;0;
2696;2021.06.02 13:30;4;20,3125;19,875;19,875;492;202;0;
2697;2021.06.02 13:45;4;20,375;20;20;493;202;0;
2698;2021.06.02 14:00;4;20,5;20,0625;20,0625;494;202;0;
2699;2021.06.02 14:15;4;20,625;20,125;20,125;494;202;0;
2700;2021.06.02 14:30;4;20,625;20,25;20,25;495;202;0;
2701;2021.06.02 14:45;4;20,75;20,375;20,3125;496;202;0;
2702;2021.06.02 15:00;4;20,8125;20,4375;20,375;496;202;0;
2703;2021.06.02 15:15;4;20,875;20,5;20,5;497;202;0;
2704;2021.06.02 15:30;4;20,9375;20,625;20,5625;498;202;0;
2705;2021.06.02 15:45;4;21;20,625;20,625;498;202;0;
2706;2021.06.02 16:00;4;21,0625;20,75;20,6875;499;202;0;
2707;2021.06.02 16:15;4;21,125;20,75;20,75;499;202;0;
2708;2021.06.02 16:30;4;21,125;20,875;20,8125;500;202;0;
2709;2021.06.02 16:45;4;21,25;20,875;20,875;500;202;0;
2710;2021.06.02 17:00;4;21,25;21;20,875;501;202;0;
2711;2021.06.02 17:15;4;21,3125;21;21;501;202;0;
2712;2021.06.02 17:30;4;21,375;21,0625;21;501;202;0;
2713;2021.06.02 17:45;4;21,375;21,125;21;502;202;0;
2714;2021.06.02 18:00;4;21,375;21,125;21,0625;502;202;0;
2715;2021.06.02 18:15;4;21,375;21,125;21,0625;502;202;0;
2716;2021.06.02 18:30;4;21,375;21,125;21,0625;502;202;0;
2717;2021.06.02 18:45;4;21,375;21,125;21;502;202;0;
2718;2021.06.02 19:00;4;21,3125;21,125;21;502;202;0;
2719;2021.06.02 19:15;4;21,25;21,125;21;502;202;0;
2720;2021.06.02 19:30;4;21,1875;21,125;20,875;502;202;0;
2721;2021.06.02 19:45;4;21,125;21,0625;20,8125;501;202;0;
2722;2021.06.02 20:00;4;21;21;20,6875;501;202;0;
2723;2021.06.02 20:15;4;20,875;20,875;20,5625;500;202;0;
2724;2021.06.02 20:30;4;20,75;20,75;20,4375;500;202;0;
2725;2021.06.02 20:45;4;20,625;20,625;20,25;499;202;0;
2726;2021.06.02 21:00;4;20,4375;20,5;20,125;498;202;0;
2727;2021.06.02 21:15;4;20,25;20,375;19,9375;497;202;0;
2728;2021.06.02 21:30;4;20,125;20,25;19,75;497;202;0;
2729;2021.06.02 21:45;4;19,9375;20;19,625;496;202;0;
2730;2021.06.02 22:00;4;19,75;19,875;19,4375;495;202;0;
2731;2021.06.02 22:15;4;19,5625;19,75;19,25;494;202;0;
2732;2021.06.02 22:30;4;19,375;19,5;19,125;493;202;0;
2733;2021.06.02 22:45;4;19,25;19,375;18,875;492;202;0;
2734;2021.06.02 23:00;4;19;19,1875;18,75;491;202;0;
2735;2021.06.02 23:15;4;18,875;19;18,625;490;202;0;
2736;2021.06.02 23:30;4;18,6875;18,875;18,5;489;202;0;
2737;2021.06.02 23:45;4;18,5;18,6875;18,3125;488;202;0;
2738;2021.06.03 00:00;4;18,375;18,5;18,1875;488;202;0;
2739;2021.06.03 00:15;4;18,25;18,375;18,125;487;202;0;
2740;2021.06.03 00:30;4;18,125;18,25;18;486;202;0;
2741;2021.06.03 00:45;4;18;18,125;17,875;486;202;0;
2742;2021.06.03 01:00;4;17,875;18;17,75;485;202;0;
2743;2021.06.03 01:15;4;17,75;17,875;17,625;485;202;0;
2744;2021.06.03 01:30;4;17,625;17,75;17,5625;484;202;0;
2745;2021.06.03 01:45;4;17,5;17,625;17,4375;483;202;0;
2746;2021.06.03 02:00;4;17,375;17,5;17,375;483;202;0;
2747;2021.06.03 02:15;4;17,3125;17,4375;17,25;482;202;0;
2748;2021.06.03 02:30;4;17,1875;17,3125;17,125;482;202;0;
2749;2021.06.03 02:45;4;17,0625;17,25;17;481;202;0;
2750;2021.06.03 03:00;4;17;17,125;16,875;481;202;0;
2751;2021.06.03 03:15;4;16,875;17;16,75;480;202;0;
2752;2021.06.03 03:30;4;16,75;16,875;16,6875;480;202;0;
2753;2021.06.03 03:45;4;16,625;16,75;16,625;479;202;0;
2754;2021.06.03 04:00;4;16,5;16,625;16,5;479;202;0;
2755;2021.06.03 04:15;4;16,375;16,5;16,375;478;202;0;
2756;2021.06.03 04:30;4;16,375;16,4375;16,375;478;202;0;
2757;2021.06.03 04:45;4;16,25;16,375;16,3125;478;202;0;
2758;2021.06.03 05:00;4;16,25;16,3125;16,25;478;202;0;
2759;2021.06.03 05:15;4;16,25;16,25;16,25;478;202;0;
2760;2021.06.03 05:30;4;16,1875;16,25;16,25;478;202;0;
2761;2021.06.03 05:45;4;16,1875;16,25;16,25;478;202;0;
2762;2021.06.03 06:00;4;16,25;16,1875;16,25;478;202;0;
2763;2021.06.03 06:15;4;16,25;16,1875;16,25;478;202;0;
2764;2021.06.03 06:30;4;16,25;16,25;16,3125;478;202;0;
2765;2021.06.03 06:45;4;16,3125;16,25;16,375;479;202;0;
2766;2021.06.03 07:00;4;16,375;16,25;16,375;479;202;0;
2767;2021.06.03 07:15;4;16,4375;16,25;16,375;480;202;0;
2768;2021.06.03 07:30;4;16,5;16,375;16,5;480;202;0;
2769;2021.06.03 07:45;4;16,625;16,375;16,5;481;202;0;
2770;2021.06.03 08:00;4;16,75;16,5;16,625;482;202;0;
2771;2021.06.03 08:15;4;16,875;16,5;16,6875;483;202;0;
2772;2021.06.03 08:30;4;17;16,625;16,75;484;202;0;
2773;2021.06.03 08:45;4;17,125;16,75;16,875;485;202;0;
2774;2021.06.03 09:00;4;17,375;16,875;17;486;202;0;
2775;2021.06.03 09:15;4;17,5625;17;17,25;487;202;0;
2776;2021.06.03 09:30;4;17,875;17,25;17,4375;489;202;0;
2777;2021.06.03 09:45;4;18,125;17,4375;17,6875;491;202;0;
2778;2021.06.03 10:00;4;18,5;17,6875;17,9375;493;202;0;
2779;2021.06.03 10:15;4;18,875;18;18,25;495;202;0;
2780;2021.06.03 10:30;4;19,25;18,25;18,5625;498;202;0;
2781;2021.06.03 10:45;4;19,6875;18,625;18,875;501;202;0;
2782;2021.06.03 11:00;4;20,125;18,9375;19,25;504;202;0;
2783;2021.06.03 11:15;4;20,5;19,3125;19,625;507;202;0;
2784;2021.06.03 11:30;4;20,9375;19,6875;20;510;202;0;
2785;2021.06.03 11:45;4;21,375;20,125;20,375;512;202;0;
2786;2021.06.03 12:00;4;21,6875;20,5;20,6875;515;202;0;
2787;2021.06.03 12:15;4;22,125;20,8125;21,0625;518;202;0;
2788;2021.06.03 12:30;4;22,5;21,25;21,5;521;202;0;
2789;2021.06.03 12:45;4;23;21,625;21,9375;524;202;0;
2790;2021.06.03 13:00;4;23,375;22,0625;22,375;526;202;0;
2791;2021.06.03 13:15;4;23,75;22,5;22,8125;529;202;0;
2792;2021.06.03 13:30;4;24,0625;22,875;23,125;531;202;0;
2793;2021.06.03 13:45;4;24,3125;23,25;23,5;533;202;0;
2794;2021.06.03 14:00;4;24,5;23,5;23,75;534;202;0;
2795;2021.06.03 14:15;4;24,6875;23,8125;24;535;202;0;
2796;2021.06.03 14:30;4;24,875;24,0625;24,25;536;202;0;
2797;2021.06.03 14:45;4;25,0625;24,25;24,5;537;202;0;
2798;2021.06.03 15:00;4;25,25;24,5;24,625;538;202;0;
2799;2021.06.03 15:15;4;25,4375;24,75;24,875;538;202;0;
2800;2021.06.03 15:30;4;25,625;24,9375;25;539;202;0;
2801;2021.06.03 15:45;4;25,875;25,125;25,25;540;202;0;
2802;2021.06.03 16:00;4;26,125;25,375;25,375;540;202;0;
2803;2021.06.03 16:15;4;26,25;25,625;25,625;541;202;0;
2804;2021.06.03 16:30;4;26,5;25,75;25,75;541;202;0;
2805;2021.06.03 16:45;4;26,625;26;25,875;542;202;0;
2806;2021.06.03 17:00;4;26,8125;26,125;26;542;202;0;
2807;2021.06.03 17:15;4;27;26,25;26,0625;542;202;0;
2808;2021.06.03 17:30;4;27,125;26,375;26,125;542;202;0;
2809;2021.06.03 17:45;4;27,1875;26,5;26,0625;542;202;0;
2810;2021.06.03 18:00;4;27,125;26,5;26;541;202;0;
2811;2021.06.03 18:15;4;27,0625;26,5;25,8125;540;202;0;
2812;2021.06.03 18:30;4;27;26,5;25,6875;539;202;0;
2813;2021.06.03 18:45;4;26,8125;26,375;25,5;538;202;0;
2814;2021.06.03 19:00;4;26,625;26,25;25,375;537;202;0;
2815;2021.06.03 19:15;4;26,5;26,125;25,25;535;202;0;
2816;2021.06.03 19:30;4;26,25;26;25,0625;534;202;0;
2817;2021.06.03 19:45;4;26,0625;25,8125;24,875;532;202;0;
2818;2021.06.03 20:00;4;25,875;25,625;24,6875;531;202;0;
2819;2021.06.03 20:15;4;25,625;25,5;24,5;529;202;0;
2820;2021.06.03 20:30;4;25,375;25,25;24,25;528;202;0;
2821;2021.06.03 20:45;4;25,125;25,0625;24,0625;526;202;0;
2822;2021.06.03 21:00;4;24,875;24,875;23,875;525;202;0;
2823;2021.06.03 21:15;4;24,625;24,625;23,625;523;202;0;
2824;2021.06.03 21:30;4;24,375;24,375;23,4375;522;202;0;
2825;2021.06.03 21:45;4;24,125;24,125;23,25;520;202;0;
2826;2021.06.03 22:00;4;23,9375;23,9375;23,0625;519;202;0;
2827;2021.06.03 22:15;4;23,75;23,75;22,875;517;202;0;
2828;2021.06.03 22:30;4;23,5;23,5;22,75;516;202;0;
2829;2021.06.03 22:45;4;23,3125;23,375;22,625;515;202;0;
2830;2021.06.03 23:00;4;23,125;23,1875;22,5;514;202;0;
2831;2021.06.03 23:15;4;22,9375;23;22,375;513;202;0;
2832;2021.06.03 23:30;4;22,75;22,875;22,25;512;202;0;
2833;2021.06.03 23:45;4;22,625;22,6875;22,125;511;202;0;
2834;2021.06.04 00:00;4;22,5;22,5;22;510;202;0;
2835;2021.06.04 00:15;4;22,3125;22,375;21,875;509;202;0;
2836;2021.06.04 00:30;4;22,1875;22,25;21,75;508;202;0;
2837;2021.06.04 00:45;4;22;22,125;21,6875;508;202;0;
2838;2021.06.04 01:00;4;21,875;22;21,5625;507;202;0;
2839;2021.06.04 01:15;4;21,75;21,875;21,4375;506;202;0;
2840;2021.06.04 01:30;4;21,625;21,75;21,3125;506;202;0;
2841;2021.06.04 01:45;4;21,5;21,625;21,1875;505;202;0;
2842;2021.06.04 02:00;4;21,375;21,5;21;504;202;0;
2843;2021.06.04 02:15;4;21,1875;21,25;20,875;503;202;0;
2844;2021.06.04 02:30;4;21;21,125;20,6875;503;202;0;
2845;2021.06.04 02:45;4;20,875;21;20,5;502;202;0;
2846;2021.06.04 03:00;4;20,625;20,8125;20,375;501;202;0;
2847;2021.06.04 03:15;4;20,5;20,625;20,125;500;202;0;
2848;2021.06.04 03:30;4;20,3125;20,5;20;499;202;0;
2849;2021.06.04 03:45;4;20,125;20,25;19,8125;498;202;0;
2850;2021.06.04 04:00;4;19,9375;20,125;19,625;497;202;0;
2851;2021.06.04 04:15;4;19,75;19,875;19,5;496;202;0;
2852;2021.06.04 04:30;4;19,625;19,75;19,3125;496;202;0;
2853;2021.06.04 04:45;4;19,4375;19,5625;19,125;495;202;0;
2854;2021.06.04 05:00;4;19,25;19,375;19;494;202;0;
2855;2021.06.04 05:15;4;19,125;19,25;18,9375;493;202;0;
2856;2021.06.04 05:30;4;19;19,125;18,875;493;202;0;
2857;2021.06.04 05:45;4;18,875;19;18,75;492;202;0;
2858;2021.06.04 06:00;4;18,8125;18,9375;18,75;492;202;0;
2859;2021.06.04 06:15;4;18,75;18,875;18,75;492;202;0;
2860;2021.06.04 06:30;4;18,75;18,75;18,6875;492;202;0;
2861;2021.06.04 06:45;4;18,75;18,75;18,75;492;202;0;
2862;2021.06.04 07:00;4;18,75;18,75;18,75;492;202;0;
2863;2021.06.04 07:15;4;18,875;18,75;18,75;493;202;0;
2864;2021.06.04 07:30;4;19;18,75;18,875;493;202;0;
2865;2021.06.04 07:45;4;19,125;18,875;19;494;202;0;
2866;2021.06.04 08:00;4;19,25;18,9375;19,125;495;202;0;
2867;2021.06.04 08:15;4;19,5625;19,125;19,3125;497;202;0;
2868;2021.06.04 08:30;4;19,875;19,25;19,5;499;202;0;
2869;2021.06.04 08:45;4;20,125;19,5;19,75;501;202;0;
2870;2021.06.04 09:00;4;20,5;19,75;20,0625;503;202;0;
2871;2021.06.04 09:15;4;20,8125;20;20,375;505;202;0;
2872;2021.06.04 09:30;4;21,125;20,25;20,625;508;202;0;
2873;2021.06.04 09:45;4;21,5;20,5625;20,9375;510;202;0;
2874;2021.06.04 10:00;4;21,875;20,875;21,25;513;202;0;
2875;2021.06.04 10:15;4;22,25;21,25;21,625;516;202;0;
2876;2021.06.04 10:30;4;22,625;21,5625;22;519;202;0;
2877;2021.06.04 10:45;4;23,0625;21,9375;22,375;521;202;0;
2878;2021.06.04 11:00;4;23,375;22,3125;22,75;524;202;0;
2879;2021.06.04 11:15;4;23,75;22,625;23,125;526;202;0;
2880;2021.06.04 11:30;4;24;23;23,375;528;202;0;
2881;2021.06.04 11:45;4;24,375;23,3125;23,75;530;202;0;
2882;2021.06.04 12:00;4;24,75;23,625;24,0625;532;202;0;
2883;2021.06.04 12:15;4;25,125;24;24,4375;535;202;0;
2884;2021.06.04 12:30;4;25,5;24,375;24,75;537;202;0;
2885;2021.06.04 12:45;4;25,875;24,75;25,125;539;202;0;
2886;2021.06.04 13:00;4;26,25;25,125;25,5;541;202;0;
2887;2021.06.04 13:15;4;26,625;25,5;25,875;542;202;0;
2888;2021.06.04 13:30;4;27;25,8125;26,125;544;202;0;
2889;2021.06.04 13:45;4;27,25;26,125;26,5;545;202;0;
2890;2021.06.04 14:00;4;27,625;26,5;26,75;546;202;0;
2891;2021.06.04 14:15;4;27,875;26,8125;27;547;202;0;
2892;2021.06.04 14:30;4;28,1875;27,125;27,3125;548;202;0;
2893;2021.06.04 14:45;4;28,4375;27,375;27,5;548;202;0;
2894;2021.06.04 15:00;4;28,625;27,625;27,625;549;202;0;
2895;2021.06.04 15:15;4;28,6875;27,8125;27,75;548;202;0;
2896;2021.06.04 15:30;4;28,8125;28;27,875;548;202;0;
2897;2021.06.04 15:45;4;28,875;28,125;28;548;202;0;
2898;2021.06.04 16:00;4;29;28,25;28;547;202;0;
2899;2021.06.04 16:15;4;29,0625;28,375;28,0625;547;202;0;
2900;2021.06.04 16:30;4;29,125;28,4375;28,0625;546;202;0;
2901;2021.06.04 16:45;4;29,125;28,5;28,0625;546;202;0;
2902;2021.06.04 17:00;4;29,125;28,5;28;545;202;0;
2903;2021.06.04 17:15;4;29;28,5;28;544;202;0;
2904;2021.06.04 17:30;4;29;28,5;27,875;543;202;0;
2905;2021.06.04 17:45;4;28,875;28,4375;27,75;542;202;0;
2906;2021.06.04 18:00;4;28,6875;28,375;27,5625;541;202;0;
2907;2021.06.04 18:15;4;28,5625;28,25;27,375;540;202;0;
2908;2021.06.04 18:30;4;28,375;28,125;27,25;538;202;0;
2909;2021.06.04 18:45;4;28,25;28;27,125;537;202;0;
2910;2021.06.04 19:00;4;28,0625;27,875;27;536;202;0;
2911;2021.06.04 19:15;4;27,875;27,75;26,875;534;202;0;
2912;2021.06.04 19:30;4;27,75;27,5625;26,75;533;202;0;
2913;2021.06.04 19:45;4;27,5625;27,4375;26,625;532;202;0;
2914;2021.06.04 20:00;4;27,375;27,25;26,4375;531;202;0;
2915;2021.06.04 20:15;4;27,25;27,125;26,3125;530;202;0;
2916;2021.06.04 20:30;4;27;27;26,125;528;202;0;
2917;2021.06.04 20:45;4;26,875;26,8125;25,9375;527;202;0;
2918;2021.06.04 21:00;4;26,625;26,625;25,75;526;202;0;
2919;2021.06.04 21:15;4;26,5;26,5;25,625;525;202;0;
2920;2021.06.04 21:30;4;26,25;26,25;25,375;524;202;0;
2921;2021.06.04 21:45;4;26,0625;26,125;25,25;522;202;0;
2922;2021.06.04 22:00;4;25,875;25,875;25,125;521;202;0;
2923;2021.06.04 22:15;4;25,6875;25,75;24,875;520;202;0;
2924;2021.06.04 22:30;4;25,5;25,5;24,75;519;202;0;
2925;2021.06.04 22:45;4;25,25;25,375;24,5625;518;202;0;
2926;2021.06.04 23:00;4;25,0625;25,125;24,375;517;202;0;
2927;2021.06.04 23:15;4;24,875;25;24,1875;515;202;0;
2928;2021.06.04 23:30;4;24,6875;24,75;24;514;202;0;
2929;2021.06.04 23:45;4;24,5;24,625;23,875;513;202;0;
2930;2021.06.05 00:00;4;24,25;24,375;23,75;512;202;0;
2931;2021.06.05 00:15;4;24,125;24,25;23,5625;511;202;0;
2932;2021.06.05 00:30;4;23,875;24,0625;23,4375;510;202;0;
2933;2021.06.05 00:45;4;23,75;23,875;23,3125;509;202;0;
2934;2021.06.05 01:00;4;23,625;23,75;23,125;509;202;0;
2935;2021.06.05 01:15;4;23,375;23,5625;23;508;202;0;
2936;2021.06.05 01:30;4;23,25;23,375;22,875;507;202;0;
2937;2021.06.05 01:45;4;23,125;23,25;22,75;506;202;0;
2938;2021.06.05 02:00;4;23;23,125;22,625;506;202;0;
2939;2021.06.05 02:15;4;22,8125;23;22,5;505;202;0;
2940;2021.06.05 02:30;4;22,6875;22,8125;22,375;504;202;0;
2941;2021.06.05 02:45;4;22,5;22,6875;22,25;504;202;0;
2942;2021.06.05 03:00;4;22,375;22,5;22,125;503;202;0;
2943;2021.06.05 03:15;4;22,25;22,375;22;502;202;0;
2944;2021.06.05 03:30;4;22,125;22,25;21,875;502;202;0;
2945;2021.06.05 03:45;4;22;22,125;21,75;501;202;0;
2946;2021.06.05 04:00;4;21,875;22;21,625;501;202;0;
2947;2021.06.05 04:15;4;21,75;21,875;21,5;500;202;0;
2948;2021.06.05 04:30;4;21,625;21,75;21,375;499;202;0;
2949;2021.06.05 04:45;4;21,4375;21,625;21,25;499;202;0;
2950;2021.06.05 05:00;4;21,3125;21,5;21,0625;498;202;0;
2951;2021.06.05 05:15;4;21,125;21,3125;20,875;498;202;0;
2952;2021.06.05 05:30;4;21;21,1875;20,75;497;202;0;
2953;2021.06.05 05:45;4;20,875;21;20,625;496;202;0;
2954;2021.06.05 06:00;4;20,75;20,875;20,5;496;202;0;
2955;2021.06.05 06:15;4;20,5625;20,75;20,3125;495;202;0;
2956;2021.06.05 06:30;4;20,4375;20,625;20,1875;495;202;0;
2957;2021.06.05 06:45;4;20,25;20,4375;20;494;202;0;
2958;2021.06.05 07:00;4;20,125;20,25;19,9375;493;202;0;
2959;2021.06.05 07:15;4;20,0625;20,1875;19,875;493;202;0;
2960;2021.06.05 07:30;4;20;20,0625;19,75;493;202;0;
2961;2021.06.05 07:45;4;19,875;20;19,75;492;202;0;
2962;2021.06.05 08:00;4;19,875;19,875;19,6875;492;202;0;
2963;2021.06.05 08:15;4;19,875;19,875;19,6875;492;202;0;
2964;2021.06.05 08:30;4;19,875;19,8125;19,6875;492;202;0;
2965;2021.06.05 08:45;4;19,875;19,75;19,75;493;202;0;
2966;2021.06.05 09:00;4;19,875;19,75;19,75;493;202;0;
2967;2021.06.05 09:15;4;19,9375;19,75;19,75;493;202;0;
2968;2021.06.05 09:30;4;20;19,75;19,75;493;202;0;
2969;2021.06.05 09:45;4;20,0625;19,8125;19,75;494;202;0;
2970;2021.06.05 10:00;4;20,125;19,875;19,875;495;202;0;
2971;2021.06.05 10:15;4;20,3125;19,9375;20;496;202;0;
2972;2021.06.05 10:30;4;20,5;20,0625;20,125;497;202;0;
2973;2021.06.05 10:45;4;20,75;20,1875;20,3125;498;202;0;
2974;2021.06.05 11:00;4;21;20,375;20,5;500;202;0;
2975;2021.06.05 11:15;4;21,25;20,5;20,6875;501;202;0;
2976;2021.06.05 11:30;4;21,5;20,75;20,875;503;202;0;
2977;2021.06.05 11:45;4;21,75;20,9375;21,0625;505;202;0;
2978;2021.06.05 12:00;4;22;21,125;21,25;506;202;0;
2979;2021.06.05 12:15;4;22,25;21,375;21,5;508;202;0;
2980;2021.06.05 12:30;4;22,5;21,625;21,625;510;202;0;
2981;2021.06.05 12:45;4;22,75;21,8125;21,875;511;202;0;
2982;2021.06.05 13:00;4;22,9375;22;22,0625;513;202;0;
2983;2021.06.05 13:15;4;23,25;22,25;22,25;515;202;0;
2984;2021.06.05 13:30;4;23,4375;22,5;22,5;516;202;0;
2985;2021.06.05 13:45;4;23,625;22,75;22,6875;517;202;0;
2986;2021.06.05 14:00;4;23,875;22,875;22,875;519;202;0;
2987;2021.06.05 14:15;4;24;23,125;23,125;520;202;0;
2988;2021.06.05 14:30;4;24,125;23,3125;23,25;521;202;0;
2989;2021.06.05 14:45;4;24,3125;23,5;23,4375;521;202;0;
2990;2021.06.05 15:00;4;24,375;23,625;23,5;522;202;0;
2991;2021.06.05 15:15;4;24,5;23,8125;23,625;522;202;0;
2992;2021.06.05 15:30;4;24,5;23,875;23,75;522;202;0;
2993;2021.06.05 15:45;4;24,625;24;23,75;522;202;0;
2994;2021.06.05 16:00;4;24,625;24,0625;23,75;522;202;0;
2995;2021.06.05 16:15;4;24,5625;24,125;23,75;522;202;0;
2996;2021.06.05 16:30;4;24,5625;24,125;23,75;521;202;0;
2997;2021.06.05 16:45;4;24,5625;24,125;23,75;521;202;0;
2998;2021.06.05 17:00;4;24,5;24,125;23,75;521;202;0;
2999;2021.06.05 17:15;4;24,5;24,125;23,75;520;202;0;
3000;2021.06.05 17:30;4;24,5;24,125;23,625;520;202;0;
3001;2021.06.05 17:45;4;24,375;24,125;23,625;519;202;0;
3002;2021.06.05 18:00;4;24,3125;24;23,5;518;202;0;
3003;2021.06.05 18:15;4;24,25;24;23,375;518;202;0;
3004;2021.06.05 18:30;4;24,125;23,875;23,3125;517;202;0;
3005;2021.06.05 18:45;4;23,9375;23,75;23,125;516;202;0;
3006;2021.06.05 19:00;4;23,8125;23,625;23;515;202;0;
3007;2021.06.05 19:15;4;23,625;23,5;22,875;514;202;0;
3008;2021.06.05 19:30;4;23,5;23,375;22,75;513;202;0;
3009;2021.06.05 19:45;4;23,375;23,25;22,625;512;202;0;
3010;2021.06.05 20:00;4;23,1875;23,125;22,4375;511;202;0;
3011;2021.06.05 20:15;4;23;23;22,25;510;202;0;
3012;2021.06.05 20:30;4;22,8125;22,8125;22,125;508;202;0;
3013;2021.06.05 20:45;4;22,625;22,625;21,875;507;202;0;
3014;2021.06.05 21:00;4;22,375;22,4375;21,75;506;202;0;
3015;2021.06.05 21:15;4;22,25;22,25;21,5625;505;202;0;
3016;2021.06.05 21:30;4;22;22,0625;21,375;504;202;0;
3017;2021.06.05 21:45;4;21,8125;21,875;21,25;502;202;0;
3018;2021.06.05 22:00;4;21,625;21,6875;21,0625;501;202;0;
3019;2021.06.05 22:15;4;21,375;21,5;20,875;500;202;0;
3020;2021.06.05 22:30;4;21,25;21,375;20,75;499;202;0;
3021;2021.06.05 22:45;4;21;21,125;20,625;498;202;0;
3022;2021.06.05 23:00;4;20,875;21;20,5;497;202;0;
3023;2021.06.05 23:15;4;20,625;20,8125;20,3125;496;202;0;
3024;2021.06.05 23:30;4;20,5;20,625;20,125;495;202;0;
3025;2021.06.05 23:45;4;20,25;20,4375;20;494;202;0;
3026;2021.06.06 00:00;4;20,125;20,25;19,875;493;202;0;
3027;2021.06.06 00:15;4;19,9375;20,125;19,6875;492;202;0;
3028;2021.06.06 00:30;4;19,75;19,9375;19,5625;491;202;0;
3029;2021.06.06 00:45;4;19,625;19,75;19,4375;491;202;0;
3030;2021.06.06 01:00;4;19,5;19,625;19,375;490;202;0;
3031;2021.06.06 01:15;4;19,375;19,5;19,25;489;202;0;
3032;2021.06.06 01:30;4;19,25;19,375;19,1875;489;202;0;
3033;2021.06.06 01:45;4;19,125;19,3125;19,125;489;202;0;
3034;2021.06.06 02:00;4;19,125;19,25;19,0625;488;202;0;
3035;2021.06.06 02:15;4;19;19,125;19;488;202;0;
3036;2021.06.06 02:30;4;18,9375;19,0625;19;488;202;0;
3037;2021.06.06 02:45;4;18,875;19;18,875;488;202;0;
3038;2021.06.06 03:00;4;18,875;18,9375;18,875;487;202;0;
3039;2021.06.06 03:15;4;18,75;18,875;18,8125;487;202;0;
3040;2021.06.06 03:30;4;18,75;18,8125;18,75;487;202;0;
3041;2021.06.06 03:45;4;18,6875;18,75;18,6875;487;202;0;
3042;2021.06.06 04:00;4;18,625;18,6875;18,625;487;202;0;
3043;2021.06.06 04:15;4;18,5625;18,625;18,625;487;202;0;
3044;2021.06.06 04:30;4;18,5;18,625;18,5;487;202;0;
3045;2021.06.06 04:45;4;18,5;18,5;18,5;486;202;0;
3046;2021.06.06 05:00;4;18,4375;18,5;18,5;486;202;0;
3047;2021.06.06 05:15;4;18,375;18,4375;18,375;486;202;0;
3048;2021.06.06 05:30;4;18,375;18,375;18,375;486;202;0;
3049;2021.06.06 05:45;4;18,375;18,375;18,375;486;202;0;
3050;2021.06.06 06:00;4;18,3125;18,375;18,3125;486;202;0;
3051;2021.06.06 06:15;4;18,25;18,3125;18,25;486;202;0;
3052;2021.06.06 06:30;4;18,25;18,25;18,25;486;202;0;
3053;2021.06.06 06:45;4;18,25;18,25;18,25;486;202;0;
3054;2021.06.06 07:00;4;18,25;18,25;18,25;486;202;0;
3055;2021.06.06 07:15;4;18,25;18,1875;18,1875;487;202;0;
3056;2021.06.06 07:30;4;18,25;18,1875;18,1875;487;202;0;
3057;2021.06.06 07:45;4;18,25;18,1875;18,25;489;202;0;
3058;2021.06.06 08:00;4;18,375;18,1875;18,125;489;202;0;
3059;2021.06.06 08:15;4;18,5;18,25;18,125;489;202;0;
3060;2021.06.06 08:30;4;18,5625;18,25;18,0625;490;202;0;
3061;2021.06.06 08:45;4;18,625;18,375;18;491;202;0;
3062;2021.06.06 09:00;4;18,75;18,375;18,0625;492;202;0;
3063;2021.06.06 09:15;4;18,875;18,5;18,125;492;202;0;
3064;2021.06.06 09:30;4;19;18,5625;18,125;493;202;0;
3065;2021.06.06 09:45;4;19,125;18,625;18,125;494;202;0;
3066;2021.06.06 10:00;4;19,1875;18,75;18,1875;495;202;0;
3067;2021.06.06 10:15;4;19,25;18,8125;18,25;495;202;0;
3068;2021.06.06 10:30;4;19,375;18,875;18,25;496;202;0;
3069;2021.06.06 10:45;4;19,375;18,9375;18,3125;496;202;0;
3070;2021.06.06 11:00;4;19,4375;19;18,3125;497;202;0;
3071;2021.06.06 11:15;4;19,5;19,0625;18,375;497;202;0;
3072;2021.06.06 11:30;4;19,5625;19,125;18,375;498;202;0;
3073;2021.06.06 11:45;4;19,625;19,125;18,375;498;202;0;
3074;2021.06.06 12:00;4;19,625;19,1875;18,375;498;202;0;
3075;2021.06.06 12:15;4;19,625;19,25;18,4375;499;202;0;
3076;2021.06.06 12:30;4;19,6875;19,25;18,4375;499;202;0;
3077;2021.06.06 12:45;4;19,75;19,25;18,5;499;202;0;
3078;2021.06.06 13:00;4;19,75;19,3125;18,5;499;202;0;
3079;2021.06.06 13:15;4;19,75;19,375;18,5;500;202;0;
3080;2021.06.06 13:30;4;19,75;19,375;18,5;500;202;0;
3081;2021.06.06 13:45;4;19,875;19,375;18,5;500;202;0;
3082;2021.06.06 14:00;4;19,875;19,4375;18,5625;500;202;0;
3083;2021.06.06 14:15;4;19,9375;19,5;18,625;501;202;0;
3084;2021.06.06 14:30;4;20;19,5;18,625;501;202;0;
3085;2021.06.06 14:45;4;20;19,5;18,625;501;202;0;
3086;2021.06.06 15:00;4;20,0625;19,5625;18,625;501;202;0;
3087;2021.06.06 15:15;4;20,125;19,625;18,625;502;202;0;
3088;2021.06.06 15:30;4;20,125;19,625;18,6875;502;202;0;
3089;2021.06.06 15:45;4;20,125;19,625;18,75;502;202;0;
3090;2021.06.06 16:00;4;20,125;19,6875;18,75;502;202;0;
3091;2021.06.06 16:15;4;20,25;19,75;18,75;502;202;0;
3092;2021.06.06 16:30;4;20,25;19,75;18,75;503;202;0;
3093;2021.06.06 16:45;4;20,25;19,75;18,75;503;202;0;
3094;2021.06.06 17:00;4;20,375;19,8125;18,8125;503;202;0;
3095;2021.06.06 17:15;4;20,375;19,875;18,8125;503;202;0;
3096;2021.06.06 17:30;4;20,375;19,875;18,875;503;202;0;
3097;2021.06.06 17:45;4;20,375;19,875;18,875;504;202;0;
3098;2021.06.06 18:00;4;20,375;19,9375;18,875;504;202;0;
3099;2021.06.06 18:15;4;20,375;19,9375;18,875;504;202;0;
3100;2021.06.06 18:30;4;20,375;19,9375;18,875;504;202;0;
3101;2021.06.06 18:45;4;20,375;19,9375;18,875;504;202;0;
3102;2021.06.06 19:00;4;20,375;19,9375;18,875;503;202;0;
3103;2021.06.06 19:15;4;20,375;19,9375;18,875;503;202;0;
3104;2021.06.06 19:30;4;20,3125;19,9375;18,875;503;202;0;
3105;2021.06.06 19:45;4;20,25;19,875;18,875;503;202;0;
3106;2021.06.06 20:00;4;20,25;19,875;18,875;503;202;0;
3107;2021.06.06 20:15;4;20,1875;19,875;18,8125;503;202;0;
3108;2021.06.06 20:30;4;20,125;19,8125;18,75;503;202;0;
3109;2021.06.06 20:45;4;20,125;19,75;18,75;503;202;0;
3110;2021.06.06 21:00;4;20,0625;19,75;18,75;502;202;0;
3111;2021.06.06 21:15;4;20;19,75;18,75;502;202;0;
3112;2021.06.06 21:30;4;20;19,6875;18,75;502;202;0;
3113;2021.06.06 21:45;4;19,9375;19,625;18,6875;502;202;0;
3114;2021.06.06 22:00;4;19,875;19,625;18,6875;502;202;0;
3115;2021.06.06 22:15;4;19,875;19,5625;18,625;502;202;0;
3116;2021.06.06 22:30;4;19,8125;19,5;18,625;501;202;0;
3117;2021.06.06 22:45;4;19,75;19,5;18,625;501;202;0;
3118;2021.06.06 23:00;4;19,75;19,5;18,625;501;202;0;
3119;2021.06.06 23:15;4;19,6875;19,375;18,5625;501;202;0;
3120;2021.06.06 23:30;4;19,625;19,375;18,5;501;202;0;
3121;2021.06.06 23:45;4;19,625;19,375;18,5;501;202;0;
3122;2021.06.07 00:00;4;19,5625;19,3125;18,5;501;202;0;
3123;2021.06.07 00:15;4;19,5;19,25;18,5;500;202;0;
3124;2021.06.07 00:30;4;19,5;19,25;18,4375;500;202;0;
3125;2021.06.07 00:45;4;19,4375;19,25;18,375;500;202;0;
3126;2021.06.07 01:00;4;19,375;19,125;18,375;500;202;0;
3127;2021.06.07 01:15;4;19,375;19,125;18,375;500;202;0;
3128;2021.06.07 01:30;4;19,375;19,125;18,375;500;202;0;
3129;2021.06.07 01:45;4;19,25;19,0625;18,3125;500;202;0;
3130;2021.06.07 02:00;4;19,25;19;18,25;500;202;0;
3131;2021.06.07 02:15;4;19,25;19;18,25;499;202;0;
3132;2021.06.07 02:30;4;19,1875;18,9375;18,25;499;202;0;
3133;2021.06.07 02:45;4;19,125;18,875;18,25;499;202;0;
3134;2021.06.07 03:00;4;19,125;18,875;18,25;499;202;0;
3135;2021.06.07 03:15;4;19,125;18,875;18,1875;499;202;0;
3136;2021.06.07 03:30;4;19,0625;18,8125;18,1875;499;202;0;
3137;2021.06.07 03:45;4;19;18,8125;18,125;499;202;0;
3138;2021.06.07 04:00;4;19;18,75;18,125;499;202;0;
3139;2021.06.07 04:15;4;18,9375;18,75;18,125;499;202;0;
3140;2021.06.07 04:30;4;18,875;18,6875;18,125;499;202;0;
3141;2021.06.07 04:45;4;18,875;18,6875;18,0625;499;202;0;
3142;2021.06.07 05:00;4;18,875;18,625;18,0625;499;202;0;
3143;2021.06.07 05:15;4;18,875;18,625;18;499;202;0;
3144;2021.06.07 05:30;4;18,8125;18,625;18;499;202;0;
3145;2021.06.07 05:45;4;18,75;18,625;18;498;202;0;
3146;2021.06.07 06:00;4;18,75;18,5625;18;498;202;0;
3147;2021.06.07 06:15;4;18,75;18,5;18;498;202;0;
3148;2021.06.07 06:30;4;18,6875;18,5;17,9375;498;202;0;
3149;2021.06.07 06:45;4;18,6875;18,5;17,9375;498;202;0;
3150;2021.06.07 07:00;4;18,625;18,5;17,9375;498;202;0;
3151;2021.06.07 07:15;4;18,625;18,4375;17,9375;498;202;0;
3152;2021.06.07 07:30;4;18,625;18,4375;17,875;499;202;0;
3153;2021.06.07 07:45;4;18,625;18,4375;17,875;499;202;0;
3154;2021.06.07 08:00;4;18,6875;18,4375;17,875;499;202;0;
3155;2021.06.07 08:15;4;18,6875;18,4375;17,875;499;202;0;
3156;2021.06.07 08:30;4;18,75;18,4375;17,9375;499;202;0;
3157;2021.06.07 08:45;4;18,75;18,5;17,9375;500;202;0;
3158;2021.06.07 09:00;4;18,75;18,5;17,9375;500;202;0;
3159;2021.06.07 09:15;4;18,8125;18,5;18;500;202;0;
3160;2021.06.07 09:30;4;18,875;18,5;18;501;202;0;
3161;2021.06.07 09:45;4;18,9375;18,5625;18;501;202;0;
3162;2021.06.07 10:00;4;19;18,625;18,0625;502;202;0;
3163;2021.06.07 10:15;4;19,0625;18,625;18,125;502;202;0;
3164;2021.06.07 10:30;4;19,125;18,75;18,125;503;202;0;
3165;2021.06.07 10:45;4;19,25;18,75;18,125;503;202;0;
3166;2021.06.07 11:00;4;19,25;18,8125;18,1875;504;202;0;
3167;2021.06.07 11:15;4;19,3125;18,875;18,25;504;202;0;
3168;2021.06.07 11:30;4;19,375;18,875;18,25;504;202;0;
3169;2021.06.07 11:45;4;19,375;19;18,25;505;202;0;
3170;2021.06.07 12:00;4;19,5;19;18,3125;505;202;0;
3171;2021.06.07 12:15;4;19,5;19,0625;18,375;506;202;0;
3172;2021.06.07 12:30;4;19,625;19,125;18,4375;506;202;0;
3173;2021.06.07 12:45;4;19,75;19,25;18,5;507;202;0;
3174;2021.06.07 13:00;4;19,75;19,25;18,5;507;202;0;
3175;2021.06.07 13:15;4;19,875;19,375;18,5625;508;202;0;
3176;2021.06.07 13:30;4;19,9375;19,375;18,625;508;202;0;
3177;2021.06.07 13:45;4;20;19,5;18,625;509;202;0;
3178;2021.06.07 14:00;4;20,125;19,5;18,75;509;202;0;
3179;2021.06.07 14:15;4;20,1875;19,625;18,75;510;202;0;
3180;2021.06.07 14:30;4;20,25;19,6875;18,8125;511;202;0;
3181;2021.06.07 14:45;4;20,375;19,75;18,875;511;202;0;
3182;2021.06.07 15:00;4;20,4375;19,875;18,875;512;202;0;
3183;2021.06.07 15:15;4;20,5;19,875;19;512;202;0;
3184;2021.06.07 15:30;4;20,625;20;19;513;202;0;
3185;2021.06.07 15:45;4;20,625;20;19,0625;513;202;0;
3186;2021.06.07 16:00;4;20,6875;20,125;19,125;513;202;0;
3187;2021.06.07 16:15;4;20,6875;20,125;19,125;513;202;0;
3188;2021.06.07 16:30;4;20,75;20,1875;19,125;513;202;0;
3189;2021.06.07 16:45;4;20,75;20,25;19,125;513;202;0;
3190;2021.06.07 17:00;4;20,75;20,25;19,125;513;202;0;
3191;2021.06.07 17:15;4;20,75;20,25;19,1875;514;202;0;
3192;2021.06.07 17:30;4;20,75;20,25;19,1875;513;202;0;
3193;2021.06.07 17:45;4;20,75;20,25;19,1875;513;202;0;
3194;2021.06.07 18:00;4;20,75;20,25;19,1875;513;202;0;
3195;2021.06.07 18:15;4;20,75;20,25;19,25;513;202;0;
3196;2021.06.07 18:30;4;20,75;20,25;19,1875;513;202;0;
3197;2021.06.07 18:45;4;20,6875;20,25;19,1875;513;202;0;
3198;2021.06.07 19:00;4;20,625;20,25;19,1875;513;202;0;
3199;2021.06.07 19:15;4;20,625;20,25;19,125;513;202;0;
3200;2021.06.07 19:30;4;20,5625;20,1875;19,125;513;202;0;
3201;2021.06.07 19:45;4;20,5;20,125;19,125;512;202;0;
3202;2021.06.07 20:00;4;20,4375;20,125;19,125;512;202;0;
3203;2021.06.07 20:15;4;20,375;20,0625;19;512;202;0;
3204;2021.06.07 20:30;4;20,25;20;19;511;202;0;
3205;2021.06.07 20:45;4;20,25;19,9375;19;511;202;0;
3206;2021.06.07 21:00;4;20,125;19,875;18,9375;511;202;0;
3207;2021.06.07 21:15;4;20,0625;19,8125;18,875;510;202;0;
3208;2021.06.07 21:30;4;20;19,75;18,875;510;202;0;
3209;2021.06.07 21:45;4;19,9375;19,6875;18,8125;510;202;0;
3210;2021.06.07 22:00;4;19,875;19,625;18,75;509;202;0;
3211;2021.06.07 22:15;4;19,8125;19,625;18,75;509;202;0;
3212;2021.06.07 22:30;4;19,75;19,5;18,75;509;202;0;
3213;2021.06.07 22:45;4;19,75;19,5;18,6875;509;202;0;
3214;2021.06.07 23:00;4;19,625;19,4375;18,625;509;202;0;
3215;2021.06.07 23:15;4;19,625;19,375;18,625;508;202;0;
3216;2021.06.07 23:30;4;19,5625;19,375;18,625;508;202;0;
3217;2021.06.07 23:45;4;19,5;19,25;18,5625;508;202;0;
3218;2021.06.08 00:00;4;19,4375;19,25;18,5;508;202;0;
3219;2021.06.08 00:15;4;19,375;19,1875;18,5;508;202;0;
3220;2021.06.08 00:30;4;19,375;19,125;18,5;508;202;0;
3221;2021.06.08 00:45;4;19,3125;19,125;18,4375;508;202;0;
3222;2021.06.08 01:00;4;19,25;19,125;18,375;507;202;0;
3223;2021.06.08 01:15;4;19,25;19;18,375;507;202;0;
3224;2021.06.08 01:30;4;19,25;19;18,375;507;202;0;
3225;2021.06.08 01:45;4;19,125;19;18,375;507;202;0;
3226;2021.06.08 02:00;4;19,125;18,9375;18,3125;507;202;0;
3227;2021.06.08 02:15;4;19,125;18,875;18,25;507;202;0;
3228;2021.06.08 02:30;4;19;18,875;18,25;507;202;0;
3229;2021.06.08 02:45;4;19;18,8125;18,25;507;202;0;
3230;2021.06.08 03:00;4;19;18,75;18,25;507;202;0;
3231;2021.06.08 03:15;4;18,9375;18,75;18,1875;507;202;0;
3232;2021.06.08 03:30;4;18,875;18,75;18,125;506;202;0;
3233;2021.06.08 03:45;4;18,875;18,6875;18,125;506;202;0;
3234;2021.06.08 04:00;4;18,8125;18,625;18,125;506;202;0;
3235;2021.06.08 04:15;4;18,75;18,625;18,125;506;202;0;
3236;2021.06.08 04:30;4;18,75;18,625;18,0625;506;202;0;
3237;2021.06.08 04:45;4;18,75;18,5;18;506;202;0;
3238;2021.06.08 05:00;4;18,6875;18,5;18;506;202;0;
3239;2021.06.08 05:15;4;18,625;18,5;18;506;202;0;
3240;2021.06.08 05:30;4;18,625;18,5;18;506;202;0;
3241;2021.06.08 05:45;4;18,625;18,4375;18;506;202;0;
3242;2021.06.08 06:00;4;18,625;18,375;18;506;202;0;
3243;2021.06.08 06:15;4;18,625;18,375;18;506;202;0;
3244;2021.06.08 06:30;4;18,625;18,375;17,9375;506;202;0;
3245;2021.06.08 06:45;4;18,625;18,375;17,9375;506;202;0;
3246;2021.06.08 07:00;4;18,625;18,375;17,9375;506;202;0;
3247;2021.06.08 07:15;4;18,5625;18,375;17,9375;506;202;0;
3248;2021.06.08 07:30;4;18,625;18,375;17,9375;507;202;0;
3249;2021.06.08 07:45;4;18,625;18,375;17,875;507;202;0;
3250;2021.06.08 08:00;4;18,625;18,375;17,875;507;202;0;
3251;2021.06.08 08:15;4;18,625;18,375;17,9375;507;202;0;
3252;2021.06.08 08:30;4;18,625;18,375;17,9375;507;202;0;
3253;2021.06.08 08:45;4;18,625;18,375;17,9375;507;202;0;
3254;2021.06.08 09:00;4;18,625;18,375;17,9375;508;202;0;
3255;2021.06.08 09:15;4;18,625;18,375;17,9375;508;202;0;
3256;2021.06.08 09:30;4;18,6875;18,375;17,9375;508;202;0;
3257;2021.06.08 09:45;4;18,6875;18,4375;17,9375;508;202;0;
3258;2021.06.08 10:00;4;18,75;18,4375;18;509;202;0;
3259;2021.06.08 10:15;4;18,75;18,5;18;509;202;0;
3260;2021.06.08 10:30;4;18,75;18,5;18;509;202;0;
3261;2021.06.08 10:45;4;18,8125;18,5;18;509;202;0;
3262;2021.06.08 11:00;4;18,875;18,5;18;510;202;0;
3263;2021.06.08 11:15;4;18,875;18,5;18;510;202;0;
3264;2021.06.08 11:30;4;18,9375;18,625;18,0625;510;202;0;
3265;2021.06.08 11:45;4;19;18,625;18,0625;511;202;0;
3266;2021.06.08 12:00;4;19;18,625;18,125;511;202;0;
3267;2021.06.08 12:15;4;19,125;18,6875;18,125;512;202;0;
3268;2021.06.08 12:30;4;19,1875;18,75;18,1875;512;202;0;
3269;2021.06.08 12:45;4;19,25;18,8125;18,25;513;202;0;
3270;2021.06.08 13:00;4;19,4375;18,875;18,25;514;202;0;
3271;2021.06.08 13:15;4;19,5625;19;18,375;515;202;0;
3272;2021.06.08 13:30;4;19,6875;19,125;18,375;516;202;0;
3273;2021.06.08 13:45;4;19,75;19,1875;18,5;516;202;0;
3274;2021.06.08 14:00;4;19,875;19,25;18,5;517;202;0;
3275;2021.06.08 14:15;4;19,875;19,375;18,5625;517;202;0;
3276;2021.06.08 14:30;4;19,9375;19,375;18,625;518;202;0;
3277;2021.06.08 14:45;4;20;19,5;18,6875;518;202;0;
3278;2021.06.08 15:00;4;20,0625;19,5;18,75;518;202;0;
3279;2021.06.08 15:15;4;20,125;19,625;18,75;519;202;0;
3280;2021.06.08 15:30;4;20,1875;19,625;18,8125;519;202;0;
3281;2021.06.08 15:45;4;20,25;19,75;18,875;520;202;0;
3282;2021.06.08 16:00;4;20,25;19,75;18,875;520;202;0;
3283;2021.06.08 16:15;4;20,25;19,75;18,875;520;202;0;
3284;2021.06.08 16:30;4;20,25;19,8125;18,875;520;202;0;
3285;2021.06.08 16:45;4;20,25;19,875;18,875;520;202;0;
3286;2021.06.08 17:00;4;20,25;19,875;18,875;520;202;0;
3287;2021.06.08 17:15;4;20,1875;19,875;18,875;520;202;0;
3288;2021.06.08 17:30;4;20,1875;19,8125;18,875;520;202;0;
3289;2021.06.08 17:45;4;20,125;19,8125;18,875;520;202;0;
3290;2021.06.08 18:00;4;20,125;19,75;18,875;519;202;0;
3291;2021.06.08 18:15;4;20,0625;19,75;18,875;519;202;0;
3292;2021.06.08 18:30;4;20;19,75;18,875;519;202;0;
3293;2021.06.08 18:45;4;20;19,6875;18,8125;519;202;0;
3294;2021.06.08 19:00;4;19,9375;19,625;18,75;519;202;0;
3295;2021.06.08 19:15;4;19,875;19,625;18,75;518;202;0;
3296;2021.06.08 19:30;4;19,8125;19,5625;18,75;518;202;0;
3297;2021.06.08 19:45;4;19,75;19,5;18,6875;518;202;0;
3298;2021.06.08 20:00;4;19,6875;19,5;18,625;518;202;0;
3299;2021.06.08 20:15;4;19,625;19,375;18,625;517;202;0;
3300;2021.06.08 20:30;4;19,5625;19,375;18,625;517;202;0;
3301;2021.06.08 20:45;4;19,5;19,3125;18,5625;517;202;0;
3302;2021.06.08 21:00;4;19,5;19,25;18,5;517;202;0;
3303;2021.06.08 21:15;4;19,375;19,25;18,5;516;202;0;
3304;2021.06.08 21:30;4;19,375;19,125;18,5;516;202;0;
3305;2021.06.08 21:45;4;19,3125;19,125;18,4375;516;202;0;
3306;2021.06.08 22:00;4;19,25;19,125;18,375;516;202;0;
3307;2021.06.08 22:15;4;19,25;19;18,375;516;202;0;
3308;2021.06.08 22:30;4;19,1875;19;18,375;516;202;0;
3309;2021.06.08 22:45;4;19,125;19;18,375;515;202;0;
3310;2021.06.08 23:00;4;19,125;18,875;18,3125;515;202;0;
3311;2021.06.08 23:15;4;19,0625;18,875;18,25;515;202;0;
3312;2021.06.08 23:30;4;19;18,875;18,25;515;202;0;
3313;2021.06.08 23:45;4;19;18,8125;18,25;515;202;0;
3314;2021.06.09 00:00;4;18,9375;18,75;18,1875;515;202;0;
3315;2021.06.09 00:15;4;18,875;18,75;18,1875;515;202;0;
3316;2021.06.09 00:30;4;18,875;18,6875;18,125;514;202;0;
3317;2021.06.09 00:45;4;18,8125;18,625;18,125;514;202;0;
3318;2021.06.09 01:00;4;18,75;18,625;18,125;514;202;0;
3319;2021.06.09 01:15;4;18,75;18,5625;18,0625;514;202;0;
3320;2021.06.09 01:30;4;18,625;18,5;18;514;202;0;
3321;2021.06.09 01:45;4;18,625;18,5;18;514;202;0;
3322;2021.06.09 02:00;4;18,5625;18,4375;18;514;202;0;
3323;2021.06.09 02:15;4;18,5;18,375;17,9375;513;202;0;
3324;2021.06.09 02:30;4;18,5;18,375;17,875;513;202;0;
3325;2021.06.09 02:45;4;18,5;18,3125;17,875;513;202;0;
3326;2021.06.09 03:00;4;18,4375;18,25;17,875;513;202;0;
3327;2021.06.09 03:15;4;18,4375;18,25;17,875;513;202;0;
3328;2021.06.09 03:30;4;18,375;18,25;17,875;513;202;0;
3329;2021.06.09 03:45;4;18,375;18,25;17,875;513;202;0;
3330;2021.06.09 04:00;4;18,375;18,25;17,875;513;202;0;
3331;2021.06.09 04:15;4;18,375;18,1875;17,8125;513;202;0;
3332;2021.06.09 04:30;4;18,375;18,1875;17,8125;513;202;0;
3333;2021.06.09 04:45;4;18,375;18,1875;17,75;513;202;0;
3334;2021.06.09 05:00;4;18,375;18,125;17,75;513;202;0;
3335;2021.06.09 05:15;4;18,375;18,125;17,75;513;202;0;
3336;2021.06.09 05:30;4;18,3125;18,125;17,75;513;202;0;
3337;2021.06.09 05:45;4;18,3125;18,125;17,75;513;202;0;
3338;2021.06.09 06:00;4;18,3125;18,125;17,75;514;202;0;
3339;2021.06.09 06:15;4;18,3125;18,125;17,75;514;202;0;
3340;2021.06.09 06:30;4;18,25;18,125;17,75;514;202;0;
3341;2021.06.09 06:45;4;18,25;18,125;17,75;514;202;0;
3342;2021.06.09 07:00;4;18,25;18,125;17,75;514;202;0;
3343;2021.06.09 07:15;4;18,3125;18,125;17,75;514;202;0;
3344;2021.06.09 07:30;4;18,3125;18,125;17,75;514;202;0;
3345;2021.06.09 07:45;4;18,3125;18,125;17,75;514;202;0;
3346;2021.06.09 08:00;4;18,375;18,125;17,75;515;202;0;
3347;2021.06.09 08:15;4;18,375;18,125;17,75;515;202;0;
3348;2021.06.09 08:30;4;18,375;18,125;17,75;515;202;0;
3349;2021.06.09 08:45;4;18,375;18,125;17,75;515;202;0;
3350;2021.06.09 09:00;4;18,4375;18,125;17,75;515;202;0;
3351;2021.06.09 09:15;4;18,5;18,1875;17,8125;516;202;0;
3352;2021.06.09 09:30;4;18,5;18,25;17,8125;516;202;0;
3353;2021.06.09 09:45;4;18,625;18,25;17,875;516;202;0;
3354;2021.06.09 10:00;4;18,625;18,3125;17,875;517;202;0;
3355;2021.06.09 10:15;4;18,75;18,375;17,875;518;202;0;
3356;2021.06.09 10:30;4;18,8125;18,375;18;518;202;0;
3357;2021.06.09 10:45;4;18,875;18,5;18;519;202;0;
3358;2021.06.09 11:00;4;18,9375;18,5;18;519;202;0;
3359;2021.06.09 11:15;4;19;18,5625;18,0625;519;202;0;
3360;2021.06.09 11:30;4;19,0625;18,625;18,125;520;202;0;
3361;2021.06.09 11:45;4;19,125;18,6875;18,125;521;202;0;
3362;2021.06.09 12:00;4;19,25;18,75;18,25;521;202;0;
3363;2021.06.09 12:15;4;19,25;18,8125;18,25;522;202;0;
3364;2021.06.09 12:30;4;19,375;18,875;18,25;522;202;0;
3365;2021.06.09 12:45;4;19,375;18,9375;18,3125;523;202;0;
3366;2021.06.09 13:00;4;19,5;19;18,375;523;202;0;
3367;2021.06.09 13:15;4;19,5;19,0625;18,375;523;202;0;
3368;2021.06.09 13:30;4;19,625;19,125;18,4375;524;202;0;
3369;2021.06.09 13:45;4;19,625;19,1875;18,5;524;202;0;
3370;2021.06.09 14:00;4;19,75;19,25;18,5;525;202;0;
3371;2021.06.09 14:15;4;19,75;19,25;18,5625;525;202;0;
3372;2021.06.09 14:30;4;19,875;19,375;18,625;526;202;0;
3373;2021.06.09 14:45;4;19,875;19,375;18,625;523;202;0;
3374;2021.06.09 15:00;4;20;19,5;18,6875;523;202;0;
3375;2021.06.09 15:15;4;20;19,5;18,75;524;202;0;
3376;2021.06.09 15:30;4;20,125;19,5625;18,75;524;202;0;
3377;2021.06.09 15:45;4;20,125;19,625;18,8125;525;202;0;
3378;2021.06.09 16:00;4;20,25;19,75;18,875;525;202;0;
3379;2021.06.09 16:15;4;20,25;19,75;18,875;526;202;0;
3380;2021.06.09 16:30;4;20,375;19,8125;18,9375;526;202;0;
3381;2021.06.09 16:45;4;20,375;19,875;19;526;202;0;
3382;2021.06.09 17:00;4;20,375;19,875;19;527;202;0;
3383;2021.06.09 17:15;4;20,375;19,9375;19;527;202;0;
3384;2021.06.09 17:30;4;20,375;20;19;527;202;0;
3385;2021.06.09 17:45;4;20,375;20;19;527;202;0;
3386;2021.06.09 18:00;4;20,375;20;19;527;202;0;
3387;2021.06.09 18:15;4;20,375;20;19;527;202;0;
3388;2021.06.09 18:30;4;20,375;20;19;527;202;0;
3389;2021.06.09 18:45;4;20,375;20;19;527;202;0;
3390;2021.06.09 19:00;4;20,375;20;19;527;202;0;
3391;2021.06.09 19:15;4;20,375;20;19;527;202;0;
3392;2021.06.09 19:30;4;20,375;20;19;526;202;0;
3393;2021.06.09 19:45;4;20,375;20;19;526;202;0;
3394;2021.06.09 20:00;4;20,3125;19,9375;19;526;202;0;
3395;2021.06.09 20:15;4;20,25;19,9375;19;526;202;0;
3396;2021.06.09 20:30;4;20,25;19,875;19;526;202;0;
3397;2021.06.09 20:45;4;20,1875;19,875;19;525;202;0;
3398;2021.06.09 21:00;4;20,125;19,8125;18,9375;525;202;0;
3399;2021.06.09 21:15;4;20;19,75;18,875;524;202;0;
3400;2021.06.09 21:30;4;20;19,75;18,875;524;202;0;
3401;2021.06.09 21:45;4;19,875;19,625;18,8125;523;202;0;
3402;2021.06.09 22:00;4;19,8125;19,625;18,75;523;202;0;
3403;2021.06.09 22:15;4;19,75;19,5;18,75;523;202;0;
3404;2021.06.09 22:30;4;19,625;19,4375;18,625;522;202;0;
3405;2021.06.09 22:45;4;19,5625;19,375;18,625;522;202;0;
3406;2021.06.09 23:00;4;19,5;19,3125;18,5625;521;202;0;
3407;2021.06.09 23:15;4;19,375;19,25;18,5;521;202;0;
3408;2021.06.09 23:30;4;19,375;19,125;18,5;520;202;0;
3409;2021.06.09 23:45;4;19,25;19,125;18,4375;520;202;0;
3410;2021.06.10 00:00;4;19,25;19;18,375;519;202;0;
3411;2021.06.10 00:15;4;19,125;19;18,375;519;202;0;
3412;2021.06.10 00:30;4;19,125;18,875;18,375;519;202;0;
3413;2021.06.10 00:45;4;19;18,875;18,25;518;202;0;
3414;2021.06.10 01:00;4;19;18,8125;18,25;518;202;0;
3415;2021.06.10 01:15;4;18,875;18,75;18,25;518;202;0;
3416;2021.06.10 01:30;4;18,875;18,6875;18,125;517;202;0;
3417;2021.06.10 01:45;4;18,75;18,625;18,125;517;202;0;
3418;2021.06.10 02:00;4;18,6875;18,5625;18,0625;516;202;0;
3419;2021.06.10 02:15;4;18,625;18,5;18;516;202;0;
3420;2021.06.10 02:30;4;18,5;18,4375;18;516;202;0;
3421;2021.06.10 02:45;4;18,5;18,375;17,875;515;202;0;
3422;2021.06.10 03:00;4;18,375;18,3125;17,875;515;202;0;
3423;2021.06.10 03:15;4;18,3125;18,25;17,8125;514;202;0;
3424;2021.06.10 03:30;4;18,25;18,125;17,75;514;202;0;
3425;2021.06.10 03:45;4;18,125;18,125;17,75;514;202;0;
3426;2021.06.10 04:00;4;18,125;18;17,625;513;202;0;
3427;2021.06.10 04:15;4;18;17,9375;17,625;513;202;0;
3428;2021.06.10 04:30;4;17,9375;17,875;17,5625;512;202;0;
3429;2021.06.10 04:45;4;17,875;17,8125;17,5;512;202;0;
3430;2021.06.10 05:00;4;17,8125;17,75;17,5;512;202;0;
3431;2021.06.10 05:15;4;17,75;17,6875;17,4375;511;202;0;
3432;2021.06.10 05:30;4;17,6875;17,625;17,375;511;202;0;
3433;2021.06.10 05:45;4;17,625;17,625;17,375;511;202;0;
3434;2021.06.10 06:00;4;17,625;17,5625;17,375;511;202;0;
3435;2021.06.10 06:15;4;17,625;17,5;17,375;511;202;0;
3436;2021.06.10 06:30;4;17,625;17,5;17,375;511;202;0;
3437;2021.06.10 06:45;4;17,625;17,5;17,375;511;202;0;
3438;2021.06.10 07:00;4;17,625;17,5;17,3125;511;202;0;
3439;2021.06.10 07:15;4;17,625;17,5;17,3125;511;202;0;
3440;2021.06.10 07:30;4;17,625;17,5;17,375;511;202;0;
3441;2021.06.10 07:45;4;17,625;17,5;17,375;511;202;0;
3442;2021.06.10 08:00;4;17,6875;17,5;17,375;511;202;0;
3443;2021.06.10 08:15;4;17,75;17,5;17,375;512;202;0;
3444;2021.06.10 08:30;4;17,75;17,5625;17,375;512;202;0;
3445;2021.06.10 08:45;4;17,875;17,625;17,4375;512;202;0;
3446;2021.06.10 09:00;4;17,9375;17,625;17,5;513;202;0;
3447;2021.06.10 09:15;4;18;17,75;17,5;513;202;0;
3448;2021.06.10 09:30;4;18,125;17,75;17,5625;514;202;0;
3449;2021.06.10 09:45;4;18,1875;17,875;17,625;515;202;0;
3450;2021.06.10 10:00;4;18,25;17,875;17,625;515;202;0;
3451;2021.06.10 10:15;4;18,375;18;17,6875;516;202;0;
3452;2021.06.10 10:30;4;18,5;18,0625;17,75;517;202;0;
3453;2021.06.10 10:45;4;18,625;18,125;17,8125;517;202;0;
3454;2021.06.10 11:00;4;18,75;18,25;17,875;518;202;0;
3455;2021.06.10 11:15;4;18,875;18,375;18;519;202;0;
3456;2021.06.10 11:30;4;19;18,5;18;520;202;0;
3457;2021.06.10 11:45;4;19,125;18,5625;18,125;521;202;0;
3458;2021.06.10 12:00;4;19,25;18,625;18,1875;521;202;0;
3459;2021.06.10 12:15;4;19,375;18,75;18,25;522;202;0;
3460;2021.06.10 12:30;4;19,5;18,875;18,3125;523;202;0;
3461;2021.06.10 12:45;4;19,5625;19;18,375;524;202;0;
3462;2021.06.10 13:00;4;19,6875;19,125;18,5;524;202;0;
3463;2021.06.10 13:15;4;19,8125;19,1875;18,5625;525;202;0;
3464;2021.06.10 13:30;4;19,9375;19,3125;18,625;526;202;0;
3465;2021.06.10 13:45;4;20,125;19,4375;18,75;527;202;0;
3466;2021.06.10 14:00;4;20,25;19,5625;18,8125;528;202;0;
3467;2021.06.10 14:15;4;20,375;19,6875;18,875;529;202;0;
3468;2021.06.10 14:30;4;20,5;19,75;19;529;202;0;
3469;2021.06.10 14:45;4;20,625;19,875;19,0625;530;202;0;
3470;2021.06.10 15:00;4;20,75;20;19,125;531;202;0;
3471;2021.06.10 15:15;4;20,875;20,125;19,25;531;202;0;
3472;2021.06.10 15:30;4;20,9375;20,25;19,25;532;202;0;
3473;2021.06.10 15:45;4;21;20,375;19,375;532;202;0;
3474;2021.06.10 16:00;4;21,125;20,4375;19,375;533;202;0;
3475;2021.06.10 16:15;4;21,125;20,5;19,4375;533;202;0;
3476;2021.06.10 16:30;4;21,25;20,5625;19,5;534;202;0;
3477;2021.06.10 16:45;4;21,25;20,625;19,5;534;202;0;
3478;2021.06.10 17:00;4;21,3125;20,6875;19,5625;534;202;0;
3479;2021.06.10 17:15;4;21,375;20,75;19,625;534;202;0;
3480;2021.06.10 17:30;4;21,375;20,75;19,625;534;202;0;
3481;2021.06.10 17:45;4;21,375;20,75;19,625;534;202;0;
3482;2021.06.10 18:00;4;21,375;20,8125;19,625;534;202;0;
3483;2021.06.10 18:15;4;21,375;20,875;19,625;534;202;0;
3484;2021.06.10 18:30;4;21,375;20,875;19,625;533;202;0;
3485;2021.06.10 18:45;4;21,375;20,875;19,625;533;202;0;
3486;2021.06.10 19:00;4;21,3125;20,875;19,625;533;202;0;
3487;2021.06.10 19:15;4;21,25;20,8125;19,625;533;202;0;
3488;2021.06.10 19:30;4;21,25;20,8125;19,625;532;202;0;
3489;2021.06.10 19:45;4;21,25;20,75;19,625;532;202;0;
3490;2021.06.10 20:00;4;21,125;20,75;19,625;532;202;0;
3491;2021.06.10 20:15;4;21,125;20,75;19,5625;531;202;0;
3492;2021.06.10 20:30;4;21;20,625;19,5;531;202;0;
3493;2021.06.10 20:45;4;20,9375;20,625;19,5;530;202;0;
3494;2021.06.10 21:00;4;20,875;20,5625;19,5;530;202;0;
3495;2021.06.10 21:15;4;20,8125;20,5;19,4375;529;202;0;
3496;2021.06.10 21:30;4;20,75;20,375;19,375;528;202;0;
3497;2021.06.10 21:45;4;20,625;20,375;19,375;528;202;0;
3498;2021.06.10 22:00;4;20,5625;20,25;19,25;527;202;0;
3499;2021.06.10 22:15;4;20,5;20,1875;19,25;527;202;0;
3500;2021.06.10 22:30;4;20,375;20,125;19,1875;526;202;0;
3501;2021.06.10 22:45;4;20,25;20;19,125;526;202;0;
3502;2021.06.10 23:00;4;20,1875;20;19,0625;525;202;0;
3503;2021.06.10 23:15;4;20,125;19,875;19;524;202;0;
3504;2021.06.10 23:30;4;20;19,75;19;524;202;0;
3505;2021.06.10 23:45;4;19,875;19,75;18,875;523;202;0;
3506;2021.06.11 00:00;4;19,8125;19,625;18,875;523;202;0;
3507;2021.06.11 00:15;4;19,75;19,5625;18,75;522;202;0;
3508;2021.06.11 00:30;4;19,625;19,5;18,75;522;202;0;
3509;2021.06.11 00:45;4;19,5;19,375;18,6875;521;202;0;
3510;2021.06.11 01:00;4;19,5;19,3125;18,625;520;202;0;
3511;2021.06.11 01:15;4;19,375;19,25;18,5625;520;202;0;
3512;2021.06.11 01:30;4;19,25;19,125;18,5;519;202;0;
3513;2021.06.11 01:45;4;19,1875;19,0625;18,5;519;202;0;
3514;2021.06.11 02:00;4;19,125;19;18,375;518;202;0;
3515;2021.06.11 02:15;4;19;18,875;18,375;518;202;0;
3516;2021.06.11 02:30;4;18,9375;18,8125;18,25;517;202;0;
3517;2021.06.11 02:45;4;18,875;18,75;18,25;517;202;0;
3518;2021.06.11 03:00;4;18,75;18,6875;18,1875;516;202;0;
3519;2021.06.11 03:15;4;18,6875;18,625;18,125;516;202;0;
3520;2021.06.11 03:30;4;18,625;18,5;18,125;516;202;0;
3521;2021.06.11 03:45;4;18,5;18,4375;18;515;202;0;
3522;2021.06.11 04:00;4;18,5;18,375;18;515;202;0;
3523;2021.06.11 04:15;4;18,375;18,3125;17,9375;514;202;0;
3524;2021.06.11 04:30;4;18,3125;18,25;17,875;514;202;0;
3525;2021.06.11 04:45;4;18,25;18,125;17,875;513;202;0;
3526;2021.06.11 05:00;4;18,1875;18,125;17,75;513;202;0;
3527;2021.06.11 05:15;4;18,125;18,0625;17,75;513;202;0;
3528;2021.06.11 05:30;4;18,125;18;17,75;513;202;0;
3529;2021.06.11 05:45;4;18,0625;18;17,75;513;202;0;
3530;2021.06.11 06:00;4;18,0625;17,9375;17,75;513;202;0;
3531;2021.06.11 06:15;4;18;17,9375;17,75;512;202;0;
3532;2021.06.11 06:30;4;18;17,875;17,6875;512;202;0;
3533;2021.06.11 06:45;4;18,0625;17,875;17,6875;513;202;0;
3534;2021.06.11 07:00;4;18,0625;17,875;17,75;513;202;0;
3535;2021.06.11 07:15;4;18,125;17,875;17,75;513;202;0;
3536;2021.06.11 07:30;4;18,125;17,9375;17,75;513;202;0;
3537;2021.06.11 07:45;4;18,125;17,9375;17,75;513;202;0;
3538;2021.06.11 08:00;4;18,1875;18;17,75;514;202;0;
3539;2021.06.11 08:15;4;18,25;18;17,75;514;202;0;
3540;2021.06.11 08:30;4;18,25;18;17,75;514;202;0;
3541;2021.06.11 08:45;4;18,375;18,0625;17,8125;515;202;0;
3542;2021.06.11 09:00;4;18,375;18,125;17,875;515;202;0;
3543;2021.06.11 09:15;4;18,5;18,125;17,875;515;202;0;
3544;2021.06.11 09:30;4;18,5625;18,25;17,875;516;202;0;
3545;2021.06.11 09:45;4;18,625;18,25;18;517;202;0;
3546;2021.06.11 10:00;4;18,75;18,375;18;517;202;0;
3547;2021.06.11 10:15;4;18,875;18,375;18,0625;518;202;0;
3548;2021.06.11 10:30;4;19;18,5;18,125;519;202;0;
3549;2021.06.11 10:45;4;19,0625;18,625;18,125;519;202;0;
3550;2021.06.11 11:00;4;19,1875;18,6875;18,25;520;202;0;
3551;2021.06.11 11:15;4;19,3125;18,75;18,3125;521;202;0;
3552;2021.06.11 11:30;4;19,4375;18,875;18,375;522;202;0;
3553;2021.06.11 11:45;4;19,5625;19;18,4375;522;202;0;
3554;2021.06.11 12:00;4;19,6875;19,125;18,5;523;202;0;
3555;2021.06.11 12:15;4;19,8125;19,1875;18,625;524;202;0;
3556;2021.06.11 12:30;4;19,9375;19,3125;18,625;525;202;0;
3557;2021.06.11 12:45;4;20,125;19,4375;18,75;526;202;0;
3558;2021.06.11 13:00;4;20,25;19,5;18,875;527;202;0;
3559;2021.06.11 13:15;4;20,375;19,625;18,875;528;202;0;
3560;2021.06.11 13:30;4;20,5;19,75;19;529;202;0;
3561;2021.06.11 13:45;4;20,625;19,875;19,125;530;202;0;
3562;2021.06.11 14:00;4;20,75;20;19,1875;530;202;0;
3563;2021.06.11 14:15;4;20,875;20,125;19,25;531;202;0;
3564;2021.06.11 14:30;4;21;20,25;19,375;532;202;0;
3565;2021.06.11 14:45;4;21,0625;20,375;19,375;532;202;0;
3566;2021.06.11 15:00;4;21,125;20,5;19,5;533;202;0;
3567;2021.06.11 15:15;4;21,1875;20,5;19,5;533;202;0;
3568;2021.06.11 15:30;4;21,25;20,625;19,625;533;202;0;
3569;2021.06.11 15:45;4;21,3125;20,625;19,625;533;202;0;
3570;2021.06.11 16:00;4;21,375;20,75;19,6875;533;202;0;
3571;2021.06.11 16:15;4;21,375;20,75;19,75;534;202;0;
3572;2021.06.11 16:30;4;21,5;20,875;19,75;534;202;0;
3573;2021.06.11 16:45;4;21,5;20,875;19,8125;534;202;0;
3574;2021.06.11 17:00;4;21,625;21;19,875;534;202;0;
3575;2021.06.11 17:15;4;21,625;21;19,875;534;202;0;
3576;2021.06.11 17:30;4;21,6875;21,0625;19,875;534;202;0;
3577;2021.06.11 17:45;4;21,75;21,125;19,9375;534;202;0;
3578;2021.06.11 18:00;4;21,75;21,125;20;534;202;0;
3579;2021.06.11 18:15;4;21,75;21,125;20;534;202;0;
3580;2021.06.11 18:30;4;21,75;21,1875;20;534;202;0;
3581;2021.06.11 18:45;4;21,75;21,1875;20;533;202;0;
3582;2021.06.11 19:00;4;21,75;21,1875;20;533;202;0;
3583;2021.06.11 19:15;4;21,6875;21,1875;20;533;202;0;
3584;2021.06.11 19:30;4;21,625;21,125;20;532;202;0;
3585;2021.06.11 19:45;4;21,625;21,125;20;532;202;0;
3586;2021.06.11 20:00;4;21,5;21,125;19,9375;531;202;0;
3587;2021.06.11 20:15;4;21,5;21,0625;19,875;531;202;0;
3588;2021.06.11 20:30;4;21,375;21;19,875;530;202;0;
3589;2021.06.11 20:45;4;21,375;21;19,875;530;202;0;
3590;2021.06.11 21:00;4;21,25;20,875;19,75;529;202;0;
3591;2021.06.11 21:15;4;21,1875;20,875;19,75;528;202;0;
3592;2021.06.11 21:30;4;21,125;20,75;19,75;528;202;0;
3593;2021.06.11 21:45;4;21;20,6875;19,625;527;202;0;
3594;2021.06.11 22:00;4;20,9375;20,625;19,625;527;202;0;
3595;2021.06.11 22:15;4;20,875;20,5625;19,5625;526;202;0;
3596;2021.06.11 22:30;4;20,75;20,5;19,5;525;202;0;
3597;2021.06.11 22:45;4;20,625;20,375;19,4375;525;202;0;
3598;2021.06.11 23:00;4;20,5625;20,3125;19,375;524;202;0;
3599;2021.06.11 23:15;4;20,5;20,25;19,375;523;202;0;
3600;2021.06.11 23:30;4;20,375;20,125;19,25;523;202;0;
3601;2021.06.11 23:45;4;20,25;20,0625;19,25;522;202;0;
3602;2021.06.12 00:00;4;20,1875;20;19,1875;522;202;0;
3603;2021.06.12 00:15;4;20,125;19,875;19,125;521;202;0;
3604;2021.06.12 00:30;4;20;19,875;19,125;520;202;0;
3605;2021.06.12 00:45;4;20;19,75;19;520;202;0;
3606;2021.06.12 01:00;4;19,875;19,6875;19;519;202;0;
3607;2021.06.12 01:15;4;19,8125;19,625;18,9375;519;202;0;
3608;2021.06.12 01:30;4;19,75;19,5625;18,875;519;202;0;
3609;2021.06.12 01:45;4;19,625;19,5;18,875;518;202;0;
3610;2021.06.12 02:00;4;19,625;19,4375;18,8125;518;202;0;
3611;2021.06.12 02:15;4;19,5;19,375;18,75;517;202;0;
3612;2021.06.12 02:30;4;19,4375;19,25;18,75;517;202;0;
3613;2021.06.12 02:45;4;19,375;19,25;18,625;516;202;0;
3614;2021.06.12 03:00;4;19,25;19,125;18,625;516;202;0;
3615;2021.06.12 03:15;4;19,1875;19,0625;18,5;515;202;0;
3616;2021.06.12 03:30;4;19,125;19;18,5;515;202;0;
3617;2021.06.12 03:45;4;19,0625;18,9375;18,4375;514;202;0;
3618;2021.06.12 04:00;4;19;18,875;18,375;514;202;0;
3619;2021.06.12 04:15;4;18,875;18,75;18,375;514;202;0;
3620;2021.06.12 04:30;4;18,8125;18,75;18,25;513;202;0;
3621;2021.06.12 04:45;4;18,75;18,625;18,25;513;202;0;
3622;2021.06.12 05:00;4;18,6875;18,625;18,1875;512;202;0;
3623;2021.06.12 05:15;4;18,625;18,5;18,125;512;202;0;
3624;2021.06.12 05:30;4;18,625;18,5;18,125;512;202;0;
3625;2021.06.12 05:45;4;18,5625;18,4375;18,125;512;202;0;
3626;2021.06.12 06:00;4;18,5;18,375;18,125;512;202;0;
3627;2021.06.12 06:15;4;18,5;18,375;18,125;512;202;0;
3628;2021.06.12 06:30;4;18,5;18,375;18,125;512;202;0;
3629;2021.06.12 06:45;4;18,5;18,375;18,125;512;202;0;
3630;2021.06.12 07:00;4;18,5;18,375;18,125;512;202;0;
3631;2021.06.12 07:15;4;18,5625;18,375;18,125;512;202;0;
3632;2021.06.12 07:30;4;18,5625;18,375;18,125;512;202;0;
3633;2021.06.12 07:45;4;18,625;18,375;18,125;512;202;0;
3634;2021.06.12 08:00;4;18,625;18,375;18,125;512;202;0;
3635;2021.06.12 08:15;4;18,6875;18,4375;18,125;513;202;0;
3636;2021.06.12 08:30;4;18,75;18,5;18,1875;513;202;0;
3637;2021.06.12 08:45;4;18,75;18,5;18,25;513;202;0;
3638;2021.06.12 09:00;4;18,875;18,5625;18,25;514;202;0;
3639;2021.06.12 09:15;4;19;18,625;18,25;514;202;0;
3640;2021.06.12 09:30;4;19,0625;18,625;18,375;515;202;0;
3641;2021.06.12 09:45;4;19,1875;18,75;18,375;516;202;0;
3642;2021.06.12 10:00;4;19,25;18,875;18,4375;516;202;0;
3643;2021.06.12 10:15;4;19,4375;18,875;18,5;517;202;0;
3644;2021.06.12 10:30;4;19,5625;19;18,625;518;202;0;
3645;2021.06.12 10:45;4;19,75;19,125;18,625;519;202;0;
3646;2021.06.12 11:00;4;19,875;19,25;18,75;520;202;0;
3647;2021.06.12 11:15;4;20;19,375;18,875;521;202;0;
3648;2021.06.12 11:30;4;20,125;19,5;18,875;522;202;0;
3649;2021.06.12 11:45;4;20,375;19,625;19;523;202;0;
3650;2021.06.12 12:00;4;20,5;19,75;19,125;524;202;0;
3651;2021.06.12 12:15;4;20,625;19,875;19,1875;525;202;0;
3652;2021.06.12 12:30;4;20,75;20;19,25;525;202;0;
3653;2021.06.12 12:45;4;20,875;20,1875;19,375;526;202;0;
3654;2021.06.12 13:00;4;21;20,25;19,5;527;202;0;
3655;2021.06.12 13:15;4;21,125;20,375;19,5625;528;202;0;
3656;2021.06.12 13:30;4;21,3125;20,5;19,625;528;202;0;
3657;2021.06.12 13:45;4;21,4375;20,625;19,75;529;202;0;
3658;2021.06.12 14:00;4;21,5;20,75;19,8125;530;202;0;
3659;2021.06.12 14:15;4;21,625;20,875;19,875;530;202;0;
3660;2021.06.12 14:30;4;21,75;21;19,9375;531;202;0;
3661;2021.06.12 14:45;4;21,8125;21,0625;20;531;202;0;
3662;2021.06.12 15:00;4;21,875;21,125;20,125;531;202;0;
3663;2021.06.12 15:15;4;22;21,25;20,125;532;202;0;
3664;2021.06.12 15:30;4;22,0625;21,375;20,1875;532;202;0;
3665;2021.06.12 15:45;4;22,125;21,375;20,25;532;202;0;
3666;2021.06.12 16:00;4;22,25;21,5;20,3125;533;202;0;
3667;2021.06.12 16:15;4;22,25;21,5625;20,375;533;202;0;
3668;2021.06.12 16:30;4;22,375;21,625;20,375;533;202;0;
3669;2021.06.12 16:45;4;22,4375;21,6875;20,5;533;202;0;
3670;2021.06.12 17:00;4;22,5;21,75;20,5;533;202;0;
3671;2021.06.12 17:15;4;22,5625;21,8125;20,5;534;202;0;
3672;2021.06.12 17:30;4;22,625;21,875;20,625;534;202;0;
3673;2021.06.12 17:45;4;22,6875;22;20,625;534;202;0;
3674;2021.06.12 18:00;4;22,75;22;20,625;534;202;0;
3675;2021.06.12 18:15;4;22,75;22,0625;20,6875;534;202;0;
3676;2021.06.12 18:30;4;22,75;22,125;20,6875;534;202;0;
3677;2021.06.12 18:45;4;22,75;22,125;20,75;534;202;0;
3678;2021.06.12 19:00;4;22,75;22,125;20,75;534;202;0;
3679;2021.06.12 19:15;4;22,75;22,125;20,75;533;202;0;
3680;2021.06.12 19:30;4;22,6875;22,125;20,75;533;202;0;
3681;2021.06.12 19:45;4;22,625;22,125;20,75;533;202;0;
3682;2021.06.12 20:00;4;22,625;22,125;20,6875;532;202;0;
3683;2021.06.12 20:15;4;22,625;22,125;20,6875;532;202;0;
3684;2021.06.12 20:30;4;22,5625;22,0625;20,625;531;202;0;
3685;2021.06.12 20:45;4;22,5;22;20,625;531;202;0;
3686;2021.06.12 21:00;4;22,4375;22;20,625;531;202;0;
3687;2021.06.12 21:15;4;22,375;21,9375;20,625;530;202;0;
3688;2021.06.12 21:30;4;22,375;21,875;20,5;530;202;0;
3689;2021.06.12 21:45;4;22,25;21,875;20,5;529;202;0;
3690;2021.06.12 22:00;4;22,25;21,75;20,5;529;202;0;
3691;2021.06.12 22:15;4;22,125;21,75;20,5;528;202;0;
3692;2021.06.12 22:30;4;22,125;21,6875;20,4375;528;202;0;
3693;2021.06.12 22:45;4;22;21,625;20,375;527;202;0;
3694;2021.06.12 23:00;4;21,9375;21,5625;20,375;527;202;0;
3695;2021.06.12 23:15;4;21,875;21,5;20,3125;527;202;0;
3696;2021.06.12 23:30;4;21,75;21,4375;20,25;526;202;0;
3697;2021.06.12 23:45;4;21,75;21,375;20,25;526;202;0;
3698;2021.06.13 00:00;4;21,625;21,3125;20,1875;525;202;0;
3699;2021.06.13 00:15;4;21,5;21,25;20,125;525;202;0;
3700;2021.06.13 00:30;4;21,5;21,125;20,125;524;202;0;
3701;2021.06.13 00:45;4;21,375;21,125;20;524;202;0;
3702;2021.06.13 01:00;4;21,25;21;20;523;202;0;
3703;2021.06.13 01:15;4;21,25;20,9375;19,9375;523;202;0;
3704;2021.06.13 01:30;4;21,125;20,875;19,875;522;202;0;
3705;2021.06.13 01:45;4;21,0625;20,75;19,875;522;202;0;
3706;2021.06.13 02:00;4;21;20,75;19,8125;521;202;0;
3707;2021.06.13 02:15;4;20,875;20,625;19,75;521;202;0;
3708;2021.06.13 02:30;4;20,8125;20,625;19,75;521;202;0;
3709;2021.06.13 02:45;4;20,75;20,5;19,6875;520;202;0;
3710;2021.06.13 03:00;4;20,6875;20,5;19,625;520;202;0;
3711;2021.06.13 03:15;4;20,625;20,375;19,625;520;202;0;
3712;2021.06.13 03:30;4;20,5;20,375;19,5;519;202;0;
3713;2021.06.13 03:45;4;20,5;20,25;19,5;519;202;0;
3714;2021.06.13 04:00;4;20,375;20,25;19,5;519;202;0;
3715;2021.06.13 04:15;4;20,3125;20,125;19,375;518;202;0;
3716;2021.06.13 04:30;4;20,25;20,0625;19,375;518;202;0;
3717;2021.06.13 04:45;4;20,1875;20;19,3125;517;202;0;
3718;2021.06.13 05:00;4;20,125;19,9375;19,25;517;202;0;
3719;2021.06.13 05:15;4;20,0625;19,875;19,25;517;202;0;
3720;2021.06.13 05:30;4;20;19,875;19,25;517;202;0;
3721;2021.06.13 05:45;4;20;19,8125;19,25;517;202;0;
3722;2021.06.13 06:00;4;20;19,75;19,1875;516;202;0;
3723;2021.06.13 06:15;4;19,9375;19,75;19,1875;516;202;0;
3724;2021.06.13 06:30;4;19,9375;19,75;19,125;516;202;0;
3725;2021.06.13 06:45;4;19,9375;19,75;19,125;517;202;0;
3726;2021.06.13 07:00;4;19,9375;19,75;19,125;517;202;0;
3727;2021.06.13 07:15;4;20;19,75;19,125;517;202;0;
3728;2021.06.13 07:30;4;20;19,75;19,1875;517;202;0;
3729;2021.06.13 07:45;4;20;19,75;19,1875;517;202;0;
3730;2021.06.13 08:00;4;20,125;19,75;19,1875;518;202;0;
3731;2021.06.13 08:15;4;20,125;19,75;19,25;518;202;0;
3732;2021.06.13 08:30;4;20,1875;19,8125;19,25;518;202;0;
3733;2021.06.13 08:45;4;20,25;19,875;19,25;519;202;0;
3734;2021.06.13 09:00;4;20,3125;19,875;19,25;519;202;0;
3735;2021.06.13 09:15;4;20,375;19,9375;19,3125;520;202;0;
3736;2021.06.13 09:30;4;20,4375;20;19,375;520;202;0;
3737;2021.06.13 09:45;4;20,5;20,0625;19,375;521;202;0;
3738;2021.06.13 10:00;4;20,625;20,125;19,375;521;202;0;
3739;2021.06.13 10:15;4;20,6875;20,125;19,5;522;202;0;
3740;2021.06.13 10:30;4;20,75;20,25;19,5;522;202;0;
3741;2021.06.13 10:45;4;20,875;20,3125;19,5;523;202;0;
3742;2021.06.13 11:00;4;21;20,375;19,625;524;202;0;
3743;2021.06.13 11:15;4;21,125;20,5;19,625;524;202;0;
3744;2021.06.13 11:30;4;21,1875;20,5625;19,75;525;202;0;
3745;2021.06.13 11:45;4;21,3125;20,625;19,75;525;202;0;
3746;2021.06.13 12:00;4;21,375;20,75;19,875;526;202;0;
3747;2021.06.13 12:15;4;21,5;20,875;19,875;527;202;0;
3748;2021.06.13 12:30;4;21,625;20,9375;20;528;202;0;
3749;2021.06.13 12:45;4;21,75;21;20;528;202;0;
3750;2021.06.13 13:00;4;21,875;21,125;20,125;529;202;0;
3751;2021.06.13 13:15;4;22;21,25;20,125;529;202;0;
3752;2021.06.13 13:30;4;22,0625;21,3125;20,25;530;202;0;
3753;2021.06.13 13:45;4;22,1875;21,375;20,25;531;202;0;
3754;2021.06.13 14:00;4;22,3125;21,5;20,375;531;202;0;
3755;2021.06.13 14:15;4;22,375;21,625;20,4375;532;202;0;
3756;2021.06.13 14:30;4;22,5;21,75;20,5;533;202;0;
3757;2021.06.13 14:45;4;22,625;21,875;20,5625;533;202;0;
3758;2021.06.13 15:00;4;22,75;21,9375;20,625;534;202;0;
3759;2021.06.13 15:15;4;22,875;22;20,6875;534;202;0;
3760;2021.06.13 15:30;4;23;22,125;20,75;535;202;0;
3761;2021.06.13 15:45;4;23,0625;22,25;20,875;535;202;0;
3762;2021.06.13 16:00;4;23,1875;22,375;20,9375;536;202;0;
3763;2021.06.13 16:15;4;23,3125;22,5;21;536;202;0;
3764;2021.06.13 16:30;4;23,375;22,5625;21,125;537;202;0;
3765;2021.06.13 16:45;4;23,5;22,625;21,125;537;202;0;
3766;2021.06.13 17:00;4;23,5;22,75;21,1875;537;202;0;
3767;2021.06.13 17:15;4;23,625;22,8125;21,25;537;202;0;
3768;2021.06.13 17:30;4;23,625;22,875;21,25;537;202;0;
3769;2021.06.13 17:45;4;23,6875;22,875;21,3125;537;202;0;
3770;2021.06.13 18:00;4;23,75;22,9375;21,3125;537;202;0;
3771;2021.06.13 18:15;4;23,75;23;21,375;537;202;0;
3772;2021.06.13 18:30;4;23,75;23;21,375;537;202;0;
3773;2021.06.13 18:45;4;23,6875;23;21,375;536;202;0;
3774;2021.06.13 19:00;4;23,6875;23;21,375;536;202;0;
3775;2021.06.13 19:15;4;23,625;23;21,375;535;202;0;
3776;2021.06.13 19:30;4;23,625;23;21,375;535;202;0;
3777;2021.06.13 19:45;4;23,5;22,9375;21,3125;534;202;0;
3778;2021.06.13 20:00;4;23,5;22,875;21,25;534;202;0;
3779;2021.06.13 20:15;4;23,375;22,875;21,25;534;202;0;
3780;2021.06.13 20:30;4;23,375;22,8125;21,25;533;202;0;
3781;2021.06.13 20:45;4;23,25;22,75;21,25;532;202;0;
3782;2021.06.13 21:00;4;23,1875;22,75;21,1875;532;202;0;
3783;2021.06.13 21:15;4;23,125;22,625;21,125;531;202;0;
3784;2021.06.13 21:30;4;23;22,5625;21,125;531;202;0;
3785;2021.06.13 21:45;4;22,9375;22,5;21,0625;530;202;0;
3786;2021.06.13 22:00;4;22,8125;22,375;21;529;202;0;
3787;2021.06.13 22:15;4;22,75;22,375;21;529;202;0;
3788;2021.06.13 22:30;4;22,625;22,25;20,875;528;202;0;
3789;2021.06.13 22:45;4;22,5;22,125;20,875;527;202;0;
3790;2021.06.13 23:00;4;22,4375;22,0625;20,8125;527;202;0;
3791;2021.06.13 23:15;4;22,375;22;20,75;526;202;0;
3792;2021.06.13 23:30;4;22,25;21,875;20,6875;525;202;0;
3793;2021.06.13 23:45;4;22,125;21,8125;20,625;525;202;0;
3794;2021.06.14 00:00;4;22;21,75;20,625;524;202;0;
3795;2021.06.14 00:15;4;21,9375;21,625;20,5;524;202;0;
3796;2021.06.14 00:30;4;21,875;21,5625;20,5;523;202;0;
3797;2021.06.14 00:45;4;21,75;21,5;20,4375;522;202;0;
3798;2021.06.14 01:00;4;21,625;21,375;20,375;522;202;0;
3799;2021.06.14 01:15;4;21,5625;21,3125;20,3125;521;202;0;
3800;2021.06.14 01:30;4;21,5;21,25;20,25;521;202;0;
3801;2021.06.14 01:45;4;21,375;21,125;20,25;520;202;0;
3802;2021.06.14 02:00;4;21,25;21,0625;20,125;520;202;0;
3803;2021.06.14 02:15;4;21,25;21;20,125;520;202;0;
3804;2021.06.14 02:30;4;21,125;20,875;20,0625;519;202;0;
3805;2021.06.14 02:45;4;21;20,875;20;519;202;0;
3806;2021.06.14 03:00;4;21;20,75;20;518;202;0;
3807;2021.06.14 03:15;4;20,875;20,6875;19,875;518;202;0;
3808;2021.06.14 03:30;4;20,75;20,625;19,875;517;202;0;
3809;2021.06.14 03:45;4;20,75;20,5;19,8125;517;202;0;
3810;2021.06.14 04:00;4;20,625;20,5;19,75;516;202;0;
3811;2021.06.14 04:15;4;20,5625;20,375;19,75;516;202;0;
3812;2021.06.14 04:30;4;20,5;20,375;19,625;516;202;0;
3813;2021.06.14 04:45;4;20,375;20,25;19,625;515;202;0;
3814;2021.06.14 05:00;4;20,375;20,1875;19,625;515;202;0;
3815;2021.06.14 05:15;4;20,25;20,125;19,5;515;202;0;
3816;2021.06.14 05:30;4;20,25;20,125;19,5;515;202;0;
3817;2021.06.14 05:45;4;20,25;20;19,5;514;202;0;
3818;2021.06.14 06:00;4;20,1875;20;19,5;514;202;0;
3819;2021.06.14 06:15;4;20,125;20;19,5;514;202;0;
3820;2021.06.14 06:30;4;20,125;20;19,5;514;202;0;
3821;2021.06.14 06:45;4;20,125;19,9375;19,5;514;202;0;
3822;2021.06.14 07:00;4;20,125;19,9375;19,5;514;202;0;
3823;2021.06.14 07:15;4;20,1875;19,9375;19,5;515;202;0;
3824;2021.06.14 07:30;4;20,25;19,9375;19,5;515;202;0;
3825;2021.06.14 07:45;4;20,25;20;19,5;515;202;0;
3826;2021.06.14 08:00;4;20,3125;20;19,5;516;202;0;
3827;2021.06.14 08:15;4;20,375;20;19,5;516;202;0;
3828;2021.06.14 08:30;4;20,5;20,125;19,5625;517;202;0;
3829;2021.06.14 08:45;4;20,5625;20,125;19,625;517;202;0;
3830;2021.06.14 09:00;4;20,6875;20,25;19,625;518;202;0;
3831;2021.06.14 09:15;4;20,75;20,25;19,75;519;202;0;
3832;2021.06.14 09:30;4;20,875;20,375;19,75;519;202;0;
3833;2021.06.14 09:45;4;21;20,5;19,875;520;202;0;
3834;2021.06.14 10:00;4;21,1875;20,5625;19,875;521;202;0;
3835;2021.06.14 10:15;4;21,375;20,6875;20;522;202;0;
3836;2021.06.14 10:30;4;21,5;20,75;20,0625;523;202;0;
3837;2021.06.14 10:45;4;21,625;20,875;20,125;524;202;0;
3838;2021.06.14 11:00;4;21,75;21;20,1875;524;202;0;
3839;2021.06.14 11:15;4;21,875;21,125;20,25;525;202;0;
3840;2021.06.14 11:30;4;21,9375;21,25;20,375;526;202;0;
3841;2021.06.14 11:45;4;22,0625;21,375;20,375;527;202;0;
3842;2021.06.14 12:00;4;22,25;21,5;20,5;528;202;0;
3843;2021.06.14 12:15;4;22,375;21,625;20,5625;528;202;0;
3844;2021.06.14 12:30;4;22,5;21,75;20,625;529;202;0;
3845;2021.06.14 12:45;4;22,625;21,875;20,75;530;202;0;
3846;2021.06.14 13:00;4;22,8125;22;20,875;531;202;0;
3847;2021.06.14 13:15;4;22,9375;22,125;20,875;532;202;0;
3848;2021.06.14 13:30;4;23,125;22,25;21;533;202;0;
3849;2021.06.14 13:45;4;23,25;22,375;21,125;533;202;0;
3850;2021.06.14 14:00;4;23,375;22,5;21,1875;534;202;0;
3851;2021.06.14 14:15;4;23,5;22,625;21,25;535;202;0;
3852;2021.06.14 14:30;4;23,625;22,75;21,375;536;202;0;
3853;2021.06.14 14:45;4;23,75;22,875;21,4375;536;202;0;
3854;2021.06.14 15:00;4;23,9375;23;21,5;537;202;0;
3855;2021.06.14 15:15;4;24,0625;23,125;21,625;538;202;0;
3856;2021.06.14 15:30;4;24,1875;23,25;21,75;538;202;0;
3857;2021.06.14 15:45;4;24,3125;23,375;21,8125;539;202;0;
3858;2021.06.14 16:00;4;24,4375;23,5;21,875;539;202;0;
3859;2021.06.14 16:15;4;24,5;23,5625;21,9375;540;202;0;
3860;2021.06.14 16:30;4;24,625;23,625;22;540;202;0;
3861;2021.06.14 16:45;4;24,6875;23,75;22,0625;540;202;0;
3862;2021.06.14 17:00;4;24,75;23,875;22,125;540;202;0;
3863;2021.06.14 17:15;4;24,875;23,875;22,1875;540;202;0;
3864;2021.06.14 17:30;4;24,875;24;22,25;540;202;0;
3865;2021.06.14 17:45;4;24,9375;24;22,25;540;202;0;
3866;2021.06.14 18:00;4;24,875;24,0625;22,25;540;202;0;
3867;2021.06.14 18:15;4;24,875;24,0625;22,25;540;202;0;
3868;2021.06.14 18:30;4;24,875;24,0625;22,25;540;202;0;
3869;2021.06.14 18:45;4;24,8125;24,0625;22,1875;539;202;0;
3870;2021.06.14 19:00;4;24,75;24;22,125;539;202;0;
3871;2021.06.14 19:15;4;24,625;24;22,125;538;202;0;
3872;2021.06.14 19:30;4;24,5625;23,9375;22,125;537;202;0;
3873;2021.06.14 19:45;4;24,5;23,875;22;537;202;0;
3874;2021.06.14 20:00;4;24,375;23,75;22;536;202;0;
3875;2021.06.14 20:15;4;24,25;23,6875;21,9375;535;202;0;
3876;2021.06.14 20:30;4;24,125;23,625;21,875;535;202;0;
3877;2021.06.14 20:45;4;24;23,5;21,8125;534;202;0;
3878;2021.06.14 21:00;4;23,875;23,375;21,75;533;202;0;
3879;2021.06.14 21:15;4;23,75;23,25;21,75;532;202;0;
3880;2021.06.14 21:30;4;23,625;23,1875;21,625;532;202;0;
3881;2021.06.14 21:45;4;23,5;23,125;21,625;531;202;0;
3882;2021.06.14 22:00;4;23,375;23;21,5;530;202;0;
3883;2021.06.14 22:15;4;23,25;22,875;21,5;529;202;0;
3884;2021.06.14 22:30;4;23,1875;22,8125;21,4375;529;202;0;
3885;2021.06.14 22:45;4;23,125;22,75;21,375;528;202;0;
3886;2021.06.14 23:00;4;23;22,625;21,375;528;202;0;
3887;2021.06.14 23:15;4;22,875;22,5625;21,25;527;202;0;
3888;2021.06.14 23:30;4;22,75;22,5;21,25;527;202;0;
3889;2021.06.14 23:45;4;22,6875;22,375;21,1875;526;202;0;
3890;2021.06.15 00:00;4;22,625;22,3125;21,125;525;202;0;
3891;2021.06.15 00:15;4;22,5;22,25;21,0625;525;202;0;
3892;2021.06.15 00:30;4;22,4375;22,125;21;524;202;0;
3893;2021.06.15 00:45;4;22,375;22,0625;21;524;202;0;
3894;2021.06.15 01:00;4;22,25;22;20,875;523;202;0;
3895;2021.06.15 01:15;4;22,125;21,875;20,875;523;202;0;
3896;2021.06.15 01:30;4;22,0625;21,8125;20,75;522;202;0;
3897;2021.06.15 01:45;4;22;21,75;20,75;522;202;0;
3898;2021.06.15 02:00;4;21,875;21,625;20,6875;521;202;0;
3899;2021.06.15 02:15;4;21,75;21,5625;20,625;521;202;0;
3900;2021.06.15 02:30;4;21,6875;21,4375;20,5625;520;202;0;
3901;2021.06.15 02:45;4;21,625;21,375;20,5;520;202;0;
3902;2021.06.15 03:00;4;21,5;21,25;20,4375;519;202;0;
3903;2021.06.15 03:15;4;21,375;21,1875;20,375;519;202;0;
3904;2021.06.15 03:30;4;21,3125;21,125;20,3125;518;202;0;
3905;2021.06.15 03:45;4;21,25;21;20,25;518;202;0;
3906;2021.06.15 04:00;4;21,125;20,9375;20,1875;517;202;0;
3907;2021.06.15 04:15;4;21;20,875;20,125;517;202;0;
3908;2021.06.15 04:30;4;20,9375;20,75;20,0625;516;202;0;
3909;2021.06.15 04:45;4;20,875;20,6875;20;516;202;0;
3910;2021.06.15 05:00;4;20,75;20,625;20;516;202;0;
3911;2021.06.15 05:15;4;20,6875;20,5;19,9375;515;202;0;
3912;2021.06.15 05:30;4;20,625;20,5;19,9375;515;202;0;
3913;2021.06.15 05:45;4;20,625;20,4375;19,875;515;202;0;
3914;2021.06.15 06:00;4;20,625;20,375;19,875;515;202;0;
3915;2021.06.15 06:15;4;20,5625;20,375;19,875;515;202;0;
3916;2021.06.15 06:30;4;20,5625;20,375;19,875;515;202;0;
3917;2021.06.15 06:45;4;20,5;20,375;19,875;515;202;0;
3918;2021.06.15 07:00;4;20,5;20,375;19,875;515;202;0;
3919;2021.06.15 07:15;4;20,5625;20,375;19,875;515;202;0;
3920;2021.06.15 07:30;4;20,5625;20,375;19,875;515;202;0;
3921;2021.06.15 07:45;4;20,625;20,375;19,875;515;202;0;
3922;2021.06.15 08:00;4;20,625;20,375;19,875;515;202;0;
3923;2021.06.15 08:15;4;20,625;20,375;19,875;516;202;0;
3924;2021.06.15 08:30;4;20,6875;20,375;19,875;516;202;0;
3925;2021.06.15 08:45;4;20,75;20,375;19,875;516;202;0;
3926;2021.06.15 09:00;4;20,75;20,4375;19,9375;517;202;0;
3927;2021.06.15 09:15;4;20,8125;20,5;19,9375;517;202;0;
3928;2021.06.15 09:30;4;20,875;20,5;20;517;202;0;
3929;2021.06.15 09:45;4;20,875;20,5625;20;518;202;0;
3930;2021.06.15 10:00;4;21;20,625;20;518;202;0;
3931;2021.06.15 10:15;4;21,0625;20,625;20,0625;519;202;0;
3932;2021.06.15 10:30;4;21,125;20,6875;20,125;519;202;0;
3933;2021.06.15 10:45;4;21,25;20,75;20,125;519;202;0;
3934;2021.06.15 11:00;4;21,25;20,8125;20,125;520;202;0;
3935;2021.06.15 11:15;4;21,375;20,875;20,1875;521;202;0;
3936;2021.06.15 11:30;4;21,5;21;20,25;521;202;0;
3937;2021.06.15 11:45;4;21,5625;21;20,25;522;202;0;
3938;2021.06.15 12:00;4;21,6875;21,125;20,375;522;202;0;
3939;2021.06.15 12:15;4;21,75;21,25;20,375;523;202;0;
3940;2021.06.15 12:30;4;21,875;21,25;20,4375;524;202;0;
3941;2021.06.15 12:45;4;22;21,375;20,5;525;202;0;
3942;2021.06.15 13:00;4;22,125;21,5;20,625;525;202;0;
3943;2021.06.15 13:15;4;22,25;21,625;20,625;526;202;0;
3944;2021.06.15 13:30;4;22,4375;21,75;20,75;527;202;0;
3945;2021.06.15 13:45;4;22,625;21,875;20,8125;528;202;0;
3946;2021.06.15 14:00;4;22,75;22;20,875;529;202;0;
3947;2021.06.15 14:15;4;22,875;22,125;21;530;202;0;
3948;2021.06.15 14:30;4;23,1875;22,3125;22,5;532;202;0;
3949;2021.06.15 14:45;4;23,875;22,625;25,375;543;202;0;
3950;2021.06.15 15:00;4;24,75;23,1875;26,5;548;202;0;
3951;2021.06.15 15:15;4;25,625;23,875;27,25;554;202;0;
3952;2021.06.15 15:30;4;26,375;24,6875;27,9375;559;202;0;
3953;2021.06.15 15:45;4;27;25,375;28,5;563;202;0;
3954;2021.06.15 16:00;4;27,5;26,0625;29;566;202;0;
3955;2021.06.15 16:15;4;27,9375;26,6875;29,375;568;202;0;
3956;2021.06.15 16:30;4;28,25;27,1875;29,5;569;202;0;
3957;2021.06.15 16:45;4;28,5;27,625;29,5;570;202;0;
3958;2021.06.15 17:00;4;28,625;27,9375;29,625;570;202;0;
3959;2021.06.15 17:15;4;28,75;28,1875;29,625;569;202;0;
3960;2021.06.15 17:30;4;28,875;28,375;29,5625;569;202;0;
3961;2021.06.15 17:45;4;28,9375;28,5;29,5;568;202;0;
3962;2021.06.15 18:00;4;29;28,625;29,3125;569;202;0;
3963;2021.06.15 18:15;4;28,9375;28,625;29,1875;566;202;0;
3964;2021.06.15 18:30;4;28,875;28,625;29;565;202;0;
3965;2021.06.15 18:45;4;28,8125;28,5625;28,875;564;202;0;
3966;2021.06.15 19:00;4;28,75;28,5;28,6875;563;202;0;
3967;2021.06.15 19:15;4;28,625;28,375;28,5;562;202;0;
3968;2021.06.15 19:30;4;28,5;28,3125;28,3125;561;202;0;
3969;2021.06.15 19:45;4;28,375;28,25;28,0625;559;202;0;
3970;2021.06.15 20:00;4;28,1875;28,0625;27,8125;558;202;0;
3971;2021.06.15 20:15;4;28;27,875;27,5625;556;202;0;
3972;2021.06.15 20:30;4;27,8125;27,75;27,375;555;202;0;
3973;2021.06.15 20:45;4;27,625;27,5625;27,125;553;202;0;
3974;2021.06.15 21:00;4;27,5;27,375;26,9375;552;202;0;
3975;2021.06.15 21:15;4;27,3125;27,25;26,75;551;202;0;
3976;2021.06.15 21:30;4;27,125;27,0625;26,5;550;202;0;
3977;2021.06.15 21:45;4;26,9375;26,875;26,3125;548;202;0;
3978;2021.06.15 22:00;4;26,75;26,75;26,125;547;202;0;
3979;2021.06.15 22:15;4;26,625;26,5;25,875;545;202;0;
3980;2021.06.15 22:30;4;26,375;26,375;25,75;544;202;0;
3981;2021.06.15 22:45;4;26,25;26,125;25,5;543;202;0;
3982;2021.06.15 23:00;4;26;26;25,375;541;202;0;
3983;2021.06.15 23:15;4;25,875;25,8125;25,125;540;202;0;
3984;2021.06.15 23:30;4;25,625;25,625;24,9375;539;202;0;
3985;2021.06.15 23:45;4;25,4375;25,375;24,75;537;202;0;
3986;2021.06.16 00:00;4;25,25;25,25;24,5625;536;202;0;
3987;2021.06.16 00:15;4;25,0625;25,0625;24,375;535;202;0;
3988;2021.06.16 00:30;4;24,875;24,875;24,1875;533;202;0;
3989;2021.06.16 00:45;4;24,625;24,625;24;532;202;0;
3990;2021.06.16 01:00;4;24,5;24,5;23,75;530;202;0;
3991;2021.06.16 01:15;4;24,25;24,25;23,625;529;202;0;
3992;2021.06.16 01:30;4;24,125;24,125;23,375;528;202;0;
3993;2021.06.16 01:45;4;23,875;23,875;23,25;526;202;0;
3994;2021.06.16 02:00;4;23,6875;23,75;23;525;202;0;
3995;2021.06.16 02:15;4;23,5;23,5;22,875;524;202;0;
3996;2021.06.16 02:30;4;23,3125;23,375;22,625;522;202;0;
3997;2021.06.16 02:45;4;23,125;23,125;22,5;521;202;0;
3998;2021.06.16 03:00;4;22,875;23;22,25;520;202;0;
3999;2021.06.16 03:15;4;22,75;22,75;22,125;519;202;0;
4000;2021.06.16 03:30;4;22,5;22,625;21,875;517;202;0;
4001;2021.06.16 03:45;4;22,375;22,375;21,6875;516;202;0;
4002;2021.06.16 04:00;4;22,125;22,25;21,5;515;202;0;
4003;2021.06.16 04:15;4;22;22;21,375;513;202;0;
4004;2021.06.16 04:30;4;21,75;21,875;21,125;512;202;0;
4005;2021.06.16 04:45;4;21,625;21,625;21;511;202;0;
4006;2021.06.16 05:00;4;21,375;21,5;20,875;509;202;0;
4007;2021.06.16 05:15;4;21,25;21,375;20,75;508;202;0;
4008;2021.06.16 05:30;4;21,1875;21,25;20,75;507;202;0;
4009;2021.06.16 05:45;4;21,125;21,125;20,75;506;202;0;
4010;2021.06.16 06:00;4;21;21;20,75;506;202;0;
4011;2021.06.16 06:15;4;21;21;20,75;505;202;0;
4012;2021.06.16 06:30;4;20,9375;20,9375;20,75;505;202;0;
4013;2021.06.16 06:45;4;20,875;20,875;20,6875;505;202;0;
4014;2021.06.16 07:00;4;20,875;20,875;20,625;505;202;0;
4015;2021.06.16 07:15;4;20,75;20,8125;20,625;504;202;0;
4016;2021.06.16 07:30;4;20,625;20,75;20,5625;504;202;0;
4017;2021.06.16 07:45;4;20,5;20,625;19,9375;507;202;0;
4018;2021.06.16 08:00;4;20,375;20,4375;19,5625;505;202;0;
4019;2021.06.16 08:15;4;20,1875;20,25;19,375;504;202;0;
4020;2021.06.16 08:30;4;20,0625;20,0625;19,1875;503;202;0;
4021;2021.06.16 08:45;4;19,875;19,875;19,0625;502;202;0;
4022;2021.06.16 09:00;4;19,8125;19,75;19;501;202;0;
4023;2021.06.16 09:15;4;19,6875;19,625;18,875;501;202;0;
4024;2021.06.16 09:30;4;19,625;19,5;18,8125;500;202;0;
4025;2021.06.16 09:45;4;19,5625;19,5;18,8125;500;202;0;
4026;2021.06.16 10:00;4;19,5;19,375;18,8125;499;202;0;
4027;2021.06.16 10:15;4;19,5;19,375;18,875;499;202;0;
4028;2021.06.16 10:30;4;19,5;19,375;18,875;499;202;0;
4029;2021.06.16 10:45;4;19,5;19,375;18,9375;499;202;0;
4030;2021.06.16 11:00;4;19,5625;19,375;19;500;202;0;
4031;2021.06.16 11:15;4;19,625;19,4375;19;500;202;0;
4032;2021.06.16 11:30;4;19,625;19,5;19,125;500;202;0;
4033;2021.06.16 11:45;4;19,75;19,5;19,1875;500;202;0;
4034;2021.06.16 12:00;4;19,75;19,5625;19,25;500;202;0;
4035;2021.06.16 12:15;4;19,8125;19,625;19,375;501;202;0;
4036;2021.06.16 12:30;4;19,875;19,6875;19,4375;501;202;0;
4037;2021.06.16 12:45;4;19,9375;19,75;19,5;501;202;0;
4038;2021.06.16 13:00;4;20;19,75;19,5625;501;202;0;
4039;2021.06.16 13:15;4;20;19,875;19,625;501;202;0;
4040;2021.06.16 13:30;4;20,0625;19,875;19,625;501;202;0;
4041;2021.06.16 13:45;4;20,125;19,9375;19,75;501;202;0;
4042;2021.06.16 14:00;4;20,1875;20;19,75;502;202;0;
4043;2021.06.16 14:15;4;20,25;20,0625;19,875;502;202;0;
4044;2021.06.16 14:30;4;20,3125;20,125;19,875;502;202;0;
4045;2021.06.16 14:45;4;20,375;20,125;20;502;202;0;
4046;2021.06.16 15:00;4;20,4375;20,25;20;502;202;0;
4047;2021.06.16 15:15;4;20,5;20,25;20,125;502;202;0;
4048;2021.06.16 15:30;4;20,75;20,375;20,875;500;202;0;
4049;2021.06.16 15:45;4;21;20,625;21,375;502;202;0;
4050;2021.06.16 16:00;4;21,4375;20,875;21,6875;504;202;0;
4051;2021.06.16 16:15;4;21,9375;21,25;22,0625;506;202;0;
4052;2021.06.16 16:30;4;22,3125;21,625;22,5625;509;202;0;
4053;2021.06.16 16:45;4;22,625;21,9375;22,75;511;202;0;
4054;2021.06.16 17:00;4;23;22,25;22,875;512;202;0;
4055;2021.06.16 17:15;4;23,25;22,5625;23;514;202;0;
4056;2021.06.16 17:30;4;23,5;22,8125;23,125;515;202;0;
4057;2021.06.16 17:45;4;23,5;23;23,125;517;202;0;
4058;2021.06.16 18:00;4;23,5;23;23,125;516;202;0;
4059;2021.06.16 18:15;4;23,5;23,125;23,125;516;202;0;
4060;2021.06.16 18:30;4;23,5;23,125;23,375;516;202;0;
4061;2021.06.16 18:45;4;23,625;23,25;23,75;517;202;0;
4062;2021.06.16 19:00;4;23,75;23,4375;24,125;517;202;0;
4063;2021.06.16 19:15;4;23,875;23,625;24,25;516;202;0;
4064;2021.06.16 19:30;4;24;23,75;24,125;516;202;0;
4065;2021.06.16 19:45;4;24,0625;23,875;24,0625;518;202;0;
4066;2021.06.16 20:00;4;24;23,875;24;517;202;0;
4067;2021.06.16 20:15;4;23,875;23,75;23,75;516;202;0;
4068;2021.06.16 20:30;4;23,625;23,625;23,375;515;202;0;
4069;2021.06.16 20:45;4;23,375;23,375;23;513;202;0;
4070;2021.06.16 21:00;4;23;23,125;22,5625;512;202;0;
4071;2021.06.16 21:15;4;22,6875;22,8125;22,125;510;202;0;
4072;2021.06.16 21:30;4;22,375;22,5;21,625;507;202;0;
4073;2021.06.16 21:45;4;22;22,125;21,125;505;202;0;
4074;2021.06.16 22:00;4;21,625;21,75;20,6875;503;202;0;
4075;2021.06.16 22:15;4;21,1875;21,375;20,25;501;202;0;
4076;2021.06.16 22:30;4;20,75;20,9375;19,75;498;202;0;
4077;2021.06.16 22:45;4;20,375;20,5;19,375;496;202;0;
4078;2021.06.16 23:00;4;20;20,125;18,9375;493;202;0;
4079;2021.06.16 23:15;4;19,625;19,75;18,5;491;202;0;
4080;2021.06.16 23:30;4;19,1875;19,375;18,125;489;202;0;
4081;2021.06.16 23:45;4;18,8125;19;17,75;486;202;0;
4082;2021.06.17 00:00;4;18,375;18,625;17,375;484;202;0;
4083;2021.06.17 00:15;4;18,0625;18,25;17;482;202;0;
4084;2021.06.17 00:30;4;17,6875;17,875;16,6875;480;202;0;
4085;2021.06.17 00:45;4;17,3125;17,5;16,375;478;202;0;
4086;2021.06.17 01:00;4;17;17,125;16,0625;476;202;0;
4087;2021.06.17 01:15;4;16,625;16,8125;15,75;474;202;0;
4088;2021.06.17 01:30;4;16,375;16,5;15,5;472;202;0;
4089;2021.06.17 01:45;4;16;16,25;15,25;470;202;0;
4090;2021.06.17 02:00;4;15,75;15,9375;15;469;202;0;
4091;2021.06.17 02:15;4;15,5;15,625;14,75;467;202;0;
4092;2021.06.17 02:30;4;15,25;15,375;14,5625;466;202;0;
4093;2021.06.17 02:45;4;15;15,125;14,375;464;202;0;
4094;2021.06.17 03:00;4;14,75;14,875;14,125;463;202;0;
4095;2021.06.17 03:15;4;14,5;14,625;14;462;202;0;
4096;2021.06.17 03:30;4;14,25;14,4375;13,75;461;202;0;
4097;2021.06.17 03:45;4;14,0625;14,25;13,625;459;202;0;
4098;2021.06.17 04:00;4;13,875;14;13,4375;458;202;0;
4099;2021.06.17 04:15;4;13,6875;13,875;13,3125;458;202;0;
4100;2021.06.17 04:30;4;13,5625;13,6875;13,25;457;202;0;
4101;2021.06.17 04:45;4;13,4375;13,5625;13,125;456;202;0;
4102;2021.06.17 05:00;4;13,375;13,4375;13,125;456;202;0;
4103;2021.06.17 05:15;4;13,25;13,375;13,125;455;202;0;
4104;2021.06.17 05:30;4;13,25;13,25;13,0625;455;202;0;
4105;2021.06.17 05:45;4;13,25;13,25;13,125;455;202;0;
4106;2021.06.17 06:00;4;13,25;13,25;13,125;455;202;0;
4107;2021.06.17 06:15;4;13,25;13,25;13,125;456;202;0;
4108;2021.06.17 06:30;4;13,375;13,25;13,25;456;202;0;
4109;2021.06.17 06:45;4;13,625;13,375;13,375;457;202;0;
4110;2021.06.17 07:00;4;13,875;13,5;13,625;457;202;0;
4111;2021.06.17 07:15;4;14,25;13,75;14;459;202;0;
4112;2021.06.17 07:30;4;14,625;14;14,375;462;202;0;
4113;2021.06.17 07:45;4;15,125;14,375;15;466;202;0;
4114;2021.06.17 08:00;4;15,875;14,875;15,5;471;202;0;
4115;2021.06.17 08:15;4;16,75;15,5;16,125;476;202;0;
4116;2021.06.17 08:30;4;17,75;16,1875;16,875;483;202;0;
4117;2021.06.17 08:45;4;18,75;17;17,625;490;202;0;
4118;2021.06.17 09:00;4;19,625;17,875;18,375;497;202;0;
4119;2021.06.17 09:15;4;20,4375;18,625;19,125;503;202;0;
4120;2021.06.17 09:30;4;21,125;19,375;19,75;509;202;0;
4121;2021.06.17 09:45;4;21,8125;20,125;20,375;514;202;0;
4122;2021.06.17 10:00;4;22,625;20,875;21,125;520;202;0;
4123;2021.06.17 10:15;4;23,25;21,625;21,875;525;202;0;
4124;2021.06.17 10:30;4;23,875;22,25;22,5;532;202;0;
4125;2021.06.17 10:45;4;24,0625;22,75;22,9375;532;202;0;
4126;2021.06.17 11:00;4;24,125;23,0625;23,125;532;202;0;
4127;2021.06.17 11:15;4;24,125;23,25;23,3125;531;202;0;
4128;2021.06.17 11:30;4;24,25;23,5;23,5625;531;202;0;
4129;2021.06.17 11:45;4;24,625;23,875;23,875;532;202;0;
4130;2021.06.17 12:00;4;25,125;24,1875;24,25;534;202;0;
4131;2021.06.17 12:15;4;25,5;24,5625;24,5625;535;202;0;
4132;2021.06.17 12:30;4;25,75;24,875;24,875;536;202;0;
4133;2021.06.17 12:45;4;25,75;25,0625;25,25;536;202;0;
4134;2021.06.17 13:00;4;25,75;25,25;25,25;537;202;0;
4135;2021.06.17 13:15;4;25,6875;25,25;25,0625;535;202;0;
4136;2021.06.17 13:30;4;25,625;25,25;24,875;534;202;0;
4137;2021.06.17 13:45;4;25,5;25,125;24,5625;529;202;0;
4138;2021.06.17 14:00;4;25,375;25;24,375;531;202;0;
4139;2021.06.17 14:15;4;25,125;24,75;24,25;527;202;0;
4140;2021.06.17 14:30;4;25;24,625;24,25;528;202;0;
4141;2021.06.17 14:45;4;24,875;24,625;24,5;527;202;0;
4142;2021.06.17 15:00;4;24,875;24,625;24,8125;527;202;0;
4143;2021.06.17 15:15;4;24,875;24,625;25;527;202;0;
4144;2021.06.17 15:30;4;24,875;24,6875;25,125;527;202;0;
4145;2021.06.17 15:45;4;25;24,75;25,0625;527;202;0;
4146;2021.06.17 16:00;4;24,9375;24,8125;24,6875;527;202;0;
4147;2021.06.17 16:15;4;24,8125;24,75;24,25;526;202;0;
4148;2021.06.17 16:30;4;24,5625;24,5625;23,8125;524;202;0;
4149;2021.06.17 16:45;4;24,25;24,375;23,375;522;202;0;
4150;2021.06.17 17:00;4;23,9375;24,0625;22,9375;520;202;0;
4151;2021.06.17 17:15;4;23,625;23,75;22,625;518;202;0;
4152;2021.06.17 17:30;4;23,375;23,5;22,25;517;202;0;
4153;2021.06.17 17:45;4;23,125;23,1875;22;515;202;0;
4154;2021.06.17 18:00;4;22,875;22,9375;21,75;513;202;0;
4155;2021.06.17 18:15;4;22,625;22,6875;21,5;512;202;0;
4156;2021.06.17 18:30;4;22,375;22,4375;21,25;510;202;0;
4157;2021.06.17 18:45;4;22,1875;22,25;21;509;202;0;
4158;2021.06.17 19:00;4;22;22;20,75;508;202;0;
4159;2021.06.17 19:15;4;21,75;21,75;20,5;506;202;0;
4160;2021.06.17 19:30;4;21,5;21,5625;20,1875;505;202;0;
4161;2021.06.17 19:45;4;21,25;21,3125;19,9375;503;202;0;
4162;2021.06.17 20:00;4;21;21,125;19,625;502;202;0;
4163;2021.06.17 20:15;4;20,75;20,875;19,375;500;202;0;
4164;2021.06.17 20:30;4;20,5625;20,625;19,1875;499;202;0;
4165;2021.06.17 20:45;4;20,3125;20,375;19;498;202;0;
4166;2021.06.17 21:00;4;20,125;20,125;18,75;496;202;0;
4167;2021.06.17 21:15;4;19,875;19,9375;18,5;495;202;0;
4168;2021.06.17 21:30;4;19,625;19,6875;18,25;494;202;0;
4169;2021.06.17 21:45;4;19,375;19,5;17,9375;492;202;0;
4170;2021.06.17 22:00;4;19,125;19,25;17,625;491;202;0;
4171;2021.06.17 22:15;4;18,875;19;17,3125;489;202;0;
4172;2021.06.17 22:30;4;18,625;18,75;17;488;202;0;
4173;2021.06.17 22:45;4;18,375;18,4375;16,75;486;202;0;
4174;2021.06.17 23:00;4;18,0625;18,125;16,5;485;202;0;
4175;2021.06.17 23:15;4;17,8125;17,875;16,25;483;202;0;
4176;2021.06.17 23:30;4;17,5625;17,625;16;482;202;0;
4177;2021.06.17 23:45;4;17,3125;17,375;15,6875;480;202;0;
4178;2021.06.18 00:00;4;17,0625;17,125;15,375;479;202;0;
4179;2021.06.18 00:15;4;16,75;16,875;15,125;477;202;0;
4180;2021.06.18 00:30;4;16,5;16,625;14,875;476;202;0;
4181;2021.06.18 00:45;4;16,25;16,375;14,625;474;202;0;
4182;2021.06.18 01:00;4;16;16,125;14,4375;473;202;0;
4183;2021.06.18 01:15;4;15,75;15,875;14,25;471;202;0;
4184;2021.06.18 01:30;4;15,5;15,625;14;470;202;0;
4185;2021.06.18 01:45;4;15,3125;15,375;13,75;469;202;0;
4186;2021.06.18 02:00;4;15,125;15,125;13,5625;468;202;0;
4187;2021.06.18 02:15;4;14,875;14,875;13,3125;466;202;0;
4188;2021.06.18 02:30;4;14,625;14,6875;13,125;465;202;0;
4189;2021.06.18 02:45;4;14,4375;14,5;12,9375;464;202;0;
4190;2021.06.18 03:00;4;14,25;14,25;12,875;463;202;0;
4191;2021.06.18 03:15;4;14,0625;14,0625;12,75;462;202;0;
4192;2021.06.18 03:30;4;13,9375;13,875;12,75;461;202;0;
4193;2021.06.18 03:45;4;13,8125;13,75;12,625;460;202;0;
4194;2021.06.18 04:00;4;13,6875;13,625;12,625;460;202;0;
4195;2021.06.18 04:15;4;13,5625;13,5;12,5625;459;202;0;
4196;2021.06.18 04:30;4;13,5;13,375;12,5;458;202;0;
4197;2021.06.18 04:45;4;13,375;13,3125;12,5;458;202;0;
4198;2021.06.18 05:00;4;13,3125;13,25;12,5;457;202;0;
4199;2021.06.18 05:15;4;13,25;13,125;12,625;457;202;0;
4200;2021.06.18 05:30;4;13,25;13,125;12,625;457;202;0;
4201;2021.06.18 05:45;4;13,25;13,0625;12,75;456;202;0;
4202;2021.06.18 06:00;4;13,25;13,0625;12,875;456;202;0;
4203;2021.06.18 06:15;4;13,25;13,0625;12,9375;456;202;0;
4204;2021.06.18 06:30;4;13,25;13,125;13,125;456;202;0;
4205;2021.06.18 06:45;4;13,3125;13,125;13,25;456;202;0;
4206;2021.06.18 07:00;4;13,375;13,1875;13,5625;457;202;0;
4207;2021.06.18 07:15;4;13,5;13,25;13,875;458;202;0;
4208;2021.06.18 07:30;4;13,6875;13,4375;14,25;459;202;0;
4209;2021.06.18 07:45;4;13,875;13,625;14,6875;460;202;0;
4210;2021.06.18 08:00;4;14,125;13,875;15,125;462;202;0;
4211;2021.06.18 08:15;4;14,375;14,125;15,5625;463;202;0;
4212;2021.06.18 08:30;4;14,6875;14,375;16;465;202;0;
4213;2021.06.18 08:45;4;15;14,75;16,4375;467;202;0;
4214;2021.06.18 09:00;4;15,375;15,0625;16,875;470;202;0;
4215;2021.06.18 09:15;4;15,75;15,375;17,25;472;202;0;
4216;2021.06.18 09:30;4;16,0625;15,75;17,625;474;202;0;
4217;2021.06.18 09:45;4;16,375;16,125;18,125;477;202;0;
4218;2021.06.18 10:00;4;16,75;16,5;18,5;479;202;0;
4219;2021.06.18 10:15;4;17,125;16,875;18,75;481;202;0;
4220;2021.06.18 10:30;4;17,5;17,25;19,1875;484;202;0;
4221;2021.06.18 10:45;4;17,875;17,625;19,625;486;202;0;
4222;2021.06.18 11:00;4;18,25;18;20;488;202;0;
4223;2021.06.18 11:15;4;18,5625;18,375;20,375;491;202;0;
4224;2021.06.18 11:30;4;18,875;18,6875;20,6875;494;202;0;
4225;2021.06.18 11:45;4;19,25;19,125;20,875;496;202;0;
4226;2021.06.18 12:00;4;19,625;19,5;21,375;498;202;0;
4227;2021.06.18 12:15;4;20,125;19,875;21,6875;502;202;0;
4228;2021.06.18 12:30;4;20,5;20,25;21,9375;504;202;0;
4229;2021.06.18 12:45;4;20,8125;20,625;22,125;506;202;0;
4230;2021.06.18 13:00;4;21,125;20,9375;22,125;508;202;0;
4231;2021.06.18 13:15;4;21,3125;21,1875;22,0625;510;202;0;
4232;2021.06.18 13:30;4;21,5;21,375;22,1875;511;202;0;
4233;2021.06.18 13:45;4;21,75;21,625;22,375;512;202;0;
4234;2021.06.18 14:00;4;21,875;21,75;22,375;513;202;0;
4235;2021.06.18 14:15;4;22;21,9375;22,3125;514;202;0;
4236;2021.06.18 14:30;4;22,25;22,125;22,375;515;202;0;
4237;2021.06.18 14:45;4;22,4375;22,25;22,75;515;202;0;
4238;2021.06.18 15:00;4;22,6875;22,5;23;516;202;0;
4239;2021.06.18 15:15;4;22,9375;22,75;23,125;518;202;0;
4240;2021.06.18 15:30;4;23,125;22,9375;23,3125;519;202;0;
4241;2021.06.18 15:45;4;23,375;23,1875;23,6875;520;202;0;
4242;2021.06.18 16:00;4;23,625;23,375;24,25;522;202;0;
4243;2021.06.18 16:15;4;23,875;23,625;24,625;523;202;0;
4244;2021.06.18 16:30;4;24,125;23,875;24,9375;524;202;0;
4245;2021.06.18 16:45;4;24,375;24,125;25,125;527;202;0;
4246;2021.06.18 17:00;4;24,5;24,375;25,25;527;202;0;
4247;2021.06.18 17:15;4;24,6875;24,5625;25,4375;528;202;0;
4248;2021.06.18 17:30;4;24,875;24,75;25,625;529;202;0;
4249;2021.06.18 17:45;4;25,125;25;26;530;202;0;
4250;2021.06.18 18:00;4;25,375;25,25;26,1875;531;202;0;
4251;2021.06.18 18:15;4;25,5625;25,5;26,5;532;202;0;
4252;2021.06.18 18:30;4;25,875;25,6875;26,1875;526;202;0;
4253;2021.06.18 18:45;4;26;25,75;25,875;527;202;0;
4254;2021.06.18 19:00;4;26,125;25,875;25,625;527;202;0;
4255;2021.06.18 19:15;4;26,125;25,875;25,4375;528;202;0;
4256;2021.06.18 19:30;4;26,125;25,875;25,25;528;202;0;
4257;2021.06.18 19:45;4;26,0625;25,875;25,125;528;202;0;
4258;2021.06.18 20:00;4;26;25,75;25;527;202;0;
4259;2021.06.18 20:15;4;25,875;25,75;24,75;529;202;0;
4260;2021.06.18 20:30;4;25,75;25,625;24,5625;528;202;0;
4261;2021.06.18 20:45;4;25,625;25,5;24,375;528;202;0;
4262;2021.06.18 21:00;4;25,5;25,375;24,25;527;202;0;
4263;2021.06.18 21:15;4;25,375;25,25;24,125;527;202;0;
4264;2021.06.18 21:30;4;25,25;25,125;24;526;202;0;
4265;2021.06.18 21:45;4;25,125;25;23,9375;526;202;0;
4266;2021.06.18 22:00;4;25;24,875;23,875;526;202;0;
4267;2021.06.18 22:15;4;24,9375;24,75;23,75;526;202;0;
4268;2021.06.18 22:30;4;24,875;24,75;23,75;526;202;0;
4269;2021.06.18 22:45;4;24,8125;24,625;23,625;525;202;0;
4270;2021.06.18 23:00;4;24,75;24,5625;23,625;525;202;0;
4271;2021.06.18 23:15;4;24,625;24,5;23,5;525;202;0;
4272;2021.06.18 23:30;4;24,625;24,375;23,5;525;202;0;
4273;2021.06.18 23:45;4;24,5;24,375;23,375;525;202;0;
4274;2021.06.19 00:00;4;24,4375;24,25;23,375;525;202;0;
4275;2021.06.19 00:15;4;24,375;24,25;23,3125;525;202;0;
4276;2021.06.19 00:30;4;24,3125;24,125;23,25;525;202;0;
4277;2021.06.19 00:45;4;24,25;24,125;23,25;525;202;0;
4278;2021.06.19 01:00;4;24,25;24,0625;23,1875;525;202;0;
4279;2021.06.19 01:15;4;24,125;24;23,125;525;202;0;
4280;2021.06.19 01:30;4;24,125;23,9375;23,125;525;202;0;
4281;2021.06.19 01:45;4;24;23,875;23;525;202;0;
4282;2021.06.19 02:00;4;24;23,8125;23;524;202;0;
4283;2021.06.19 02:15;4;23,875;23,75;22,9375;524;202;0;
4284;2021.06.19 02:30;4;23,875;23,6875;22,875;524;202;0;
4285;2021.06.19 02:45;4;23,75;23,625;22,8125;524;202;0;
4286;2021.06.19 03:00;4;23,6875;23,5;22,75;524;202;0;
4287;2021.06.19 03:15;4;23,625;23,5;22,75;524;202;0;
4288;2021.06.19 03:30;4;23,5625;23,4375;22,6875;524;202;0;
4289;2021.06.19 03:45;4;23,5;23,375;22,625;524;202;0;
4290;2021.06.19 04:00;4;23,4375;23,3125;22,625;524;202;0;
4291;2021.06.19 04:15;4;23,375;23,25;22,5;524;202;0;
4292;2021.06.19 04:30;4;23,3125;23,1875;22,5;524;202;0;
4293;2021.06.19 04:45;4;23,25;23,125;22,5;524;202;0;
4294;2021.06.19 05:00;4;23,25;23,125;22,4375;524;202;0;
4295;2021.06.19 05:15;4;23,25;23,0625;22,4375;524;202;0;
4296;2021.06.19 05:30;4;23,1875;23;22,375;524;202;0;
4297;2021.06.19 05:45;4;23,1875;23;22,375;524;202;0;
4298;2021.06.19 06:00;4;23,1875;23;22,375;525;202;0;
4299;2021.06.19 06:15;4;23,25;23;22,375;525;202;0;
4300;2021.06.19 06:30;4;23,25;23;22,375;526;202;0;
4301;2021.06.19 06:45;4;23,25;23,0625;22,4375;526;202;0;
4302;2021.06.19 07:00;4;23,375;23,125;22,5;527;202;0;
4303;2021.06.19 07:15;4;23,375;23,125;22,5;527;202;0;
4304;2021.06.19 07:30;4;23,4375;23,125;22,5;528;202;0;
4305;2021.06.19 07:45;4;23,5;23,1875;22,5;528;202;0;
4306;2021.06.19 08:00;4;23,5;23,25;22,5;529;202;0;
4307;2021.06.19 08:15;4;23,5625;23,25;22,5;529;202;0;
4308;2021.06.19 08:30;4;23,625;23,25;22,5;529;202;0;
4309;2021.06.19 08:45;4;23,75;23,375;22,5625;530;202;0;
4310;2021.06.19 09:00;4;23,75;23,375;22,625;530;202;0;
4311;2021.06.19 09:15;4;23,875;23,5;22,625;531;202;0;
4312;2021.06.19 09:30;4;24;23,5;22,6875;532;202;0;
4313;2021.06.19 09:45;4;24,125;23,625;22,75;533;202;0;
4314;2021.06.19 10:00;4;24,25;23,75;22,8125;534;202;0;
4315;2021.06.19 10:15;4;24,375;23,8125;22,875;534;202;0;
4316;2021.06.19 10:30;4;24,5;23,9375;22,9375;535;202;0;
4317;2021.06.19 10:45;4;24,6875;24;23;536;202;0;
4318;2021.06.19 11:00;4;24,875;24,125;23,125;537;202;0;
4319;2021.06.19 11:15;4;25;24,25;23,1875;538;202;0;
4320;2021.06.19 11:30;4;25,0625;24,375;23,25;538;202;0;
4321;2021.06.19 11:45;4;25,1875;24,5;23,375;539;202;0;
4322;2021.06.19 12:00;4;25,25;24,5625;23,375;539;202;0;
4323;2021.06.19 12:15;4;25,375;24,6875;23,5;539;202;0;
4324;2021.06.19 12:30;4;25,5;24,75;23,5625;540;202;0;
4325;2021.06.19 12:45;4;25,6875;24,875;23,625;540;202;0;
4326;2021.06.19 13:00;4;25,8125;25;23,75;541;202;0;
4327;2021.06.19 13:15;4;26;25,125;23,75;541;202;0;
4328;2021.06.19 13:30;4;26,125;25,25;23,875;542;202;0;
4329;2021.06.19 13:45;4;26,1875;25,375;23,9375;542;202;0;
4330;2021.06.19 14:00;4;26,25;25,4375;24;542;202;0;
4331;2021.06.19 14:15;4;26,375;25,5;24,0625;542;202;0;
4332;2021.06.19 14:30;4;26,4375;25,625;24,125;543;202;0;
4333;2021.06.19 14:45;4;26,5;25,6875;24,125;543;202;0;
4334;2021.06.19 15:00;4;26,625;25,75;24,1875;543;202;0;
4335;2021.06.19 15:15;4;26,625;25,8125;24,25;543;202;0;
4336;2021.06.19 15:30;4;26,75;25,875;24,3125;544;202;0;
4337;2021.06.19 15:45;4;26,875;26;24,375;544;202;0;
4338;2021.06.19 16:00;4;26,875;26;24,375;544;202;0;
4339;2021.06.19 16:15;4;26,875;26;24,4375;543;202;0;
4340;2021.06.19 16:30;4;26,75;26;24,375;543;202;0;
4341;2021.06.19 16:45;4;26,75;26;24,375;541;202;0;
4342;2021.06.19 17:00;4;26,625;25,9375;24,3125;540;202;0;
4343;2021.06.19 17:15;4;26,625;25,875;24,25;539;202;0;
4344;2021.06.19 17:30;4;26,625;25,875;24,25;539;202;0;
4345;2021.06.19 17:45;4;26,5625;25,875;24,25;538;202;0;
4346;2021.06.19 18:00;4;26,5;25,8125;24,25;537;202;0;
4347;2021.06.19 18:15;4;26,4375;25,75;24,1875;536;202;0;
4348;2021.06.19 18:30;4;26,375;25,75;24,125;535;202;0;
4349;2021.06.19 18:45;4;26,375;25,6875;24,125;534;202;0;
4350;2021.06.19 19:00;4;26,3125;25,625;24,125;533;202;0;
4351;2021.06.19 19:15;4;26,25;25,625;24,0625;532;202;0;
4352;2021.06.19 19:30;4;26,25;25,5625;24;531;202;0;
4353;2021.06.19 19:45;4;26,25;25,5625;24;531;202;0;
4354;2021.06.19 20:00;4;26,1875;25,5;24;530;202;0;
4355;2021.06.19 20:15;4;26,125;25,5;24;529;202;0;
4356;2021.06.19 20:30;4;26,125;25,5;24;528;202;0;
4357;2021.06.19 20:45;4;26,125;25,4375;24;528;202;0;
4358;2021.06.19 21:00;4;26,125;25,375;23,9375;527;202;0;
4359;2021.06.19 21:15;4;26,0625;25,375;23,9375;526;202;0;
4360;2021.06.19 21:30;4;26;25,375;23,875;526;202;0;
4361;2021.06.19 21:45;4;26;25,375;23,875;525;202;0;
4362;2021.06.19 22:00;4;26;25,375;23,875;525;202;0;
4363;2021.06.19 22:15;4;26;25,3125;23,875;524;202;0;
4364;2021.06.19 22:30;4;25,9375;25,3125;23,875;524;202;0;
4365;2021.06.19 22:45;4;26;25,375;23,875;524;202;0;
4366;2021.06.19 23:00;4;26;25,375;23,9375;524;202;0;
4367;2021.06.19 23:15;4;26;25,375;24;524;202;0;
4368;2021.06.19 23:30;4;26;25,375;24;524;202;0;
4369;2021.06.19 23:45;4;26;25,375;24;524;202;0;
4370;2021.06.20 00:00;4;25,875;25,375;24;524;202;0;
4371;2021.06.20 00:15;4;25,875;25,3125;23,9375;524;202;0;
4372;2021.06.20 00:30;4;25,8125;25,3125;23,875;524;202;0;
4373;2021.06.20 00:45;4;25,75;25,25;23,875;524;202;0;
4374;2021.06.20 01:00;4;25,75;25,25;23,875;524;202;0;
4375;2021.06.20 01:15;4;25,6875;25,25;23,875;524;202;0;
4376;2021.06.20 01:30;4;25,625;25,1875;23,875;524;202;0;
4377;2021.06.20 01:45;4;25,625;25,125;23,875;524;202;0;
4378;2021.06.20 02:00;4;25,5;25,125;23,875;524;202;0;
4379;2021.06.20 02:15;4;25,5;25,0625;23,8125;524;202;0;
4380;2021.06.20 02:30;4;25,375;25;23,75;524;202;0;
4381;2021.06.20 02:45;4;25,375;24,9375;23,75;524;202;0;
4382;2021.06.20 03:00;4;25,25;24,875;23,6875;524;202;0;
4383;2021.06.20 03:15;4;25,1875;24,875;23,625;524;202;0;
4384;2021.06.20 03:30;4;25,125;24,75;23,625;524;202;0;
4385;2021.06.20 03:45;4;25,0625;24,75;23,625;524;202;0;
4386;2021.06.20 04:00;4;25;24,625;23,5625;524;202;0;
4387;2021.06.20 04:15;4;24,9375;24,625;23,5;524;202;0;
4388;2021.06.20 04:30;4;24,875;24,5625;23,5;524;202;0;
4389;2021.06.20 04:45;4;24,8125;24,5;23,5;524;202;0;
4390;2021.06.20 05:00;4;24,75;24,5;23,4375;524;202;0;
4391;2021.06.20 05:15;4;24,75;24,375;23,375;524;202;0;
4392;2021.06.20 05:30;4;24,625;24,375;23,375;524;202;0;
4393;2021.06.20 05:45;4;24,625;24,375;23,375;524;202;0;
4394;2021.06.20 06:00;4;24,625;24,3125;23,375;524;202;0;
4395;2021.06.20 06:15;4;24,5625;24,25;23,375;524;202;0;
4396;2021.06.20 06:30;4;24,5;24,25;23,3125;524;202;0;
4397;2021.06.20 06:45;4;24,5;24,25;23,3125;525;202;0;
4398;2021.06.20 07:00;4;24,5;24,25;23,3125;525;202;0;
4399;2021.06.20 07:15;4;24,5625;24,25;23,3125;526;202;0;
4400;2021.06.20 07:30;4;24,625;24,25;23,375;526;202;0;
4401;2021.06.20 07:45;4;24,625;24,25;23,375;527;202;0;
4402;2021.06.20 08:00;4;24,6875;24,3125;23,375;527;202;0;
4403;2021.06.20 08:15;4;24,75;24,375;23,375;528;202;0;
4404;2021.06.20 08:30;4;24,8125;24,375;23,375;528;202;0;
4405;2021.06.20 08:45;4;24,875;24,375;23,4375;529;202;0;
4406;2021.06.20 09:00;4;24,9375;24,5;23,4375;529;202;0;
4407;2021.06.20 09:15;4;25;24,5;23,5;529;202;0;
4408;2021.06.20 09:30;4;25;24,5;23,5;530;202;0;
4409;2021.06.20 09:45;4;25,0625;24,5625;23,5;530;202;0;
4410;2021.06.20 10:00;4;25,125;24,625;23,5;530;202;0;
4411;2021.06.20 10:15;4;25,125;24,625;23,5625;530;202;0;
4412;2021.06.20 10:30;4;25,1875;24,625;23,625;531;202;0;
4413;2021.06.20 10:45;4;25,25;24,6875;23,625;531;202;0;
4414;2021.06.20 11:00;4;25,25;24,75;23,625;531;202;0;
4415;2021.06.20 11:15;4;25,375;24,75;23,625;531;202;0;
4416;2021.06.20 11:30;4;25,375;24,8125;23,625;532;202;0;
4417;2021.06.20 11:45;4;25,375;24,875;23,6875;532;202;0;
4418;2021.06.20 12:00;4;25,4375;24,875;23,75;532;202;0;
4419;2021.06.20 12:15;4;25,375;24,875;23,75;532;202;0;
4420;2021.06.20 12:30;4;25,375;24,875;23,75;532;202;0;
4421;2021.06.20 12:45;4;25,375;24,875;23,75;532;202;0;
4422;2021.06.20 13:00;4;25,375;24,875;23,75;532;202;0;
4423;2021.06.20 13:15;4;25,5;24,9375;23,75;532;202;0;
4424;2021.06.20 13:30;4;25,5625;25;23,8125;533;202;0;
4425;2021.06.20 13:45;4;25,625;25;23,875;533;202;0;
4426;2021.06.20 14:00;4;25,6875;25,125;23,875;533;202;0;
4427;2021.06.20 14:15;4;25,75;25,125;23,9375;534;202;0;
4428;2021.06.20 14:30;4;25,75;25,125;23,9375;534;202;0;
4429;2021.06.20 14:45;4;25,875;25,25;24;535;202;0;
4430;2021.06.20 15:00;4;25,875;25,25;24;535;202;0;
4431;2021.06.20 15:15;4;25,875;25,3125;24,0625;536;202;0;
4432;2021.06.20 15:30;4;25,875;25,375;24,0625;536;202;0;
4433;2021.06.20 15:45;4;25,8125;25,375;24,0625;536;202;0;
4434;2021.06.20 16:00;4;25,625;25,25;23,9375;535;202;0;
4435;2021.06.20 16:15;4;25,375;25;23,75;533;202;0;
4436;2021.06.20 16:30;4;25,25;24,9375;23,75;532;202;0;
4437;2021.06.20 16:45;4;25,0625;24,8125;23,625;532;202;0;
4438;2021.06.20 17:00;4;25;24,75;23,625;531;202;0;
4439;2021.06.20 17:15;4;24,75;24,625;23,5;531;202;0;
4440;2021.06.20 17:30;4;24,625;24,5;23,375;530;202;0;
4441;2021.06.20 17:45;4;24,4375;24,3125;23,25;529;202;0;
4442;2021.06.20 18:00;4;24,25;24,125;23,125;528;202;0;
4443;2021.06.20 18:15;4;24,125;24;23,125;528;202;0;
4444;2021.06.20 18:30;4;24,0625;23,9375;23,0625;527;202;0;
4445;2021.06.20 18:45;4;24;23,875;23;527;202;0;
4446;2021.06.20 19:00;4;23,875;23,75;22,9375;526;202;0;
4447;2021.06.20 19:15;4;23,75;23,625;22,8125;526;202;0;
4448;2021.06.20 19:30;4;23,5625;23,5;22,75;525;202;0;
4449;2021.06.20 19:45;4;23,375;23,375;22,625;524;202;0;
4450;2021.06.20 20:00;4;23,125;23,125;22,375;523;202;0;
4451;2021.06.20 20:15;4;22,8125;22,875;22,25;522;202;0;
4452;2021.06.20 20:30;4;22,625;22,625;22,0625;521;202;0;
4453;2021.06.20 20:45;4;22,5;22,5;22;521;202;0;
4454;2021.06.20 21:00;4;22,375;22,375;21,9375;520;202;0;
4455;2021.06.20 21:15;4;22,25;22,25;21,875;520;202;0;
4456;2021.06.20 21:30;4;22,125;22,125;21,75;520;202;0;
4457;2021.06.20 21:45;4;22,0625;22,0625;21,75;519;202;0;
4458;2021.06.20 22:00;4;22;22;21,625;519;202;0;
4459;2021.06.20 22:15;4;21,875;21,875;21,625;519;202;0;
4460;2021.06.20 22:30;4;21,8125;21,8125;21,5625;519;202;0;
4461;2021.06.20 22:45;4;21,75;21,75;21,5;518;202;0;
4462;2021.06.20 23:00;4;21,6875;21,625;21,5;518;202;0;
4463;2021.06.20 23:15;4;21,625;21,625;21,4375;518;202;0;
4464;2021.06.20 23:30;4;21,5625;21,5625;21,375;518;202;0;
4465;2021.06.20 23:45;4;21,5;21,5;21,375;518;202;0;
4466;2021.06.21 00:00;4;21,4375;21,4375;21,25;518;202;0;
4467;2021.06.21 00:15;4;21,375;21,375;21,25;517;202;0;
4468;2021.06.21 00:30;4;21,3125;21,3125;21,1875;517;202;0;
4469;2021.06.21 00:45;4;21,25;21,25;21,125;517;202;0;
4470;2021.06.21 01:00;4;21,1875;21,125;21,125;517;202;0;
4471;2021.06.21 01:15;4;21,125;21,125;21;517;202;0;
4472;2021.06.21 01:30;4;21,0625;21,0625;21;517;202;0;
4473;2021.06.21 01:45;4;21;21;21;517;202;0;
4474;2021.06.21 02:00;4;21;20,9375;20,875;517;202;0;
4475;2021.06.21 02:15;4;20,875;20,875;20,875;517;202;0;
4476;2021.06.21 02:30;4;20,875;20,875;20,875;517;202;0;
4477;2021.06.21 02:45;4;20,8125;20,8125;20,8125;517;202;0;
4478;2021.06.21 03:00;4;20,75;20,75;20,75;517;202;0;
4479;2021.06.21 03:15;4;20,75;20,75;20,75;517;202;0;
4480;2021.06.21 03:30;4;20,75;20,6875;20,75;517;202;0;
4481;2021.06.21 03:45;4;20,75;20,6875;20,75;517;202;0;
4482;2021.06.21 04:00;4;20,6875;20,625;20,6875;517;202;0;
4483;2021.06.21 04:15;4;20,625;20,625;20,625;517;202;0;
4484;2021.06.21 04:30;4;20,625;20,625;20,625;517;202;0;
4485;2021.06.21 04:45;4;20,625;20,625;20,625;518;202;0;
4486;2021.06.21 05:00;4;20,625;20,5625;20,625;518;202;0;
4487;2021.06.21 05:15;4;20,625;20,5625;20,625;518;202;0;
4488;2021.06.21 05:30;4;20,625;20,5;20,625;518;202;0;
4489;2021.06.21 05:45;4;20,625;20,5625;20,625;518;202;0;
4490;2021.06.21 06:00;4;20,625;20,5625;20,625;519;202;0;
4491;2021.06.21 06:15;4;20,625;20,5625;20,625;519;202;0;
4492;2021.06.21 06:30;4;20,6875;20,625;20,625;520;202;0;
4493;2021.06.21 06:45;4;20,75;20,625;20,625;520;202;0;
4494;2021.06.21 07:00;4;20,75;20,625;20,625;520;202;0;
4495;2021.06.21 07:15;4;20,8125;20,6875;20,625;521;202;0;
4496;2021.06.21 07:30;4;20,875;20,75;20,6875;521;202;0;
4497;2021.06.21 07:45;4;20,875;20,75;20,6875;522;202;0;
4498;2021.06.21 08:00;4;20,9375;20,75;20,75;522;202;0;
4499;2021.06.21 08:15;4;21;20,8125;20,75;522;202;0;
4500;2021.06.21 08:30;4;21;20,875;20,75;523;202;0;
4501;2021.06.21 08:45;4;21,125;20,875;20,75;523;202;0;
4502;2021.06.21 09:00;4;21,1875;21;20,8125;524;202;0;
4503;2021.06.21 09:15;4;21,3125;21;20,875;524;202;0;
4504;2021.06.21 09:30;4;21,4375;21,125;20,875;525;202;0;
4505;2021.06.21 09:45;4;21,5625;21,25;20,9375;526;202;0;
4506;2021.06.21 10:00;4;21,75;21,3125;21;526;202;0;
4507;2021.06.21 10:15;4;21,875;21,375;21,0625;527;202;0;
4508;2021.06.21 10:30;4;22;21,5;21,125;528;202;0;
4509;2021.06.21 10:45;4;22,125;21,625;21,1875;528;202;0;
4510;2021.06.21 11:00;4;22,25;21,75;21,25;529;202;0;
4511;2021.06.21 11:15;4;22,4375;21,875;21,3125;530;202;0;
4512;2021.06.21 11:30;4;22,625;22;21,375;530;202;0;
4513;2021.06.21 11:45;4;22,75;22,125;21,5;531;202;0;
4514;2021.06.21 12:00;4;22,875;22,25;21,5;531;202;0;
4515;2021.06.21 12:15;4;22,9375;22,3125;21,5625;531;202;0;
4516;2021.06.21 12:30;4;23,0625;22,375;21,625;531;202;0;
4517;2021.06.21 12:45;4;23,125;22,5;21,625;531;202;0;
4518;2021.06.21 13:00;4;23,25;22,625;21,6875;531;202;0;
4519;2021.06.21 13:15;4;23,4375;22,6875;21,75;531;202;0;
4520;2021.06.21 13:30;4;23,5;22,75;21,75;531;202;0;
4521;2021.06.21 13:45;4;23,625;22,875;21,875;531;202;0;
4522;2021.06.21 14:00;4;23,8125;23;21,875;530;202;0;
4523;2021.06.21 14:15;4;23,9375;23,125;22;530;202;0;
4524;2021.06.21 14:30;4;24;23,25;22;530;202;0;
4525;2021.06.21 14:45;4;24,125;23,3125;22,0625;530;202;0;
4526;2021.06.21 15:00;4;24,25;23,375;22,125;529;202;0;
4527;2021.06.21 15:15;4;24,375;23,5;22,1875;529;202;0;
4528;2021.06.21 15:30;4;24,5;23,625;22,25;529;202;0;
4529;2021.06.21 15:45;4;24,5625;23,6875;22,3125;528;202;0;
4530;2021.06.21 16:00;4;24,625;23,75;22,375;528;202;0;
4531;2021.06.21 16:15;4;24,625;23,8125;22,375;527;202;0;
4532;2021.06.21 16:30;4;24,75;23,875;22,375;527;202;0;
4533;2021.06.21 16:45;4;24,75;23,875;22,5;526;202;0;
4534;2021.06.21 17:00;4;24,75;23,9375;22,5;525;202;0;
4535;2021.06.21 17:15;4;24,75;24;22,5;525;202;0;
4536;2021.06.21 17:30;4;24,75;24;22,5;524;202;0;
4537;2021.06.21 17:45;4;24,75;24;22,5;524;202;0;
4538;2021.06.21 18:00;4;24,6875;24;22,5;523;202;0;
4539;2021.06.21 18:15;4;24,6875;24;22,5;522;202;0;
4540;2021.06.21 18:30;4;24,625;24;22,5;522;202;0;
4541;2021.06.21 18:45;4;24,625;24;22,5625;521;202;0;
4542;2021.06.21 19:00;4;24,625;24;22,5;521;202;0;
4543;2021.06.21 19:15;4;24,5625;23,9375;22,5625;520;202;0;
4544;2021.06.21 19:30;4;24,5;23,9375;22,5625;520;202;0;
4545;2021.06.21 19:45;4;24,5;23,875;22,5625;520;202;0;
4546;2021.06.21 20:00;4;24,5;23,875;22,5625;520;202;0;
4547;2021.06.21 20:15;4;24,375;23,875;22,5625;519;202;0;
4548;2021.06.21 20:30;4;24,375;23,875;22,5625;519;202;0;
4549;2021.06.21 20:45;4;24,25;23,75;22,5625;519;202;0;
4550;2021.06.21 21:00;4;24,125;23,75;22,5;518;202;0;
4551;2021.06.21 21:15;4;24,0625;23,625;22,5;518;202;0;
4552;2021.06.21 21:30;4;24;23,625;22,5;518;202;0;
4553;2021.06.21 21:45;4;23,9375;23,5625;22,4375;518;202;0;
4554;2021.06.21 22:00;4;23,875;23,5;22,375;518;202;0;
4555;2021.06.21 22:15;4;23,8125;23,5;22,375;518;202;0;
4556;2021.06.21 22:30;4;23,75;23,375;22,375;517;202;0;
4557;2021.06.21 22:45;4;23,625;23,375;22,3125;517;202;0;
4558;2021.06.21 23:00;4;23,5;23,25;22,25;517;202;0;
4559;2021.06.21 23:15;4;23,375;23,125;22,1875;517;202;0;
4560;2021.06.21 23:30;4;23,3125;23,0625;22,125;516;202;0;
4561;2021.06.21 23:45;4;23,1875;23;22;516;202;0;
4562;2021.06.22 00:00;4;23,0625;22,875;22;515;202;0;
4563;2021.06.22 00:15;4;22,9375;22,75;21,875;515;202;0;
4564;2021.06.22 00:30;4;22,8125;22,625;21,8125;515;202;0;
4565;2021.06.22 00:45;4;22,6875;22,5;21,75;514;202;0;
4566;2021.06.22 01:00;4;22,5625;22,375;21,6875;514;202;0;
4567;2021.06.22 01:15;4;22,4375;22,3125;21,625;514;202;0;
4568;2021.06.22 01:30;4;22,375;22,25;21,5625;513;202;0;
4569;2021.06.22 01:45;4;22,25;22,125;21,5;513;202;0;
4570;2021.06.22 02:00;4;22,1875;22,0625;21,5;513;202;0;
4571;2021.06.22 02:15;4;22,125;22;21,4375;513;202;0;
4572;2021.06.22 02:30;4;22,0625;21,875;21,375;513;202;0;
4573;2021.06.22 02:45;4;22;21,875;21,375;513;202;0;
4574;2021.06.22 03:00;4;22;21,875;21,375;513;202;0;
4575;2021.06.22 03:15;4;22;21,875;21,375;513;202;0;
4576;2021.06.22 03:30;4;22;21,8125;21,375;514;202;0;
4577;2021.06.22 03:45;4;21,875;21,75;21,375;514;202;0;
4578;2021.06.22 04:00;4;21,875;21,75;21,3125;514;202;0;
4579;2021.06.22 04:15;4;21,75;21,625;21,25;514;202;0;
4580;2021.06.22 04:30;4;21,625;21,625;21,125;514;202;0;
4581;2021.06.22 04:45;4;21,5625;21,5;21,125;514;202;0;
4582;2021.06.22 05:00;4;21,5;21,375;21;514;202;0;
4583;2021.06.22 05:15;4;21,375;21,375;21;514;202;0;
4584;2021.06.22 05:30;4;21,375;21,25;21;514;202;0;
4585;2021.06.22 05:45;4;21,3125;21,25;20,9375;514;202;0;
4586;2021.06.22 06:00;4;21,25;21,1875;20,875;514;202;0;
4587;2021.06.22 06:15;4;21,25;21,125;20,875;514;202;0;
4588;2021.06.22 06:30;4;21,1875;21,125;20,875;515;202;0;
4589;2021.06.22 06:45;4;21,1875;21,125;20,875;515;202;0;
4590;2021.06.22 07:00;4;21,1875;21,125;20,875;515;202;0;
4591;2021.06.22 07:15;4;21,1875;21,0625;20,875;516;202;0;
4592;2021.06.22 07:30;4;21,1875;21,0625;20,8125;516;202;0;
4593;2021.06.22 07:45;4;21,1875;21,0625;20,8125;517;202;0;
4594;2021.06.22 08:00;4;21,1875;21,0625;20,8125;517;202;0;
4595;2021.06.22 08:15;4;21,25;21,0625;20,8125;517;202;0;
4596;2021.06.22 08:30;4;21,25;21,125;20,875;518;202;0;
4597;2021.06.22 08:45;4;21,25;21,125;20,875;518;202;0;
4598;2021.06.22 09:00;4;21,25;21,125;20,875;518;202;0;
4599;2021.06.22 09:15;4;21,3125;21,125;20,875;519;202;0;
4600;2021.06.22 09:30;4;21,375;21,125;20,875;519;202;0;
4601;2021.06.22 09:45;4;21,375;21,1875;20,875;519;202;0;
4602;2021.06.22 10:00;4;21,5;21,25;20,875;520;202;0;
4603;2021.06.22 10:15;4;21,5;21,25;20,9375;520;202;0;
4604;2021.06.22 10:30;4;21,625;21,3125;21;520;202;0;
4605;2021.06.22 10:45;4;21,75;21,375;21;521;202;0;
4606;2021.06.22 11:00;4;21,875;21,5;21;522;202;0;
4607;2021.06.22 11:15;4;22;21,5625;21,125;522;202;0;
4608;2021.06.22 11:30;4;22,125;21,625;21,125;523;202;0;
4609;2021.06.22 11:45;4;22,25;21,75;21,1875;524;202;0;
4610;2021.06.22 12:00;4;22,375;21,875;21,25;524;202;0;
4611;2021.06.22 12:15;4;22,5;21,9375;21,25;524;202;0;
4612;2021.06.22 12:30;4;22,5625;22;21,375;524;202;0;
4613;2021.06.22 12:45;4;22,625;22,125;21,375;525;202;0;
4614;2021.06.22 13:00;4;22,8125;22,25;21,4375;525;202;0;
4615;2021.06.22 13:15;4;22,875;22,3125;21,5;525;202;0;
4616;2021.06.22 13:30;4;23;22,375;21,5625;525;202;0;
4617;2021.06.22 13:45;4;23;22,5;21,625;526;202;0;
4618;2021.06.22 14:00;4;23,125;22,5;21,625;526;202;0;
4619;2021.06.22 14:15;4;23,125;22,5625;21,625;526;202;0;
4620;2021.06.22 14:30;4;23,125;22,625;21,6875;525;202;0;
4621;2021.06.22 14:45;4;23,125;22,625;21,75;525;202;0;
4622;2021.06.22 15:00;4;23,125;22,625;21,75;526;202;0;
4623;2021.06.22 15:15;4;23,125;22,6875;21,75;526;202;0;
4624;2021.06.22 15:30;4;23,125;22,6875;21,75;526;202;0;
4625;2021.06.22 15:45;4;23,125;22,75;21,75;526;202;0;
4626;2021.06.22 16:00;4;23,125;22,75;21,75;526;202;0;
4627;2021.06.22 16:15;4;23,125;22,6875;21,8125;526;202;0;
4628;2021.06.22 16:30;4;23,125;22,75;21,8125;526;202;0;
4629;2021.06.22 16:45;4;23,125;22,75;21,8125;526;202;0;
4630;2021.06.22 17:00;4;23,125;22,6875;21,8125;526;202;0;
4631;2021.06.22 17:15;4;23,0625;22,6875;21,75;526;202;0;
4632;2021.06.22 17:30;4;23;22,625;21,75;525;202;0;
4633;2021.06.22 17:45;4;23;22,625;21,75;525;202;0;
4634;2021.06.22 18:00;4;23;22,625;21,75;525;202;0;
4635;2021.06.22 18:15;4;22,9375;22,625;21,75;525;202;0;
4636;2021.06.22 18:30;4;22,875;22,5625;21,75;524;202;0;
4637;2021.06.22 18:45;4;22,875;22,5;21,75;524;202;0;
4638;2021.06.22 19:00;4;22,75;22,5;21,6875;524;202;0;
4639;2021.06.22 19:15;4;22,75;22,5;21,6875;523;202;0;
4640;2021.06.22 19:30;4;22,625;22,375;21,625;523;202;0;
4641;2021.06.22 19:45;4;22,5625;22,375;21,625;523;202;0;
4642;2021.06.22 20:00;4;22,5;22,25;21,5625;522;202;0;
4643;2021.06.22 20:15;4;22,375;22,25;21,5;522;202;0;
4644;2021.06.22 20:30;4;22,3125;22,125;21,5;522;202;0;
4645;2021.06.22 20:45;4;22,25;22,0625;21,4375;521;202;0;
4646;2021.06.22 21:00;4;22,125;22;21,375;521;202;0;
4647;2021.06.22 21:15;4;22,0625;21,875;21,375;521;202;0;
4648;2021.06.22 21:30;4;22;21,875;21,3125;520;202;0;
4649;2021.06.22 21:45;4;21,875;21,75;21,25;520;202;0;
4650;2021.06.22 22:00;4;21,8125;21,75;21,1875;520;202;0;
4651;2021.06.22 22:15;4;21,75;21,625;21,125;519;202;0;
4652;2021.06.22 22:30;4;21,625;21,5;21,0625;519;202;0;
4653;2021.06.22 22:45;4;21,5;21,4375;21;519;202;0;
4654;2021.06.22 23:00;4;21,375;21,375;20,9375;518;202;0;
4655;2021.06.22 23:15;4;21,3125;21,25;20,875;518;202;0;
4656;2021.06.22 23:30;4;21,1875;21,125;20,75;518;202;0;
4657;2021.06.22 23:45;4;21,0625;21,0625;20,6875;517;202;0;
4658;2021.06.23 00:00;4;20,9375;20,9375;20,625;517;202;0;
4659;2021.06.23 00:15;4;20,8125;20,8125;20,5;516;202;0;
4660;2021.06.23 00:30;4;20,6875;20,75;20,4375;515;202;0;
4661;2021.06.23 00:45;4;20,625;20,625;20,375;515;202;0;
4662;2021.06.23 01:00;4;20,5;20,5;20,25;514;202;0;
4663;2021.06.23 01:15;4;20,375;20,375;20,25;514;202;0;
4664;2021.06.23 01:30;4;20,25;20,25;20,125;513;202;0;
4665;2021.06.23 01:45;4;20,125;20,125;20;513;202;0;
4666;2021.06.23 02:00;4;20;20,0625;20;513;202;0;
4667;2021.06.23 02:15;4;19,875;20;19,875;512;202;0;
4668;2021.06.23 02:30;4;19,8125;19,875;19,875;512;202;0;
4669;2021.06.23 02:45;4;19,75;19,75;19,75;511;202;0;
4670;2021.06.23 03:00;4;19,625;19,625;19,6875;511;202;0;
4671;2021.06.23 03:15;4;19,5;19,625;19,625;511;202;0;
4672;2021.06.23 03:30;4;19,4375;19,5;19,5625;510;202;0;
4673;2021.06.23 03:45;4;19,375;19,375;19,5;510;202;0;
4674;2021.06.23 04:00;4;19,25;19,3125;19,4375;510;202;0;
4675;2021.06.23 04:15;4;19,125;19,25;19,375;509;202;0;
4676;2021.06.23 04:30;4;19,0625;19,125;19,3125;509;202;0;
4677;2021.06.23 04:45;4;19;19,125;19,25;509;202;0;
4678;2021.06.23 05:00;4;19;19;19,25;509;202;0;
4679;2021.06.23 05:15;4;19;19;19,25;509;202;0;
4680;2021.06.23 05:30;4;19;19;19,25;509;202;0;
4681;2021.06.23 05:45;4;19;19;19,25;509;202;0;
4682;2021.06.23 06:00;4;19;19;19,25;509;202;0;
4683;2021.06.23 06:15;4;19;19;19,25;510;202;0;
4684;2021.06.23 06:30;4;19;19;19,25;510;202;0;
4685;2021.06.23 06:45;4;19,125;19,0625;19,375;511;202;0;
4686;2021.06.23 07:00;4;19,25;19,125;19,375;512;202;0;
4687;2021.06.23 07:15;4;19,375;19,25;19,4375;513;202;0;
4688;2021.06.23 07:30;4;19,4375;19,3125;19,5;514;202;0;
4689;2021.06.23 07:45;4;19,5625;19,375;19,5625;514;202;0;
4690;2021.06.23 08:00;4;19,625;19,5;19,625;515;202;0;
4691;2021.06.23 08:15;4;19,75;19,625;19,6875;516;202;0;
4692;2021.06.23 08:30;4;19,875;19,6875;19,75;517;202;0;
4693;2021.06.23 08:45;4;20,0625;19,8125;19,875;517;202;0;
4694;2021.06.23 09:00;4;20,125;19,875;19,875;518;202;0;
4695;2021.06.23 09:15;4;20,25;20;19,9375;518;202;0;
4696;2021.06.23 09:30;4;20,375;20,0625;20;519;202;0;
4697;2021.06.23 09:45;4;20,4375;20,125;20;519;202;0;
4698;2021.06.23 10:00;4;20,5;20,25;20,125;520;202;0;
4699;2021.06.23 10:15;4;20,625;20,3125;20,125;520;202;0;
4700;2021.06.23 10:30;4;20,75;20,375;20,25;521;202;0;
4701;2021.06.23 10:45;4;20,875;20,5;20,25;521;202;0;
4702;2021.06.23 11:00;4;20,9375;20,5625;20,375;522;202;0;
4703;2021.06.23 11:15;4;21;20,625;20,375;522;202;0;
4704;2021.06.23 11:30;4;21,125;20,75;20,5;523;202;0;
4705;2021.06.23 11:45;4;21,25;20,8125;20,5;523;202;0;
4706;2021.06.23 12:00;4;21,3125;20,875;20,5625;524;202;0;
4707;2021.06.23 12:15;4;21,375;21;20,625;524;202;0;
4708;2021.06.23 12:30;4;21,5;21,125;20,75;525;202;0;
4709;2021.06.23 12:45;4;21,625;21,1875;20,75;525;202;0;
4710;2021.06.23 13:00;4;21,75;21,25;20,875;526;202;0;
4711;2021.06.23 13:15;4;21,875;21,375;20,875;526;202;0;
4712;2021.06.23 13:30;4;22;21,5;21;527;202;0;
4713;2021.06.23 13:45;4;22,0625;21,625;21,0625;527;202;0;
4714;2021.06.23 14:00;4;22,125;21,625;21,125;527;202;0;
4715;2021.06.23 14:15;4;22,25;21,75;21,125;527;202;0;
4716;2021.06.23 14:30;4;22,375;21,8125;21,1875;528;202;0;
4717;2021.06.23 14:45;4;22,5;21,875;21,25;529;202;0;
4718;2021.06.23 15:00;4;22,5;22;21,25;530;202;0;
4719;2021.06.23 15:15;4;22,625;22,0625;21,3125;530;202;0;
4720;2021.06.23 15:30;4;22,625;22,125;21,375;531;202;0;
4721;2021.06.23 15:45;4;22,625;22,125;21,375;531;202;0;
4722;2021.06.23 16:00;4;22,625;22,1875;21,4375;531;202;0;
4723;2021.06.23 16:15;4;22,5625;22,1875;21,4375;531;202;0;
4724;2021.06.23 16:30;4;22,375;22,125;21,375;530;202;0;
4725;2021.06.23 16:45;4;22,25;22;21,25;530;202;0;
4726;2021.06.23 17:00;4;22,125;21,875;21,25;529;202;0;
4727;2021.06.23 17:15;4;22;21,8125;21,125;528;202;0;
4728;2021.06.23 17:30;4;21,9375;21,75;21,125;528;202;0;
4729;2021.06.23 17:45;4;21,875;21,75;21,125;528;202;0;
4730;2021.06.23 18:00;4;21,875;21,625;21,125;528;202;0;
4731;2021.06.23 18:15;4;21,75;21,625;21;528;202;0;
4732;2021.06.23 18:30;4;21,625;21,5;21;527;202;0;
4733;2021.06.23 18:45;4;21,5;21,375;20,875;526;202;0;
4734;2021.06.23 19:00;4;21,4375;21,3125;20,8125;526;202;0;
4735;2021.06.23 19:15;4;21,3125;21,25;20,75;525;202;0;
4736;2021.06.23 19:30;4;21,1875;21,125;20,625;524;202;0;
4737;2021.06.23 19:45;4;21,0625;21;20,5625;524;202;0;
4738;2021.06.23 20:00;4;21;20,875;20,5;523;202;0;
4739;2021.06.23 20:15;4;20,875;20,8125;20,4375;523;202;0;
4740;2021.06.23 20:30;4;20,75;20,75;20,375;522;202;0;
4741;2021.06.23 20:45;4;20,6875;20,625;20,3125;522;202;0;
4742;2021.06.23 21:00;4;20,625;20,5625;20,25;522;202;0;
4743;2021.06.23 21:15;4;20,5625;20,5;20,25;521;202;0;
4744;2021.06.23 21:30;4;20,5;20,5;20,1875;521;202;0;
4745;2021.06.23 21:45;4;20,5;20,375;20,125;521;202;0;
4746;2021.06.23 22:00;4;20,375;20,375;20,125;521;202;0;
4747;2021.06.23 22:15;4;20,375;20,25;20,125;521;202;0;
4748;2021.06.23 22:30;4;20,25;20,25;20;521;202;0;
4749;2021.06.23 22:45;4;20,25;20,1875;20;521;202;0;
4750;2021.06.23 23:00;4;20,25;20,125;20;521;202;0;
4751;2021.06.23 23:15;4;20,1875;20,125;20;521;202;0;
4752;2021.06.23 23:30;4;20,125;20,125;19,9375;521;202;0;
4753;2021.06.23 23:45;4;20,125;20,0625;19,875;521;202;0;
4754;2021.06.24 00:00;4;20,0625;20;19,875;521;202;0;
4755;2021.06.24 00:15;4;20;20;19,875;521;202;0;
4756;2021.06.24 00:30;4;20;19,9375;19,8125;520;202;0;
4757;2021.06.24 00:45;4;19,9375;19,875;19,75;520;202;0;
4758;2021.06.24 01:00;4;19,9375;19,875;19,75;520;202;0;
4759;2021.06.24 01:15;4;19,875;19,875;19,75;520;202;0;
4760;2021.06.24 01:30;4;19,875;19,75;19,75;520;202;0;
4761;2021.06.24 01:45;4;19,8125;19,75;19,625;520;202;0;
4762;2021.06.24 02:00;4;19,75;19,75;19,625;520;202;0;
4763;2021.06.24 02:15;4;19,75;19,6875;19,625;520;202;0;
4764;2021.06.24 02:30;4;19,625;19,625;19,5;520;202;0;
4765;2021.06.24 02:45;4;19,625;19,625;19,5;520;202;0;
4766;2021.06.24 03:00;4;19,5625;19,5;19,5;519;202;0;
4767;2021.06.24 03:15;4;19,5;19,5;19,4375;519;202;0;
4768;2021.06.24 03:30;4;19,5;19,4375;19,375;519;202;0;
4769;2021.06.24 03:45;4;19,375;19,375;19,375;519;202;0;
4770;2021.06.24 04:00;4;19,375;19,3125;19,25;518;202;0;
4771;2021.06.24 04:15;4;19,25;19,25;19,25;518;202;0;
4772;2021.06.24 04:30;4;19,1875;19,1875;19,1875;518;202;0;
4773;2021.06.24 04:45;4;19,125;19,125;19,125;518;202;0;
4774;2021.06.24 05:00;4;19,125;19,125;19,125;518;202;0;
4775;2021.06.24 05:15;4;19,125;19,125;19,125;518;202;0;
4776;2021.06.24 05:30;4;19,125;19,0625;19,125;518;202;0;
4777;2021.06.24 05:45;4;19,0625;19;19,125;518;202;0;
4778;2021.06.24 06:00;4;19,0625;19;19,125;518;202;0;
4779;2021.06.24 06:15;4;19;19;19,0625;518;202;0;
4780;2021.06.24 06:30;4;19;19;19,0625;518;202;0;
4781;2021.06.24 06:45;4;19;19;19,0625;518;202;0;
4782;2021.06.24 07:00;4;19,0625;19;19,0625;518;202;0;
4783;2021.06.24 07:15;4;19,125;19;19,125;519;202;0;
4784;2021.06.24 07:30;4;19,125;19,0625;19,125;519;202;0;
4785;2021.06.24 07:45;4;19,1875;19,125;19,125;520;202;0;
4786;2021.06.24 08:00;4;19,25;19,125;19,1875;520;202;0;
4787;2021.06.24 08:15;4;19,25;19,125;19,25;520;202;0;
4788;2021.06.24 08:30;4;19,3125;19,1875;19,25;521;202;0;
4789;2021.06.24 08:45;4;19,375;19,25;19,25;521;202;0;
4790;2021.06.24 09:00;4;19,375;19,25;19,25;521;202;0;
4791;2021.06.24 09:15;4;19,5;19,3125;19,3125;521;202;0;
4792;2021.06.24 09:30;4;19,5625;19,375;19,375;522;202;0;
4793;2021.06.24 09:45;4;19,625;19,4375;19,375;522;202;0;
4794;2021.06.24 10:00;4;19,75;19,5;19,5;523;202;0;
4795;2021.06.24 10:15;4;19,8125;19,5625;19,5;523;202;0;
4796;2021.06.24 10:30;4;19,875;19,625;19,5;523;202;0;
4797;2021.06.24 10:45;4;19,9375;19,6875;19,5625;524;202;0;
4798;2021.06.24 11:00;4;20;19,75;19,625;524;202;0;
4799;2021.06.24 11:15;4;20,0625;19,8125;19,625;524;202;0;
4800;2021.06.24 11:30;4;20,125;19,875;19,6875;525;202;0;
4801;2021.06.24 11:45;4;20,125;19,875;19,6875;525;202;0;
4802;2021.06.24 12:00;4;20;19,875;19,625;524;202;0;
4803;2021.06.24 12:15;4;19,875;19,75;19,5;524;202;0;
4804;2021.06.24 12:30;4;19,75;19,625;19,4375;523;202;0;
4805;2021.06.24 12:45;4;19,625;19,5625;19,375;522;202;0;
4806;2021.06.24 13:00;4;19,5;19,4375;19,25;521;202;0;
4807;2021.06.24 13:15;4;19,375;19,375;19,25;521;202;0;
4808;2021.06.24 13:30;4;19,375;19,375;19,25;521;202;0;
4809;2021.06.24 13:45;4;19,4375;19,375;19,25;521;202;0;
4810;2021.06.24 14:00;4;19,5;19,375;19,3125;521;202;0;
4811;2021.06.24 14:15;4;19,5;19,375;19,3125;521;202;0;
4812;2021.06.24 14:30;4;19,5;19,375;19,3125;521;202;0;
4813;2021.06.24 14:45;4;19,5;19,375;19,375;521;202;0;
4814;2021.06.24 15:00;4;19,625;19,4375;19,375;522;202;0;
4815;2021.06.24 15:15;4;19,625;19,5;19,375;522;202;0;
4816;2021.06.24 15:30;4;19,625;19,5;19,375;521;202;0;
4817;2021.06.24 15:45;4;19,625;19,5;19,375;521;202;0;
4818;2021.06.24 16:00;4;19,625;19,5;19,375;521;202;0;
4819;2021.06.24 16:15;4;19,625;19,5;19,375;521;202;0;
4820;2021.06.24 16:30;4;19,625;19,4375;19,375;520;202;0;
4821;2021.06.24 16:45;4;19,5625;19,4375;19,375;520;202;0;
4822;2021.06.24 17:00;4;19,5625;19,4375;19,375;520;202;0;
4823;2021.06.24 17:15;4;19,5625;19,4375;19,375;520;202;0;
4824;2021.06.24 17:30;4;19,5625;19,4375;19,375;519;202;0;
4825;2021.06.24 17:45;4;19,5625;19,4375;19,375;519;202;0;
4826;2021.06.24 18:00;4;19,5;19,375;19,25;519;202;0;
4827;2021.06.24 18:15;4;19,5;19,375;19,25;518;202;0;
4828;2021.06.24 18:30;4;19,4375;19,375;19,25;518;202;0;
4829;2021.06.24 18:45;4;19,375;19,3125;19,1875;518;202;0;
4830;2021.06.24 19:00;4;19,375;19,25;19,1875;517;202;0;
4831;2021.06.24 19:15;4;19,375;19,25;19,125;517;202;0;
4832;2021.06.24 19:30;4;19,3125;19,25;19,125;517;202;0;
4833;2021.06.24 19:45;4;19,25;19,25;19,125;517;202;0;
4834;2021.06.24 20:00;4;19,25;19,1875;19,125;517;202;0;
4835;2021.06.24 20:15;4;19,1875;19,125;19,0625;516;202;0;
4836;2021.06.24 20:30;4;19,125;19,125;19;516;202;0;
4837;2021.06.24 20:45;4;19,125;19,0625;19;516;202;0;
4838;2021.06.24 21:00;4;19,0625;19;19;516;202;0;
4839;2021.06.24 21:15;4;19;19;18,875;516;202;0;
4840;2021.06.24 21:30;4;18,9375;18,875;18,875;516;202;0;
4841;2021.06.24 21:45;4;18,875;18,875;18,8125;515;202;0;
4842;2021.06.24 22:00;4;18,8125;18,75;18,75;515;202;0;
4843;2021.06.24 22:15;4;18,75;18,75;18,6875;514;202;0;
4844;2021.06.24 22:30;4;18,625;18,625;18,625;514;202;0;
4845;2021.06.24 22:45;4;18,5625;18,5625;18,5625;514;202;0;
4846;2021.06.24 23:00;4;18,5;18,5;18,5;513;202;0;
4847;2021.06.24 23:15;4;18,375;18,375;18,5;513;202;0;
4848;2021.06.24 23:30;4;18,375;18,375;18,375;513;202;0;
4849;2021.06.24 23:45;4;18,25;18,25;18,375;512;202;0;
4850;2021.06.25 00:00;4;18,1875;18,1875;18,25;512;202;0;
4851;2021.06.25 00:15;4;18,125;18,125;18,25;512;202;0;
4852;2021.06.25 00:30;4;18,125;18,125;18,25;512;202;0;
4853;2021.06.25 00:45;4;18;18,0625;18,1875;511;202;0;
4854;2021.06.25 01:00;4;18;18;18,125;511;202;0;
4855;2021.06.25 01:15;4;17,9375;18;18,125;511;202;0;
4856;2021.06.25 01:30;4;17,875;17,9375;18,125;511;202;0;
4857;2021.06.25 01:45;4;17,875;17,875;18,0625;511;202;0;
4858;2021.06.25 02:00;4;17,875;17,875;18;511;202;0;
4859;2021.06.25 02:15;4;17,8125;17,8125;18;511;202;0;
4860;2021.06.25 02:30;4;17,8125;17,8125;18;511;202;0;
4861;2021.06.25 02:45;4;17,75;17,75;18;511;202;0;
4862;2021.06.25 03:00;4;17,75;17,75;18;511;202;0;
4863;2021.06.25 03:15;4;17,75;17,75;18;511;202;0;
4864;2021.06.25 03:30;4;17,75;17,75;17,9375;511;202;0;
4865;2021.06.25 03:45;4;17,6875;17,6875;17,875;511;202;0;
4866;2021.06.25 04:00;4;17,625;17,625;17,875;511;202;0;
4867;2021.06.25 04:15;4;17,625;17,625;17,875;511;202;0;
4868;2021.06.25 04:30;4;17,625;17,625;17,8125;511;202;0;
4869;2021.06.25 04:45;4;17,625;17,625;17,8125;511;202;0;
4870;2021.06.25 05:00;4;17,625;17,625;17,8125;511;202;0;
4871;2021.06.25 05:15;4;17,625;17,625;17,8125;511;202;0;
4872;2021.06.25 05:30;4;17,625;17,5625;17,8125;511;202;0;
4873;2021.06.25 05:45;4;17,625;17,5625;17,75;511;202;0;
4874;2021.06.25 06:00;4;17,625;17,625;17,8125;512;202;0;
4875;2021.06.25 06:15;4;17,625;17,625;17,875;512;202;0;
4876;2021.06.25 06:30;4;17,6875;17,625;17,875;512;202;0;
4877;2021.06.25 06:45;4;17,75;17,625;17,875;513;202;0;
4878;2021.06.25 07:00;4;17,75;17,6875;17,875;513;202;0;
4879;2021.06.25 07:15;4;17,75;17,75;17,875;513;202;0;
4880;2021.06.25 07:30;4;17,8125;17,75;17,9375;513;202;0;
4881;2021.06.25 07:45;4;17,875;17,75;18;514;202;0;
4882;2021.06.25 08:00;4;17,875;17,8125;18;514;202;0;
4883;2021.06.25 08:15;4;18;17,875;18;514;202;0;
4884;2021.06.25 08:30;4;18;17,875;18,0625;514;202;0;
4885;2021.06.25 08:45;4;18,0625;17,9375;18,125;514;202;0;
4886;2021.06.25 09:00;4;18,125;18;18,125;514;202;0;
4887;2021.06.25 09:15;4;18,1875;18,0625;18,1875;515;202;0;
4888;2021.06.25 09:30;4;18,25;18,125;18,25;515;202;0;
4889;2021.06.25 09:45;4;18,25;18,125;18,25;515;202;0;
4890;2021.06.25 10:00;4;18,3125;18,125;18,25;515;202;0;
4891;2021.06.25 10:15;4;18,375;18,25;18,25;515;202;0;
4892;2021.06.25 10:30;4;18,375;18,25;18,3125;514;202;0;
4893;2021.06.25 10:45;4;18,4375;18,25;18,375;514;202;0;
4894;2021.06.25 11:00;4;18,5;18,375;18,375;515;202;0;
4895;2021.06.25 11:15;4;18,5625;18,375;18,375;515;202;0;
4896;2021.06.25 11:30;4;18,625;18,4375;18,4375;515;202;0;
4897;2021.06.25 11:45;4;18,75;18,5;18,5;515;202;0;
4898;2021.06.25 12:00;4;18,8125;18,5625;18,5;515;202;0;
4899;2021.06.25 12:15;4;18,875;18,625;18,625;515;202;0;
4900;2021.06.25 12:30;4;19;18,6875;18,625;516;202;0;
4901;2021.06.25 12:45;4;19,0625;18,75;18,625;516;202;0;
4902;2021.06.25 13:00;4;19,125;18,875;18,75;516;202;0;
4903;2021.06.25 13:15;4;19,1875;18,875;18,75;516;202;0;
4904;2021.06.25 13:30;4;19,25;18,9375;18,75;516;202;0;
4905;2021.06.25 13:45;4;19,375;19;18,875;517;202;0;
4906;2021.06.25 14:00;4;19,375;19,125;18,875;517;202;0;
4907;2021.06.25 14:15;4;19,5;19,125;18,9375;517;202;0;
4908;2021.06.25 14:30;4;19,5625;19,25;19;517;202;0;
4909;2021.06.25 14:45;4;19,625;19,25;19;517;202;0;
4910;2021.06.25 15:00;4;19,6875;19,375;19,0625;518;202;0;
4911;2021.06.25 15:15;4;19,75;19,375;19,125;518;202;0;
4912;2021.06.25 15:30;4;19,875;19,5;19,125;518;202;0;
4913;2021.06.25 15:45;4;19,875;19,5;19,1875;518;202;0;
4914;2021.06.25 16:00;4;19,9375;19,5625;19,25;518;202;0;
4915;2021.06.25 16:15;4;20;19,625;19,25;518;202;0;
4916;2021.06.25 16:30;4;20;19,625;19,25;518;202;0;
4917;2021.06.25 16:45;4;20;19,6875;19,25;518;202;0;
4918;2021.06.25 17:00;4;20,0625;19,75;19,3125;518;202;0;
4919;2021.06.25 17:15;4;20,125;19,75;19,375;518;202;0;
4920;2021.06.25 17:30;4;20,125;19,75;19,375;518;202;0;
4921;2021.06.25 17:45;4;20,125;19,75;19,375;518;202;0;
4922;2021.06.25 18:00;4;20,125;19,8125;19,375;518;202;0;
4923;2021.06.25 18:15;4;20,125;19,8125;19,375;518;202;0;
4924;2021.06.25 18:30;4;20,125;19,8125;19,375;518;202;0;
4925;2021.06.25 18:45;4;20,125;19,8125;19,375;518;202;0;
4926;2021.06.25 19:00;4;20,125;19,8125;19,375;518;202;0;
4927;2021.06.25 19:15;4;20,125;19,8125;19,375;518;202;0;
4928;2021.06.25 19:30;4;20;19,8125;19,375;518;202;0;
4929;2021.06.25 19:45;4;20;19,75;19,375;518;202;0;
4930;2021.06.25 20:00;4;19,875;19,75;19,25;517;202;0;
4931;2021.06.25 20:15;4;19,875;19,625;19,25;517;202;0;
4932;2021.06.25 20:30;4;19,75;19,625;19,1875;516;202;0;
4933;2021.06.25 20:45;4;19,625;19,5;19,125;516;202;0;
4934;2021.06.25 21:00;4;19,5;19,375;19;515;202;0;
4935;2021.06.25 21:15;4;19,375;19,3125;19;514;202;0;
4936;2021.06.25 21:30;4;19,3125;19,25;18,875;514;202;0;
4937;2021.06.25 21:45;4;19,1875;19,125;18,8125;513;202;0;
4938;2021.06.25 22:00;4;19,125;19;18,75;513;202;0;
4939;2021.06.25 22:15;4;19;18,9375;18,6875;512;202;0;
4940;2021.06.25 22:30;4;18,875;18,875;18,625;511;202;0;
4941;2021.06.25 22:45;4;18,75;18,75;18,5;511;202;0;
4942;2021.06.25 23:00;4;18,625;18,625;18,5;510;202;0;
4943;2021.06.25 23:15;4;18,5625;18,5;18,375;510;202;0;
4944;2021.06.25 23:30;4;18,5;18,4375;18,3125;509;202;0;
4945;2021.06.25 23:45;4;18,375;18,375;18,25;509;202;0;
4946;2021.06.26 00:00;4;18,25;18,25;18,1875;509;202;0;
4947;2021.06.26 00:15;4;18,1875;18,1875;18,125;508;202;0;
4948;2021.06.26 00:30;4;18,125;18,125;18,0625;508;202;0;
4949;2021.06.26 00:45;4;18;18;18;507;202;0;
4950;2021.06.26 01:00;4;17,875;17,875;17,875;507;202;0;
4951;2021.06.26 01:15;4;17,75;17,8125;17,875;506;202;0;
4952;2021.06.26 01:30;4;17,6875;17,75;17,75;506;202;0;
4953;2021.06.26 01:45;4;17,625;17,625;17,75;505;202;0;
4954;2021.06.26 02:00;4;17,5;17,5;17,625;505;202;0;
4955;2021.06.26 02:15;4;17,375;17,5;17,625;504;202;0;
4956;2021.06.26 02:30;4;17,3125;17,375;17,5;504;202;0;
4957;2021.06.26 02:45;4;17,25;17,25;17,4375;504;202;0;
4958;2021.06.26 03:00;4;17,125;17,25;17,375;503;202;0;
4959;2021.06.26 03:15;4;17,0625;17,125;17,375;503;202;0;
4960;2021.06.26 03:30;4;17;17,0625;17,25;502;202;0;
4961;2021.06.26 03:45;4;16,875;17;17,25;502;202;0;
4962;2021.06.26 04:00;4;16,8125;16,875;17,125;502;202;0;
4963;2021.06.26 04:15;4;16,75;16,8125;17,0625;501;202;0;
4964;2021.06.26 04:30;4;16,625;16,75;17;501;202;0;
4965;2021.06.26 04:45;4;16,625;16,625;17;501;202;0;
4966;2021.06.26 05:00;4;16,5625;16,625;16,9375;501;202;0;
4967;2021.06.26 05:15;4;16,5;16,5625;16,875;501;202;0;
4968;2021.06.26 05:30;4;16,5;16,5;16,875;500;202;0;
4969;2021.06.26 05:45;4;16,5;16,5;16,875;501;202;0;
4970;2021.06.26 06:00;4;16,5;16,5;16,875;501;202;0;
4971;2021.06.26 06:15;4;16,5;16,5625;16,9375;501;202;0;
4972;2021.06.26 06:30;4;16,625;16,5625;17;502;202;0;
4973;2021.06.26 06:45;4;16,625;16,625;17;502;202;0;
4974;2021.06.26 07:00;4;16,6875;16,625;17;503;202;0;
4975;2021.06.26 07:15;4;16,75;16,75;17,125;503;202;0;
4976;2021.06.26 07:30;4;16,875;16,75;17,125;504;202;0;
4977;2021.06.26 07:45;4;16,9375;16,875;17,1875;504;202;0;
4978;2021.06.26 08:00;4;17,0625;16,9375;17,25;505;202;0;
4979;2021.06.26 08:15;4;17,1875;17;17,3125;506;202;0;
4980;2021.06.26 08:30;4;17,3125;17,125;17,375;506;202;0;
4981;2021.06.26 08:45;4;17,4375;17,25;17,5;507;202;0;
4982;2021.06.26 09:00;4;17,5625;17,375;17,5625;508;202;0;
4983;2021.06.26 09:15;4;17,75;17,5;17,625;509;202;0;
4984;2021.06.26 09:30;4;17,875;17,625;17,75;510;202;0;
4985;2021.06.26 09:45;4;18;17,75;17,8125;511;202;0;
4986;2021.06.26 10:00;4;18,1875;17,875;17,9375;511;202;0;
4987;2021.06.26 10:15;4;18,375;18;18;512;202;0;
4988;2021.06.26 10:30;4;18,625;18,1875;18,125;513;202;0;
4989;2021.06.26 10:45;4;18,75;18,375;18,25;514;202;0;
4990;2021.06.26 11:00;4;18,9375;18,5;18,375;515;202;0;
4991;2021.06.26 11:15;4;19,125;18,625;18,4375;516;202;0;
4992;2021.06.26 11:30;4;19,25;18,75;18,5;517;202;0;
4993;2021.06.26 11:45;4;19,4375;18,875;18,625;517;202;0;
4994;2021.06.26 12:00;4;19,625;19,0625;18,75;518;202;0;
4995;2021.06.26 12:15;4;19,75;19,1875;18,875;519;202;0;
4996;2021.06.26 12:30;4;19,875;19,375;18,9375;520;202;0;
4997;2021.06.26 12:45;4;20,125;19,5;19;520;202;0;
4998;2021.06.26 13:00;4;20,25;19,625;19,125;521;202;0;
4999;2021.06.26 13:15;4;20,375;19,75;19,25;522;202;0;
5000;2021.06.26 13:30;4;20,625;19,9375;19,375;523;202;0;
5001;2021.06.26 13:45;4;20,75;20,125;19,5;523;202;0;
5002;2021.06.26 14:00;4;20,875;20,25;19,625;524;202;0;
5003;2021.06.26 14:15;4;21,0625;20,375;19,6875;525;202;0;
5004;2021.06.26 14:30;4;21,25;20,5;19,75;525;202;0;
5005;2021.06.26 14:45;4;21,375;20,625;19,875;526;202;0;
5006;2021.06.26 15:00;4;21,5;20,75;20;526;202;0;
5007;2021.06.26 15:15;4;21,5625;20,875;20;526;202;0;
5008;2021.06.26 15:30;4;21,625;21;20,125;527;202;0;
5009;2021.06.26 15:45;4;21,75;21,0625;20,125;527;202;0;
5010;2021.06.26 16:00;4;21,8125;21,125;20,25;527;202;0;
5011;2021.06.26 16:15;4;21,875;21,25;20,25;527;202;0;
5012;2021.06.26 16:30;4;21,9375;21,25;20,375;528;202;0;
5013;2021.06.26 16:45;4;22;21,375;20,375;528;202;0;
5014;2021.06.26 17:00;4;22;21,375;20,4375;528;202;0;
5015;2021.06.26 17:15;4;22,125;21,4375;20,5;528;202;0;
5016;2021.06.26 17:30;4;22,125;21,5;20,5;528;202;0;
5017;2021.06.26 17:45;4;22,125;21,5;20,5;528;202;0;
5018;2021.06.26 18:00;4;22,125;21,5;20,5;528;202;0;
5019;2021.06.26 18:15;4;22,125;21,5625;20,5;528;202;0;
5020;2021.06.26 18:30;4;22,0625;21,5625;20,5;527;202;0;
5021;2021.06.26 18:45;4;22;21,5;20,5;527;202;0;
5022;2021.06.26 19:00;4;21,9375;21,5;20,4375;526;202;0;
5023;2021.06.26 19:15;4;21,875;21,4375;20,375;526;202;0;
5024;2021.06.26 19:30;4;21,75;21,375;20,375;525;202;0;
5025;2021.06.26 19:45;4;21,625;21,25;20,25;525;202;0;
5026;2021.06.26 20:00;4;21,5;21,125;20,25;524;202;0;
5027;2021.06.26 20:15;4;21,375;21,0625;20,125;524;202;0;
5028;2021.06.26 20:30;4;21,25;21;20,125;523;202;0;
5029;2021.06.26 20:45;4;21,125;20,875;20,0625;523;202;0;
5030;2021.06.26 21:00;4;21,0625;20,8125;20;522;202;0;
5031;2021.06.26 21:15;4;21;20,75;20;522;202;0;
5032;2021.06.26 21:30;4;20,875;20,625;19,875;521;202;0;
5033;2021.06.26 21:45;4;20,75;20,5;19,875;521;202;0;
5034;2021.06.26 22:00;4;20,625;20,5;19,75;520;202;0;
5035;2021.06.26 22:15;4;20,5625;20,375;19,75;520;202;0;
5036;2021.06.26 22:30;4;20,5;20,25;19,6875;519;202;0;
5037;2021.06.26 22:45;4;20,375;20,1875;19,625;519;202;0;
5038;2021.06.26 23:00;4;20,25;20,125;19,5625;518;202;0;
5039;2021.06.26 23:15;4;20,1875;20;19,5;518;202;0;
5040;2021.06.26 23:30;4;20,0625;19,9375;19,4375;517;202;0;
5041;2021.06.26 23:45;4;20;19,875;19,375;517;202;0;
5042;2021.06.27 00:00;4;19,875;19,75;19,3125;517;202;0;
5043;2021.06.27 00:15;4;19,8125;19,6875;19,25;516;202;0;
5044;2021.06.27 00:30;4;19,75;19,625;19,25;516;202;0;
5045;2021.06.27 00:45;4;19,625;19,5;19,1875;516;202;0;
5046;2021.06.27 01:00;4;19,5625;19,5;19,125;515;202;0;
5047;2021.06.27 01:15;4;19,5;19,375;19,0625;515;202;0;
5048;2021.06.27 01:30;4;19,375;19,3125;19;515;202;0;
5049;2021.06.27 01:45;4;19,3125;19,25;19;514;202;0;
5050;2021.06.27 02:00;4;19,25;19,125;18,875;514;202;0;
5051;2021.06.27 02:15;4;19,125;19,0625;18,875;514;202;0;
5052;2021.06.27 02:30;4;19,0625;19;18,75;513;202;0;
5053;2021.06.27 02:45;4;19;18,9375;18,75;513;202;0;
5054;2021.06.27 03:00;4;18,875;18,875;18,6875;513;202;0;
5055;2021.06.27 03:15;4;18,875;18,75;18,625;512;202;0;
5056;2021.06.27 03:30;4;18,75;18,75;18,625;512;202;0;
5057;2021.06.27 03:45;4;18,6875;18,625;18,5;512;202;0;
5058;2021.06.27 04:00;4;18,625;18,625;18,5;512;202;0;
5059;2021.06.27 04:15;4;18,625;18,5;18,5;512;202;0;
5060;2021.06.27 04:30;4;18,5625;18,5;18,5;512;202;0;
5061;2021.06.27 04:45;4;18,5;18,5;18,4375;512;202;0;
5062;2021.06.27 05:00;4;18,5;18,4375;18,4375;512;202;0;
5063;2021.06.27 05:15;4;18,5;18,4375;18,375;512;202;0;
5064;2021.06.27 05:30;4;18,5;18,375;18,375;512;202;0;
5065;2021.06.27 05:45;4;18,5;18,375;18,375;512;202;0;
5066;2021.06.27 06:00;4;18,5;18,375;18,375;512;202;0;
5067;2021.06.27 06:15;4;18,5625;18,375;18,4375;512;202;0;
5068;2021.06.27 06:30;4;18,625;18,5;18,5;513;202;0;
5069;2021.06.27 06:45;4;18,75;18,5;18,5;513;202;0;
5070;2021.06.27 07:00;4;18,875;18,625;18,5625;514;202;0;
5071;2021.06.27 07:15;4;18,9375;18,625;18,625;514;202;0;
5072;2021.06.27 07:30;4;19,125;18,75;18,625;515;202;0;
5073;2021.06.27 07:45;4;19,25;18,875;18,75;516;202;0;
5074;2021.06.27 08:00;4;19,375;19;18,8125;517;202;0;
5075;2021.06.27 08:15;4;19,5;19,0625;18,875;517;202;0;
5076;2021.06.27 08:30;4;19,625;19,1875;18,9375;518;202;0;
5077;2021.06.27 08:45;4;19,75;19,25;19;519;202;0;
5078;2021.06.27 09:00;4;19,875;19,375;19,0625;519;202;0;
5079;2021.06.27 09:15;4;20,0625;19,5;19,125;520;202;0;
5080;2021.06.27 09:30;4;20,25;19,625;19,25;521;202;0;
5081;2021.06.27 09:45;4;20,5;19,875;19,375;523;202;0;
5082;2021.06.27 10:00;4;20,6875;20;19,5;524;202;0;
5083;2021.06.27 10:15;4;20,875;20,1875;19,5625;524;202;0;
5084;2021.06.27 10:30;4;21;20,375;19,625;525;202;0;
5085;2021.06.27 10:45;4;21,1875;20,5;19,75;526;202;0;
5086;2021.06.27 11:00;4;21,3125;20,5625;19,75;526;202;0;
5087;2021.06.27 11:15;4;21,375;20,625;19,8125;526;202;0;
5088;2021.06.27 11:30;4;21,5;20,75;19,875;526;202;0;
5089;2021.06.27 11:45;4;21,5;20,8125;19,875;527;202;0;
5090;2021.06.27 12:00;4;21,625;20,875;20;527;202;0;
5091;2021.06.27 12:15;4;21,6875;21;20;527;202;0;
5092;2021.06.27 12:30;4;21,8125;21,0625;20,0625;527;202;0;
5093;2021.06.27 12:45;4;21,875;21,125;20,125;528;202;0;
5094;2021.06.27 13:00;4;22;21,25;20,125;528;202;0;
5095;2021.06.27 13:15;4;22,125;21,375;20,25;529;202;0;
5096;2021.06.27 13:30;4;22,3125;21,375;20,25;529;202;0;
5097;2021.06.27 13:45;4;22,4375;21,5;20,375;530;202;0;
5098;2021.06.27 14:00;4;22,5;21,625;20,375;530;202;0;
5099;2021.06.27 14:15;4;22,6875;21,75;20,5;531;202;0;
5100;2021.06.27 14:30;4;22,875;21,875;20,5;532;202;0;
5101;2021.06.27 14:45;4;23;22;20,625;533;202;0;
5102;2021.06.27 15:00;4;23,25;22,125;20,75;534;202;0;
5103;2021.06.27 15:15;4;23,375;22,25;20,8125;535;202;0;
5104;2021.06.27 15:30;4;23,5;22,375;20,875;535;202;0;
5105;2021.06.27 15:45;4;23,6875;22,5625;21;536;202;0;
5106;2021.06.27 16:00;4;23,8125;22,625;21,0625;536;202;0;
5107;2021.06.27 16:15;4;23,9375;22,75;21,125;537;202;0;
5108;2021.06.27 16:30;4;24;22,875;21,1875;537;202;0;
5109;2021.06.27 16:45;4;24;22,9375;21,25;537;202;0;
5110;2021.06.27 17:00;4;24,0625;23;21,25;537;202;0;
5111;2021.06.27 17:15;4;24,125;23,0625;21,3125;537;202;0;
5112;2021.06.27 17:30;4;24,1875;23,125;21,375;537;202;0;
5113;2021.06.27 17:45;4;24,25;23,125;21,375;536;202;0;
5114;2021.06.27 18:00;4;24,25;23,1875;21,375;536;202;0;
5115;2021.06.27 18:15;4;24,25;23,25;21,4375;536;202;0;
5116;2021.06.27 18:30;4;24,25;23,25;21,5;536;202;0;
5117;2021.06.27 18:45;4;24,25;23,25;21,5;536;202;0;
5118;2021.06.27 19:00;4;24,1875;23,25;21,5;536;202;0;
5119;2021.06.27 19:15;4;24,125;23,25;21,5;535;202;0;
5120;2021.06.27 19:30;4;24,0625;23,25;21,5;535;202;0;
5121;2021.06.27 19:45;4;24;23,1875;21,5;534;202;0;
5122;2021.06.27 20:00;4;23,875;23,125;21,4375;534;202;0;
5123;2021.06.27 20:15;4;23,8125;23,125;21,375;534;202;0;
5124;2021.06.27 20:30;4;23,75;23;21,375;533;202;0;
5125;2021.06.27 20:45;4;23,625;23;21,375;533;202;0;
5126;2021.06.27 21:00;4;23,5;22,875;21,375;532;202;0;
5127;2021.06.27 21:15;4;23,4375;22,875;21,3125;532;202;0;
5128;2021.06.27 21:30;4;23,375;22,75;21,25;532;202;0;
5129;2021.06.27 21:45;4;23,25;22,75;21,25;531;202;0;
5130;2021.06.27 22:00;4;23,125;22,625;21,25;531;202;0;
5131;2021.06.27 22:15;4;23;22,5625;21,1875;530;202;0;
5132;2021.06.27 22:30;4;22,9375;22,5;21,125;530;202;0;
5133;2021.06.27 22:45;4;22,8125;22,375;21,125;530;202;0;
5134;2021.06.27 23:00;4;22,75;22,3125;21,0625;529;202;0;
5135;2021.06.27 23:15;4;22,625;22,25;21;529;202;0;
5136;2021.06.27 23:30;4;22,5;22,125;21;528;202;0;
5137;2021.06.27 23:45;4;22,375;22;20,9375;528;202;0;
5138;2021.06.28 00:00;4;22,25;22;20,875;527;202;0;
5139;2021.06.28 00:15;4;22,125;21,875;20,875;527;202;0;
5140;2021.06.28 00:30;4;22,0625;21,75;20,75;527;202;0;
5141;2021.06.28 00:45;4;22;21,6875;20,75;526;202;0;
5142;2021.06.28 01:00;4;21,875;21,625;20,6875;526;202;0;
5143;2021.06.28 01:15;4;21,75;21,5;20,625;526;202;0;
5144;2021.06.28 01:30;4;21,6875;21,4375;20,625;525;202;0;
5145;2021.06.28 01:45;4;21,5625;21,375;20,5;525;202;0;
5146;2021.06.28 02:00;4;21,5;21,25;20,5;524;202;0;
5147;2021.06.28 02:15;4;21,375;21,1875;20,4375;524;202;0;
5148;2021.06.28 02:30;4;21,25;21,125;20,375;524;202;0;
5149;2021.06.28 02:45;4;21,1875;21;20,3125;523;202;0;
5150;2021.06.28 03:00;4;21,125;20,9375;20,25;523;202;0;
5151;2021.06.28 03:15;4;21;20,875;20,25;523;202;0;
5152;2021.06.28 03:30;4;20,9375;20,75;20,1875;522;202;0;
5153;2021.06.28 03:45;4;20,875;20,75;20,125;522;202;0;
5154;2021.06.28 04:00;4;20,75;20,625;20,125;522;202;0;
5155;2021.06.28 04:15;4;20,6875;20,5625;20,0625;521;202;0;
5156;2021.06.28 04:30;4;20,625;20,5;20;521;202;0;
5157;2021.06.28 04:45;4;20,5625;20,5;20;521;202;0;
5158;2021.06.28 05:00;4;20,5;20,375;20;521;202;0;
5159;2021.06.28 05:15;4;20,5;20,375;20;521;202;0;
5160;2021.06.28 05:30;4;20,5;20,375;20;521;202;0;
5161;2021.06.28 05:45;4;20,5;20,375;19,9375;521;202;0;
5162;2021.06.28 06:00;4;20,5;20,375;19,9375;522;202;0;
5163;2021.06.28 06:15;4;20,5625;20,375;19,9375;522;202;0;
5164;2021.06.28 06:30;4;20,625;20,375;19,9375;522;202;0;
5165;2021.06.28 06:45;4;20,625;20,375;19,9375;523;202;0;
5166;2021.06.28 07:00;4;20,6875;20,375;20;523;202;0;
5167;2021.06.28 07:15;4;20,75;20,375;20;523;202;0;
5168;2021.06.28 07:30;4;20,75;20,4375;20;523;202;0;
5169;2021.06.28 07:45;4;20,875;20,5;20;524;202;0;
5170;2021.06.28 08:00;4;20,875;20,5;20;524;202;0;
5171;2021.06.28 08:15;4;21;20,5625;20;525;202;0;
5172;2021.06.28 08:30;4;21,125;20,625;20,0625;525;202;0;
5173;2021.06.28 08:45;4;21,1875;20,6875;20,125;526;202;0;
5174;2021.06.28 09:00;4;21,25;20,75;20,125;526;202;0;
5175;2021.06.28 09:15;4;21,375;20,875;20,1875;527;202;0;
5176;2021.06.28 09:30;4;21,5;20,875;20,25;527;202;0;
5177;2021.06.28 09:45;4;21,625;21;20,25;528;202;0;
5178;2021.06.28 10:00;4;21,75;21,125;20,375;529;202;0;
5179;2021.06.28 10:15;4;21,9375;21,25;20,375;530;202;0;
5180;2021.06.28 10:30;4;22,125;21,3125;20,5;530;202;0;
5181;2021.06.28 10:45;4;22,25;21,4375;20,5;531;202;0;
5182;2021.06.28 11:00;4;22,3125;21,5625;20,625;532;202;0;
5183;2021.06.28 11:15;4;22,375;21,625;20,625;532;202;0;
5184;2021.06.28 11:30;4;22,5;21,75;20,6875;532;202;0;
5185;2021.06.28 11:45;4;22,5625;21,8125;20,75;533;202;0;
5186;2021.06.28 12:00;4;22,625;21,875;20,75;533;202;0;
5187;2021.06.28 12:15;4;22,6875;21,9375;20,8125;533;202;0;
5188;2021.06.28 12:30;4;22,75;22;20,875;533;202;0;
5189;2021.06.28 12:45;4;22,8125;22;20,875;534;202;0;
5190;2021.06.28 13:00;4;22,875;22,125;20,9375;534;202;0;
5191;2021.06.28 13:15;4;22,875;22,125;21;534;202;0;
5192;2021.06.28 13:30;4;23;22,25;21;534;202;0;
5193;2021.06.28 13:45;4;23;22,25;21,0625;534;202;0;
5194;2021.06.28 14:00;4;23,125;22,3125;21,125;534;202;0;
5195;2021.06.28 14:15;4;23,125;22,375;21,125;535;202;0;
5196;2021.06.28 14:30;4;23,125;22,375;21,125;535;202;0;
5197;2021.06.28 14:45;4;23,1875;22,4375;21,125;534;202;0;
5198;2021.06.28 15:00;4;23,1875;22,5;21,1875;534;202;0;
5199;2021.06.28 15:15;4;23,25;22,5;21,25;534;202;0;
5200;2021.06.28 15:30;4;23,25;22,5;21,25;535;202;0;
5201;2021.06.28 15:45;4;23,3125;22,5625;21,25;535;202;0;
5202;2021.06.28 16:00;4;23,375;22,625;21,25;535;202;0;
5203;2021.06.28 16:15;4;23,375;22,625;21,3125;535;202;0;
5204;2021.06.28 16:30;4;23,375;22,625;21,3125;535;202;0;
5205;2021.06.28 16:45;4;23,4375;22,625;21,375;535;202;0;
5206;2021.06.28 17:00;4;23,4375;22,6875;21,375;535;202;0;
5207;2021.06.28 17:15;4;23,375;22,6875;21,375;534;202;0;
5208;2021.06.28 17:30;4;23,375;22,6875;21,375;534;202;0;
5209;2021.06.28 17:45;4;23,375;22,75;21,375;534;202;0;
5210;2021.06.28 18:00;4;23,375;22,6875;21,375;534;202;0;
5211;2021.06.28 18:15;4;23,375;22,6875;21,375;534;202;0;
5212;2021.06.28 18:30;4;23,3125;22,6875;21,375;534;202;0;
5213;2021.06.28 18:45;4;23,25;22,6875;21,375;533;202;0;
5214;2021.06.28 19:00;4;23,25;22,625;21,375;533;202;0;
5215;2021.06.28 19:15;4;23,25;22,625;21,375;533;202;0;
5216;2021.06.28 19:30;4;23,25;22,625;21,375;533;202;0;
5217;2021.06.28 19:45;4;23,125;22,625;21,375;533;202;0;
5218;2021.06.28 20:00;4;23,125;22,5625;21,3125;533;202;0;
5219;2021.06.28 20:15;4;23;22,5;21,3125;533;202;0;
5220;2021.06.28 20:30;4;22,9375;22,5;21,25;533;202;0;
5221;2021.06.28 20:45;4;22,875;22,4375;21,25;533;202;0;
5222;2021.06.28 21:00;4;22,75;22,375;21,25;532;202;0;
5223;2021.06.28 21:15;4;22,625;22,25;21,1875;532;202;0;
5224;2021.06.28 21:30;4;22,5625;22,25;21,125;532;202;0;
5225;2021.06.28 21:45;4;22,5;22,125;21,125;532;202;0;
5226;2021.06.28 22:00;4;22,375;22,125;21,125;531;202;0;
5227;2021.06.28 22:15;4;22,3125;22;21,0625;531;202;0;
5228;2021.06.28 22:30;4;22,25;22;21;531;202;0;
5229;2021.06.28 22:45;4;22,125;21,875;21;531;202;0;
5230;2021.06.28 23:00;4;22,125;21,875;21;530;202;0;
5231;2021.06.28 23:15;4;22;21,75;20,9375;530;202;0;
5232;2021.06.28 23:30;4;21,875;21,75;20,875;530;202;0;
5233;2021.06.28 23:45;4;21,875;21,625;20,875;530;202;0;
5234;2021.06.29 00:00;4;21,75;21,5625;20,8125;529;202;0;
5235;2021.06.29 00:15;4;21,6875;21,5;20,75;529;202;0;
5236;2021.06.29 00:30;4;21,625;21,4375;20,75;529;202;0;
5237;2021.06.29 00:45;4;21,5625;21,375;20,75;529;202;0;
5238;2021.06.29 01:00;4;21,5;21,375;20,6875;529;202;0;
5239;2021.06.29 01:15;4;21,5;21,25;20,625;529;202;0;
5240;2021.06.29 01:30;4;21,4375;21,25;20,625;529;202;0;
5241;2021.06.29 01:45;4;21,375;21,25;20,625;529;202;0;
5242;2021.06.29 02:00;4;21,375;21,125;20,625;528;202;0;
5243;2021.06.29 02:15;4;21,3125;21,125;20,5625;528;202;0;
5244;2021.06.29 02:30;4;21,25;21,125;20,5;528;202;0;
5245;2021.06.29 02:45;4;21,25;21,0625;20,5;528;202;0;
5246;2021.06.29 03:00;4;21,25;21;20,5;528;202;0;
5247;2021.06.29 03:15;4;21,1875;21;20,5;528;202;0;
5248;2021.06.29 03:30;4;21,125;21;20,5;528;202;0;
5249;2021.06.29 03:45;4;21,125;20,9375;20,4375;528;202;0;
5250;2021.06.29 04:00;4;21,125;20,9375;20,375;528;202;0;
5251;2021.06.29 04:15;4;21;20,875;20,375;528;202;0;
5252;2021.06.29 04:30;4;21;20,875;20,375;528;202;0;
5253;2021.06.29 04:45;4;20,9375;20,8125;20,375;528;202;0;
5254;2021.06.29 05:00;4;20,875;20,75;20,25;528;202;0;
5255;2021.06.29 05:15;4;20,8125;20,75;20,25;527;202;0;
5256;2021.06.29 05:30;4;20,75;20,6875;20,25;527;202;0;
5257;2021.06.29 05:45;4;20,75;20,625;20,25;527;202;0;
5258;2021.06.29 06:00;4;20,75;20,625;20,1875;527;202;0;
5259;2021.06.29 06:15;4;20,6875;20,5625;20,1875;527;202;0;
5260;2021.06.29 06:30;4;20,625;20,5625;20,1875;527;202;0;
5261;2021.06.29 06:45;4;20,625;20,5;20,125;527;202;0;
5262;2021.06.29 07:00;4;20,625;20,5;20,125;527;202;0;
5263;2021.06.29 07:15;4;20,625;20,5;20,125;527;202;0;
5264;2021.06.29 07:30;4;20,625;20,5;20,125;527;202;0;
5265;2021.06.29 07:45;4;20,625;20,5;20,125;527;202;0;
5266;2021.06.29 08:00;4;20,625;20,5;20,125;527;202;0;
5267;2021.06.29 08:15;4;20,5;20,375;20;527;202;0;
5268;2021.06.29 08:30;4;20,375;20,3125;20;526;202;0;
5269;2021.06.29 08:45;4;20,25;20,25;19,875;525;202;0;
5270;2021.06.29 09:00;4;20,125;20,1875;19,875;525;202;0;
5271;2021.06.29 09:15;4;20,125;20,125;19,8125;525;202;0;
5272;2021.06.29 09:30;4;20,0625;20,0625;19,8125;525;202;0;
5273;2021.06.29 09:45;4;20;20;19,75;524;202;0;
5274;2021.06.29 10:00;4;20;20;19,75;524;202;0;
5275;2021.06.29 10:15;4;20;20;19,75;525;202;0;
5276;2021.06.29 10:30;4;20;19,9375;19,75;525;202;0;
5277;2021.06.29 10:45;4;20;19,9375;19,75;525;202;0;
5278;2021.06.29 11:00;4;20;19,9375;19,75;525;202;0;
5279;2021.06.29 11:15;4;20,0625;19,9375;19,75;525;202;0;
5280;2021.06.29 11:30;4;20,125;20;19,75;525;202;0;
5281;2021.06.29 11:45;4;20,1875;20;19,75;525;202;0;
5282;2021.06.29 12:00;4;20,25;20;19,75;525;202;0;
5283;2021.06.29 12:15;4;20,3125;20,0625;19,75;525;202;0;
5284;2021.06.29 12:30;4;20,375;20,125;19,8125;526;202;0;
5285;2021.06.29 12:45;4;20,5;20,125;19,875;526;202;0;
5286;2021.06.29 13:00;4;20,5;20,1875;19,875;526;202;0;
5287;2021.06.29 13:15;4;20,625;20,25;19,875;526;202;0;
5288;2021.06.29 13:30;4;20,625;20,25;19,875;527;202;0;
5289;2021.06.29 13:45;4;20,75;20,3125;19,9375;527;202;0;
5290;2021.06.29 14:00;4;20,875;20,375;19,9375;527;202;0;
5291;2021.06.29 14:15;4;20,875;20,4375;20;527;202;0;
5292;2021.06.29 14:30;4;21;20,5;20;528;202;0;
5293;2021.06.29 14:45;4;21,125;20,5625;20;528;202;0;
5294;2021.06.29 15:00;4;21,1875;20,625;20,0625;528;202;0;
5295;2021.06.29 15:15;4;21,25;20,75;20,125;528;202;0;
5296;2021.06.29 15:30;4;21,375;20,75;20,125;529;202;0;
5297;2021.06.29 15:45;4;21,4375;20,875;20,1875;529;202;0;
5298;2021.06.29 16:00;4;21,5;20,875;20,25;529;202;0;
5299;2021.06.29 16:15;4;21,5625;21;20,25;529;202;0;
5300;2021.06.29 16:30;4;21,625;21;20,25;529;202;0;
5301;2021.06.29 16:45;4;21,6875;21,0625;20,3125;529;202;0;
5302;2021.06.29 17:00;4;21,75;21,125;20,375;529;202;0;
5303;2021.06.29 17:15;4;21,75;21,125;20,375;529;202;0;
5304;2021.06.29 17:30;4;21,8125;21,25;20,375;529;202;0;
5305;2021.06.29 17:45;4;21,875;21,25;20,375;529;202;0;
5306;2021.06.29 18:00;4;21,75;21,25;20,375;529;202;0;
5307;2021.06.29 18:15;4;21,75;21,25;20,375;529;202;0;
5308;2021.06.29 18:30;4;21,6875;21,25;20,375;528;202;0;
5309;2021.06.29 18:45;4;21,625;21,1875;20,375;528;202;0;
5310;2021.06.29 19:00;4;21,5;21,125;20,375;527;202;0;
5311;2021.06.29 19:15;4;21,4375;21,125;20,3125;526;202;0;
5312;2021.06.29 19:30;4;21,375;21;20,25;526;202;0;
5313;2021.06.29 19:45;4;21,3125;21;20,25;525;202;0;
5314;2021.06.29 20:00;4;21,25;20,9375;20,25;524;202;0;
5315;2021.06.29 20:15;4;21,125;20,875;20,125;524;202;0;
5316;2021.06.29 20:30;4;21,125;20,8125;20,125;524;202;0;
5317;2021.06.29 20:45;4;21;20,75;20,125;523;202;0;
5318;2021.06.29 21:00;4;20,9375;20,75;20,0625;523;202;0;
5319;2021.06.29 21:15;4;20,875;20,625;20;523;202;0;
5320;2021.06.29 21:30;4;20,75;20,5625;20;522;202;0;
5321;2021.06.29 21:45;4;20,625;20,5;20;522;202;0;
5322;2021.06.29 22:00;4;20,5625;20,4375;19,875;522;202;0;
5323;2021.06.29 22:15;4;20,4375;20,375;19,875;521;202;0;
5324;2021.06.29 22:30;4;20,375;20,25;19,75;521;202;0;
5325;2021.06.29 22:45;4;20,25;20,1875;19,75;520;202;0;
5326;2021.06.29 23:00;4;20,125;20,125;19,6875;520;202;0;
5327;2021.06.29 23:15;4;20;20;19,625;519;202;0;
5328;2021.06.29 23:30;4;19,875;19,875;19,5;519;202;0;
5329;2021.06.29 23:45;4;19,75;19,75;19,5;518;202;0;
5330;2021.06.30 00:00;4;19,625;19,6875;19,4375;518;202;0;
5331;2021.06.30 00:15;4;19,5625;19,625;19,375;518;202;0;
5332;2021.06.30 00:30;4;19,5;19,5;19,25;517;202;0;
5333;2021.06.30 00:45;4;19,375;19,375;19,25;517;202;0;
5334;2021.06.30 01:00;4;19,25;19,3125;19,125;516;202;0;
5335;2021.06.30 01:15;4;19,125;19,1875;19,0625;515;202;0;
5336;2021.06.30 01:30;4;18,9375;19,125;19;515;202;0;
5337;2021.06.30 01:45;4;18,8125;19;18,875;514;202;0;
5338;2021.06.30 02:00;4;18,75;18,875;18,875;513;202;0;
5339;2021.06.30 02:15;4;18,625;18,75;18,75;513;202;0;
5340;2021.06.30 02:30;4;18,5;18,625;18,6875;512;202;0;
5341;2021.06.30 02:45;4;18,4375;18,5625;18,625;512;202;0;
5342;2021.06.30 03:00;4;18,3125;18,5;18,625;512;202;0;
5343;2021.06.30 03:15;4;18,25;18,4375;18,5625;511;202;0;
5344;2021.06.30 03:30;4;18,1875;18,375;18,5;511;202;0;
5345;2021.06.30 03:45;4;18,125;18,25;18,5;511;202;0;
5346;2021.06.30 04:00;4;18;18,25;18,375;510;202;0;
5347;2021.06.30 04:15;4;18;18,125;18,375;510;202;0;
5348;2021.06.30 04:30;4;17,875;18,125;18,3125;510;202;0;
5349;2021.06.30 04:45;4;17,8125;18;18,25;509;202;0;
5350;2021.06.30 05:00;4;17,75;18;18,25;509;202;0;
5351;2021.06.30 05:15;4;17,6875;17,875;18,1875;509;202;0;
5352;2021.06.30 05:30;4;17,625;17,875;18,1875;509;202;0;
5353;2021.06.30 05:45;4;17,625;17,8125;18,125;509;202;0;
5354;2021.06.30 06:00;4;17,625;17,75;18,125;509;202;0;
5355;2021.06.30 06:15;4;17,625;17,75;18,125;509;202;0;
5356;2021.06.30 06:30;4;17,625;17,75;18,125;509;202;0;
5357;2021.06.30 06:45;4;17,625;17,75;18,125;509;202;0;
5358;2021.06.30 07:00;4;17,625;17,75;18,125;509;202;0;
5359;2021.06.30 07:15;4;17,625;17,75;18,125;509;202;0;
5360;2021.06.30 07:30;4;17,6875;17,75;18,125;510;202;0;
5361;2021.06.30 07:45;4;17,75;17,75;18,125;510;202;0;
5362;2021.06.30 08:00;4;17,75;17,8125;18,125;510;202;0;
5363;2021.06.30 08:15;4;17,8125;17,8125;18,125;511;202;0;
5364;2021.06.30 08:30;4;17,875;17,875;18,125;511;202;0;
5365;2021.06.30 08:45;4;17,875;17,875;18,125;511;202;0;
5366;2021.06.30 09:00;4;17,875;17,875;18,1875;511;202;0;
5367;2021.06.30 09:15;4;18;17,9375;18,1875;512;202;0;
5368;2021.06.30 09:30;4;18;18;18,25;512;202;0;
5369;2021.06.30 09:45;4;18;18;18,25;512;202;0;
5370;2021.06.30 10:00;4;18,0625;18;18,25;512;202;0;
5371;2021.06.30 10:15;4;18,125;18;18,25;512;202;0;
5372;2021.06.30 10:30;4;18,1875;18,0625;18,25;512;202;0;
5373;2021.06.30 10:45;4;18,25;18,125;18,25;513;202;0;
5374;2021.06.30 11:00;4;18,3125;18,125;18,3125;513;202;0;
5375;2021.06.30 11:15;4;18,375;18,1875;18,3125;513;202;0;
5376;2021.06.30 11:30;4;18,4375;18,25;18,375;513;202;0;
5377;2021.06.30 11:45;4;18,5;18,25;18,375;513;202;0;
5378;2021.06.30 12:00;4;18,625;18,3125;18,375;514;202;0;
5379;2021.06.30 12:15;4;18,625;18,375;18,375;514;202;0;
5380;2021.06.30 12:30;4;18,75;18,375;18,4375;514;202;0;
5381;2021.06.30 12:45;4;18,75;18,5;18,5;514;202;0;
5382;2021.06.30 13:00;4;18,875;18,5;18,5;514;202;0;
5383;2021.06.30 13:15;4;18,875;18,625;18,5;514;202;0;
5384;2021.06.30 13:30;4;19;18,625;18,5;514;202;0;
5385;2021.06.30 13:45;4;19,0625;18,6875;18,5625;514;202;0;
5386;2021.06.30 14:00;4;19,375;18,875;19,125;517;202;0;
5387;2021.06.30 14:15;4;19,625;19,0625;19,5;517;202;0;
5388;2021.06.30 14:30;4;19,875;19,25;19,75;518;202;0;
5389;2021.06.30 14:45;4;20,125;19,5;19,875;519;202;0;
5390;2021.06.30 15:00;4;20,375;19,75;20,125;519;202;0;
5391;2021.06.30 15:15;4;20,5;19,9375;20,25;519;202;0;
5392;2021.06.30 15:30;4;20,625;20,125;20,375;519;202;0;
5393;2021.06.30 15:45;4;20,8125;20,25;20,5;520;202;0;
5394;2021.06.30 16:00;4;21;20,4375;20,625;520;202;0;
5395;2021.06.30 16:15;4;21,0625;20,5625;20,6875;520;202;0;
5396;2021.06.30 16:30;4;21,125;20,6875;20,75;520;202;0;
5397;2021.06.30 16:45;4;21,25;20,75;20,8125;520;202;0;
5398;2021.06.30 17:00;4;21,25;20,875;20,875;520;202;0;
5399;2021.06.30 17:15;4;21,25;20,875;20,875;520;202;0;
5400;2021.06.30 17:30;4;21,25;20,875;20,8125;519;202;0;
5401;2021.06.30 17:45;4;21,1875;20,875;20,75;519;202;0;
5402;2021.06.30 18:00;4;21,125;20,875;20,75;518;202;0;
5403;2021.06.30 18:15;4;21,125;20,875;20,6875;518;202;0;
5404;2021.06.30 18:30;4;21;20,8125;20,625;517;202;0;
5405;2021.06.30 18:45;4;20,875;20,75;20,5;517;202;0;
5406;2021.06.30 19:00;4;20,875;20,6875;20,5;516;202;0;
5407;2021.06.30 19:15;4;20,8125;20,625;20,375;516;202;0;
5408;2021.06.30 19:30;4;20,75;20,625;20,3125;515;202;0;
5409;2021.06.30 19:45;4;20,625;20,5;20,25;515;202;0;
5410;2021.06.30 20:00;4;20,5625;20,5;20,125;514;202;0;
5411;2021.06.30 20:15;4;20,5;20,375;20;514;202;0;
5412;2021.06.30 20:30;4;20,375;20,25;19,875;513;202;0;
5413;2021.06.30 20:45;4;20,25;20,1875;19,75;513;202;0;
5414;2021.06.30 21:00;4;20,125;20,125;19,625;512;202;0;
5415;2021.06.30 21:15;4;20,125;20;19,5625;512;202;0;
5416;2021.06.30 21:30;4;20;19,875;19,5;512;202;0;
5417;2021.06.30 21:45;4;19,875;19,875;19,375;511;202;0;
5418;2021.06.30 22:00;4;19,875;19,75;19,375;511;202;0;
5419;2021.06.30 22:15;4;19,75;19,6875;19,25;511;202;0;
5420;2021.06.30 22:30;4;19,625;19,625;19,125;511;202;0;
5421;2021.06.30 22:45;4;19,5625;19,5;19,125;510;202;0;
5422;2021.06.30 23:00;4;19,5;19,4375;19;510;202;0;
5423;2021.06.30 23:15;4;19,375;19,375;18,9375;510;202;0;
5424;2021.06.30 23:30;4;19,375;19,25;18,875;509;202;0;
5425;2021.06.30 23:45;4;19,25;19,25;18,875;509;202;0;
5426;2021.07.01 00:00;4;19,25;19,125;18,75;509;202;0;
5427;2021.07.01 00:15;4;19,125;19,125;18,75;509;202;0;
5428;2021.07.01 00:30;4;19,125;19;18,6875;509;202;0;
5429;2021.07.01 00:45;4;19;19;18,625;509;202;0;
5430;2021.07.01 01:00;4;19;18,9375;18,625;508;202;0;
5431;2021.07.01 01:15;4;18,875;18,875;18,5;508;202;0;
5432;2021.07.01 01:30;4;18,875;18,8125;18,5;508;202;0;
5433;2021.07.01 01:45;4;18,75;18,75;18,375;508;202;0;
5434;2021.07.01 02:00;4;18,625;18,625;18,25;507;202;0;
5435;2021.07.01 02:15;4;18,5625;18,5625;18,125;507;202;0;
5436;2021.07.01 02:30;4;18,4375;18,4375;18,0625;506;202;0;
5437;2021.07.01 02:45;4;18,375;18,375;17,875;506;202;0;
5438;2021.07.01 03:00;4;18,25;18,25;17,75;505;202;0;
5439;2021.07.01 03:15;4;18,125;18,125;17,6875;505;202;0;
5440;2021.07.01 03:30;4;18;18;17,5625;505;202;0;
5441;2021.07.01 03:45;4;17,9375;17,9375;17,5;504;202;0;
5442;2021.07.01 04:00;4;17,875;17,875;17,375;504;202;0;
5443;2021.07.01 04:15;4;17,75;17,75;17,375;504;202;0;
5444;2021.07.01 04:30;4;17,75;17,75;17,3125;504;202;0;
5445;2021.07.01 04:45;4;17,6875;17,625;17,25;504;202;0;
5446;2021.07.01 05:00;4;17,6875;17,625;17,25;504;202;0;
5447;2021.07.01 05:15;4;17,625;17,625;17,25;504;202;0;
5448;2021.07.01 05:30;4;17,625;17,5625;17,25;504;202;0;
5449;2021.07.01 05:45;4;17,625;17,5625;17,25;505;202;0;
5450;2021.07.01 06:00;4;17,75;17,625;17,625;506;202;0;
5451;2021.07.01 06:15;4;17,75;17,625;17,8125;506;202;0;
5452;2021.07.01 06:30;4;17,875;17,75;17,875;507;202;0;
5453;2021.07.01 06:45;4;17,9375;17,75;17,9375;508;202;0;
5454;2021.07.01 07:00;4;18;17,875;18;508;202;0;
5455;2021.07.01 07:15;4;18,125;17,9375;18,0625;509;202;0;
5456;2021.07.01 07:30;4;18,1875;18;18,125;510;202;0;
5457;2021.07.01 07:45;4;18,3125;18,125;18,1875;511;202;0;
5458;2021.07.01 08:00;4;18,4375;18,1875;18,25;512;202;0;
5459;2021.07.01 08:15;4;18,5;18,25;18,3125;512;202;0;
5460;2021.07.01 08:30;4;18,625;18,375;18,375;513;202;0;
5461;2021.07.01 08:45;4;18,6875;18,375;18,375;513;202;0;
5462;2021.07.01 09:00;4;18,75;18,5;18,4375;514;202;0;
5463;2021.07.01 09:15;4;18,875;18,5625;18,5;514;202;0;
5464;2021.07.01 09:30;4;19;18,625;18,5;515;202;0;
5465;2021.07.01 09:45;4;19,0625;18,75;18,5625;515;202;0;
5466;2021.07.01 10:00;4;19,25;18,8125;18,625;516;202;0;
5467;2021.07.01 10:15;4;19,375;19;18,75;517;202;0;
5468;2021.07.01 10:30;4;19,625;19,125;18,875;518;202;0;
5469;2021.07.01 10:45;4;19,75;19,25;18,9375;518;202;0;
5470;2021.07.01 11:00;4;19,875;19,375;19;519;202;0;
5471;2021.07.01 11:15;4;20,125;19,5;19,125;520;202;0;
5472;2021.07.01 11:30;4;20,25;19,625;19,25;520;202;0;
5473;2021.07.01 11:45;4;20,375;19,8125;19,375;521;202;0;
5474;2021.07.01 12:00;4;20,5;19,875;19,375;521;202;0;
5475;2021.07.01 12:15;4;20,625;20,0625;19,5;521;202;0;
5476;2021.07.01 12:30;4;20,8125;20,1875;19,625;522;202;0;
5477;2021.07.01 12:45;4;21;20,3125;19,6875;522;202;0;
5478;2021.07.01 13:00;4;21,125;20,5;19,75;522;202;0;
5479;2021.07.01 13:15;4;21,375;20,625;19,875;522;202;0;
5480;2021.07.01 13:30;4;21,5;20,75;20;522;202;0;
5481;2021.07.01 13:45;4;21,5625;20,8125;20;522;202;0;
5482;2021.07.01 14:00;4;21,625;20,875;20,0625;522;202;0;
5483;2021.07.01 14:15;4;21,6875;21;20,125;522;202;0;
5484;2021.07.01 14:30;4;21,75;21;20,125;522;202;0;
5485;2021.07.01 14:45;4;21,8125;21,125;20,1875;522;202;0;
5486;2021.07.01 15:00;4;21,875;21,125;20,25;522;202;0;
5487;2021.07.01 15:15;4;21,875;21,1875;20,25;522;202;0;
5488;2021.07.01 15:30;4;22;21,25;20,25;522;202;0;
5489;2021.07.01 15:45;4;22;21,3125;20,3125;522;202;0;
5490;2021.07.01 16:00;4;22,0625;21,375;20,375;523;202;0;
5491;2021.07.01 16:15;4;22,125;21,375;20,375;523;202;0;
5492;2021.07.01 16:30;4;22,125;21,4375;20,4375;523;202;0;
5493;2021.07.01 16:45;4;22,125;21,5;20,4375;523;202;0;
5494;2021.07.01 17:00;4;22,1875;21,5;20,5;523;202;0;
5495;2021.07.01 17:15;4;22,1875;21,5;20,5;523;202;0;
5496;2021.07.01 17:30;4;22,25;21,5625;20,5;523;202;0;
5497;2021.07.01 17:45;4;22,25;21,625;20,5;523;202;0;
5498;2021.07.01 18:00;4;22,125;21,625;20,5;523;202;0;
5499;2021.07.01 18:15;4;22,125;21,5625;20,5;522;202;0;
5500;2021.07.01 18:30;4;22,0625;21,5;20,5;522;202;0;
5501;2021.07.01 18:45;4;22;21,5;20,5;521;202;0;
5502;2021.07.01 19:00;4;21,875;21,5;20,5;521;202;0;
5503;2021.07.01 19:15;4;21,75;21,375;20,4375;520;202;0;
5504;2021.07.01 19:30;4;21,625;21,3125;20,375;520;202;0;
5505;2021.07.01 19:45;4;21,5;21,1875;20,25;519;202;0;
5506;2021.07.01 20:00;4;21,375;21,125;20,25;518;202;0;
5507;2021.07.01 20:15;4;21,25;21;20,1875;517;202;0;
5508;2021.07.01 20:30;4;21,1875;20,9375;20,125;517;202;0;
5509;2021.07.01 20:45;4;21,125;20,875;20,0625;516;202;0;
5510;2021.07.01 21:00;4;21;20,75;20;516;202;0;
5511;2021.07.01 21:15;4;20,875;20,625;19,9375;515;202;0;
5512;2021.07.01 21:30;4;20,75;20,5;19,875;515;202;0;
5513;2021.07.01 21:45;4;20,625;20,4375;19,75;514;202;0;
5514;2021.07.01 22:00;4;20,5;20,375;19,75;514;202;0;
5515;2021.07.01 22:15;4;20,375;20,25;19,6875;513;202;0;
5516;2021.07.01 22:30;4;20,25;20,125;19,625;513;202;0;
5517;2021.07.01 22:45;4;20,1875;20,0625;19,625;512;202;0;
5518;2021.07.01 23:00;4;20,125;20;19,5;512;202;0;
5519;2021.07.01 23:15;4;20;19,875;19,4375;512;202;0;
5520;2021.07.01 23:30;4;19,875;19,8125;19,375;511;202;0;
5521;2021.07.01 23:45;4;19,8125;19,75;19,3125;511;202;0;
5522;2021.07.02 00:00;4;19,6875;19,625;19,25;510;202;0;
5523;2021.07.02 00:15;4;19,5625;19,5;19,1875;510;202;0;
5524;2021.07.02 00:30;4;19,5;19,4375;19,125;509;202;0;
5525;2021.07.02 00:45;4;19,375;19,375;19,0625;509;202;0;
5526;2021.07.02 01:00;4;19,25;19,25;19;509;202;0;
5527;2021.07.02 01:15;4;19,125;19,125;18,875;508;202;0;
5528;2021.07.02 01:30;4;19;19,0625;18,875;508;202;0;
5529;2021.07.02 01:45;4;18,875;19;18,75;507;202;0;
5530;2021.07.02 02:00;4;18,8125;18,875;18,6875;507;202;0;
5531;2021.07.02 02:15;4;18,75;18,75;18,625;507;202;0;
5532;2021.07.02 02:30;4;18,625;18,625;18,5625;506;202;0;
5533;2021.07.02 02:45;4;18,5;18,5625;18,5;506;202;0;
5534;2021.07.02 03:00;4;18,375;18,5;18,4375;505;202;0;
5535;2021.07.02 03:15;4;18,3125;18,375;18,375;505;202;0;
5536;2021.07.02 03:30;4;18,1875;18,25;18,25;505;202;0;
5537;2021.07.02 03:45;4;18,0625;18,125;18,25;504;202;0;
5538;2021.07.02 04:00;4;18;18,125;18,125;504;202;0;
5539;2021.07.02 04:15;4;17,875;18;18,0625;503;202;0;
5540;2021.07.02 04:30;4;17,75;17,875;18;503;202;0;
5541;2021.07.02 04:45;4;17,6875;17,8125;18;503;202;0;
5542;2021.07.02 05:00;4;17,625;17,75;17,625;502;202;0;
5543;2021.07.02 05:15;4;17,1875;17,5;16,625;501;202;0;
5544;2021.07.02 05:30;4;16,875;17,125;16,6875;498;202;0;
5545;2021.07.02 05:45;4;16,625;16,8125;17;497;202;0;
5546;2021.07.02 06:00;4;16,375;16,625;17,375;495;202;0;
5547;2021.07.02 06:15;4;16,25;16,5;17,5;494;202;0;
5548;2021.07.02 06:30;4;16,1875;16,4375;17,5;492;202;0;
5549;2021.07.02 06:45;4;16,1875;16,375;17,125;493;202;0;
5550;2021.07.02 07:00;4;16,125;16,375;17,0625;493;202;0;
5551;2021.07.02 07:15;4;15,625;16,125;17;490;202;0;
5552;2021.07.02 07:30;4;15,125;15,625;15,125;489;202;0;
5553;2021.07.02 07:45;4;15;15,375;15;487;202;0;
5554;2021.07.02 08:00;4;15,125;15,3125;15,375;487;202;0;
5555;2021.07.02 08:15;4;15,375;15,375;15,75;488;202;0;
5556;2021.07.02 08:30;4;15,625;15,5;16,125;489;202;0;
5557;2021.07.02 08:45;4;15,875;15,75;16,4375;491;202;0;
5558;2021.07.02 09:00;4;16,125;15,9375;16,75;492;202;0;
5559;2021.07.02 09:15;4;16,5;16,1875;17;494;202;0;
5560;2021.07.02 09:30;4;16,75;16,5;17,375;495;202;0;
5561;2021.07.02 09:45;4;17,125;16,75;17,75;497;202;0;
5562;2021.07.02 10:00;4;17,5;17,125;18,125;499;202;0;
5563;2021.07.02 10:15;4;17,75;17,375;18,375;501;202;0;
5564;2021.07.02 10:30;4;18,0625;17,6875;18,625;502;202;0;
5565;2021.07.02 10:45;4;18,3125;17,9375;18,75;503;202;0;
5566;2021.07.02 11:00;4;18,5;18,125;18,875;504;202;0;
5567;2021.07.02 11:15;4;18,75;18,375;19;505;202;0;
5568;2021.07.02 11:30;4;18,875;18,5625;19,125;506;202;0;
5569;2021.07.02 11:45;4;19,125;18,75;19,375;507;202;0;
5570;2021.07.02 12:00;4;19,25;18,9375;19,5625;508;202;0;
5571;2021.07.02 12:15;4;19,5;19,125;19,75;509;202;0;
5572;2021.07.02 12:30;4;19,625;19,3125;19,875;509;202;0;
5573;2021.07.02 12:45;4;19,75;19,5;20;510;202;0;
5574;2021.07.02 13:00;4;19,875;19,625;20,0625;510;202;0;
5575;2021.07.02 13:15;4;20;19,75;20,125;510;202;0;
5576;2021.07.02 13:30;4;20,0625;19,8125;20,1875;511;202;0;
5577;2021.07.02 13:45;4;20,125;19,875;20,25;511;202;0;
5578;2021.07.02 14:00;4;20,1875;20;20,3125;511;202;0;
5579;2021.07.02 14:15;4;20,25;20,0625;20,375;511;202;0;
5580;2021.07.02 14:30;4;20,25;20,125;20,375;510;202;0;
5581;2021.07.02 14:45;4;20,3125;20,1875;20,375;510;202;0;
5582;2021.07.02 15:00;4;20,3125;20,1875;20,375;510;202;0;
5583;2021.07.02 15:15;4;20,25;20,1875;20,25;509;202;0;
5584;2021.07.02 15:30;4;20,125;20,125;20;506;202;0;
5585;2021.07.02 15:45;4;19,5;19,875;19,0625;503;202;0;
5586;2021.07.02 16:00;4;19,125;19,4375;18,625;500;202;0;
5587;2021.07.02 16:15;4;18,8125;19,125;18,375;498;202;0;
5588;2021.07.02 16:30;4;18,5;18,8125;18,125;496;202;0;
5589;2021.07.02 16:45;4;18,25;18,5625;17,875;493;202;0;
5590;2021.07.02 17:00;4;18;18,3125;17,75;491;202;0;
5591;2021.07.02 17:15;4;18;18,125;17,8125;491;202;0;
5592;2021.07.02 17:30;4;18,125;18,125;18;491;202;0;
5593;2021.07.02 17:45;4;18,25;18,1875;18,125;491;202;0;
5594;2021.07.02 18:00;4;18,8125;18,4375;19;493;202;0;
5595;2021.07.02 18:15;4;19,1875;18,75;19,375;495;202;0;
5596;2021.07.02 18:30;4;19,875;19,1875;20,25;498;202;0;
5597;2021.07.02 18:45;4;20,4375;19,6875;20,9375;501;202;0;
5598;2021.07.02 19:00;4;20,625;20;21,125;503;202;0;
5599;2021.07.02 19:15;4;20,6875;20,1875;21,125;504;202;0;
5600;2021.07.02 19:30;4;20,625;20,25;20,875;505;202;0;
5601;2021.07.02 19:45;4;20,5;20,25;20,625;506;202;0;
5602;2021.07.02 20:00;4;20,4375;20,25;20,5;506;202;0;
5603;2021.07.02 20:15;4;20,625;20,3125;20,625;507;202;0;
5604;2021.07.02 20:30;4;20,8125;20,5;20,8125;509;202;0;
5605;2021.07.02 20:45;4;21;20,625;21;511;202;0;
5606;2021.07.02 21:00;4;21,125;20,8125;21,125;512;202;0;
5607;2021.07.02 21:15;4;21,25;20,9375;21,1875;513;202;0;
5608;2021.07.02 21:30;4;21,3125;21;21,25;514;202;0;
5609;2021.07.02 21:45;4;21,375;21,125;21,25;515;202;0;
5610;2021.07.02 22:00;4;21,4375;21,25;21,3125;516;202;0;
5611;2021.07.02 22:15;4;21,5;21,25;21,375;516;202;0;
5612;2021.07.02 22:30;4;21,5;21,3125;21,375;517;202;0;
5613;2021.07.02 22:45;4;21,5;21,375;21,375;517;202;0;
5614;2021.07.02 23:00;4;21,5;21,375;21,375;517;202;0;
5615;2021.07.02 23:15;4;21,5;21,375;21,375;518;202;0;
5616;2021.07.02 23:30;4;21,5;21,375;21,3125;518;202;0;
5617;2021.07.02 23:45;4;21,5;21,375;21,3125;518;202;0;
5618;2021.07.03 00:00;4;21,5;21,375;21,25;518;202;0;
5619;2021.07.03 00:15;4;21,375;21,375;21,1875;518;202;0;
5620;2021.07.03 00:30;4;21,375;21,3125;21,125;518;202;0;
5621;2021.07.03 00:45;4;21,375;21,25;21,125;518;202;0;
5622;2021.07.03 01:00;4;21,25;21,25;21;518;202;0;
5623;2021.07.03 01:15;4;21,25;21,25;21;518;202;0;
5624;2021.07.03 01:30;4;21,1875;21,1875;20,9375;517;202;0;
5625;2021.07.03 01:45;4;21,125;21,125;20,875;517;202;0;
5626;2021.07.03 02:00;4;21,125;21,125;20,875;517;202;0;
5627;2021.07.03 02:15;4;21,0625;21,0625;20,8125;517;202;0;
5628;2021.07.03 02:30;4;21;21;20,75;517;202;0;
5629;2021.07.03 02:45;4;20,9375;21;20,6875;517;202;0;
5630;2021.07.03 03:00;4;20,875;20,875;20,625;517;202;0;
5631;2021.07.03 03:15;4;20,875;20,875;20,5625;516;202;0;
5632;2021.07.03 03:30;4;20,8125;20,8125;20,5625;516;202;0;
5633;2021.07.03 03:45;4;20,75;20,75;20,5;516;202;0;
5634;2021.07.03 04:00;4;20,75;20,75;20,5;516;202;0;
5635;2021.07.03 04:15;4;20,6875;20,6875;20,375;516;202;0;
5636;2021.07.03 04:30;4;20,625;20,625;20,375;516;202;0;
5637;2021.07.03 04:45;4;20,625;20,625;20,3125;516;202;0;
5638;2021.07.03 05:00;4;20,5;20,5;20,25;515;202;0;
5639;2021.07.03 05:15;4;20,5;20,5;20,1875;515;202;0;
5640;2021.07.03 05:30;4;20,4375;20,4375;20,125;515;202;0;
5641;2021.07.03 05:45;4;20,375;20,375;20,125;515;202;0;
5642;2021.07.03 06:00;4;20,3125;20,375;20,0625;515;202;0;
5643;2021.07.03 06:15;4;20,25;20,25;20;515;202;0;
5644;2021.07.03 06:30;4;20,25;20,25;20;515;202;0;
5645;2021.07.03 06:45;4;20,3125;20,25;20,0625;516;202;0;
5646;2021.07.03 07:00;4;20,375;20,25;20,125;515;202;0;
5647;2021.07.03 07:15;4;20,375;20,25;20,0625;516;202;0;
5648;2021.07.03 07:30;4;20,375;20,25;20;516;202;0;
5649;2021.07.03 07:45;4;20,3125;20,1875;20;516;202;0;
5650;2021.07.03 08:00;4;20,3125;20,1875;20;516;202;0;
5651;2021.07.03 08:15;4;20,25;20,1875;19,9375;516;202;0;
5652;2021.07.03 08:30;4;20,25;20,125;19,9375;516;202;0;
5653;2021.07.03 08:45;4;20,25;20,125;19,9375;517;202;0;
5654;2021.07.03 09:00;4;20,25;20,125;19,9375;517;202;0;
5655;2021.07.03 09:15;4;20,25;20,125;19,9375;517;202;0;
5656;2021.07.03 09:30;4;20,3125;20,125;19,9375;517;202;0;
5657;2021.07.03 09:45;4;20,3125;20,125;19,9375;517;202;0;
5658;2021.07.03 10:00;4;20,375;20,125;19,9375;517;202;0;
5659;2021.07.03 10:15;4;20,375;20,125;19,9375;517;202;0;
5660;2021.07.03 10:30;4;20,375;20,125;19,9375;518;202;0;
5661;2021.07.03 10:45;4;20,375;20,1875;19,9375;518;202;0;
5662;2021.07.03 11:00;4;20,375;20,1875;19,9375;518;202;0;
5663;2021.07.03 11:15;4;20,375;20,1875;19,9375;518;202;0;
5664;2021.07.03 11:30;4;20,375;20,1875;19,9375;518;202;0;
5665;2021.07.03 11:45;4;20,375;20,25;19,875;519;202;0;
5666;2021.07.03 12:00;4;20,375;20,25;19,875;519;202;0;
5667;2021.07.03 12:15;4;20,375;20,25;19,875;519;202;0;
5668;2021.07.03 12:30;4;20,375;20,25;19,875;519;202;0;
5669;2021.07.03 12:45;4;20,375;20,25;19,9375;519;202;0;
5670;2021.07.03 13:00;4;20,375;20,25;19,875;519;202;0;
5671;2021.07.03 13:15;4;20,375;20,25;19,875;519;202;0;
5672;2021.07.03 13:30;4;20,375;20,25;19,875;519;202;0;
5673;2021.07.03 13:45;4;20,375;20,25;19,9375;520;202;0;
5674;2021.07.03 14:00;4;20,375;20,25;19,9375;520;202;0;
5675;2021.07.03 14:15;4;20,4375;20,25;19,9375;520;202;0;
5676;2021.07.03 14:30;4;20,4375;20,25;19,9375;520;202;0;
5677;2021.07.03 14:45;4;20,4375;20,25;19,9375;521;202;0;
5678;2021.07.03 15:00;4;20,4375;20,25;19,9375;521;202;0;
5679;2021.07.03 15:15;4;20,375;20,25;19,875;521;202;0;
5680;2021.07.03 15:30;4;20,375;20,25;19,9375;521;202;0;
5681;2021.07.03 15:45;4;20,375;20,25;19,875;521;202;0;
5682;2021.07.03 16:00;4;20,375;20,1875;19,875;521;202;0;
5683;2021.07.03 16:15;4;20,3125;20,1875;19,875;522;202;0;
5684;2021.07.03 16:30;4;20,3125;20,1875;19,875;522;202;0;
5685;2021.07.03 16:45;4;20,3125;20,1875;19,875;522;202;0;
5686;2021.07.03 17:00;4;20,3125;20,1875;19,875;522;202;0;
5687;2021.07.03 17:15;4;20,3125;20,125;19,875;522;202;0;
5688;2021.07.03 17:30;4;20,25;20,125;19,875;522;202;0;
5689;2021.07.03 17:45;4;20,25;20,125;19,875;523;202;0;
5690;2021.07.03 18:00;4;20,25;20,125;19,875;523;202;0;
5691;2021.07.03 18:15;4;20,25;20,125;19,875;523;202;0;
5692;2021.07.03 18:30;4;20,25;20,125;19,875;523;202;0;
5693;2021.07.03 18:45;4;20,1875;20,125;19,8125;523;202;0;
5694;2021.07.03 19:00;4;20,125;20,0625;19,75;523;202;0;
5695;2021.07.03 19:15;4;20,125;20;19,75;523;202;0;
5696;2021.07.03 19:30;4;20,0625;20;19,6875;523;202;0;
5697;2021.07.03 19:45;4;20;20;19,625;523;202;0;
5698;2021.07.03 20:00;4;19,9375;19,9375;19,625;522;202;0;
5699;2021.07.03 20:15;4;19,875;19,875;19,5625;522;202;0;
5700;2021.07.03 20:30;4;19,875;19,875;19,5;522;202;0;
5701;2021.07.03 20:45;4;19,75;19,8125;19,5;522;202;0;
5702;2021.07.03 21:00;4;19,75;19,75;19,4375;522;202;0;
5703;2021.07.03 21:15;4;19,6875;19,75;19,375;522;202;0;
5704;2021.07.03 21:30;4;19,625;19,625;19,375;521;202;0;
5705;2021.07.03 21:45;4;19,5625;19,625;19,3125;521;202;0;
5706;2021.07.03 22:00;4;19,5;19,5625;19,25;521;202;0;
5707;2021.07.03 22:15;4;19,5;19,5;19,25;521;202;0;
5708;2021.07.03 22:30;4;19,375;19,5;19,1875;521;202;0;
5709;2021.07.03 22:45;4;19,375;19,375;19,125;520;202;0;
5710;2021.07.03 23:00;4;19,3125;19,375;19,125;520;202;0;
5711;2021.07.03 23:15;4;19,25;19,375;19,0625;520;202;0;
5712;2021.07.03 23:30;4;19,25;19,25;19,0625;520;202;0;
5713;2021.07.03 23:45;4;19,1875;19,25;19;520;202;0;
5714;2021.07.04 00:00;4;19,125;19,25;19;520;202;0;
5715;2021.07.04 00:15;4;19,125;19,125;19;519;202;0;
5716;2021.07.04 00:30;4;19,125;19,125;18,9375;519;202;0;
5717;2021.07.04 00:45;4;19;19,125;18,875;519;202;0;
5718;2021.07.04 01:00;4;19;19,0625;18,875;519;202;0;
5719;2021.07.04 01:15;4;19;19;18,875;519;202;0;
5720;2021.07.04 01:30;4;18,9375;19;18,8125;519;202;0;
5721;2021.07.04 01:45;4;18,875;18,9375;18,75;519;202;0;
5722;2021.07.04 02:00;4;18,875;18,875;18,75;519;202;0;
5723;2021.07.04 02:15;4;18,875;18,875;18,75;519;202;0;
5724;2021.07.04 02:30;4;18,8125;18,875;18,75;519;202;0;
5725;2021.07.04 02:45;4;18,75;18,875;18,6875;519;202;0;
5726;2021.07.04 03:00;4;18,75;18,8125;18,6875;519;202;0;
5727;2021.07.04 03:15;4;18,75;18,75;18,625;518;202;0;
5728;2021.07.04 03:30;4;18,6875;18,75;18,625;518;202;0;
5729;2021.07.04 03:45;4;18,625;18,75;18,625;518;202;0;
5730;2021.07.04 04:00;4;18,625;18,6875;18,5625;518;202;0;
5731;2021.07.04 04:15;4;18,625;18,625;18,5625;518;202;0;
5732;2021.07.04 04:30;4;18,625;18,625;18,5;518;202;0;
5733;2021.07.04 04:45;4;18,5625;18,625;18,5;518;202;0;
5734;2021.07.04 05:00;4;18,5625;18,625;18,5;518;202;0;
5735;2021.07.04 05:15;4;18,5625;18,625;18,5;518;202;0;
5736;2021.07.04 05:30;4;18,5;18,5625;18,5;518;202;0;
5737;2021.07.04 05:45;4;18,5;18,5625;18,5;518;202;0;
5738;2021.07.04 06:00;4;18,5;18,5;18,5;519;202;0;
5739;2021.07.04 06:15;4;18,5625;18,5;18,5;519;202;0;
5740;2021.07.04 06:30;4;18,5625;18,5;18,5;519;202;0;
5741;2021.07.04 06:45;4;18,5625;18,5;18,5;519;202;0;
5742;2021.07.04 07:00;4;18,625;18,5;18,5;519;202;0;
5743;2021.07.04 07:15;4;18,625;18,5;18,5;520;202;0;
5744;2021.07.04 07:30;4;18,625;18,5625;18,5;520;202;0;
5745;2021.07.04 07:45;4;18,625;18,5625;18,5;520;202;0;
5746;2021.07.04 08:00;4;18,625;18,5625;18,5;520;202;0;
5747;2021.07.04 08:15;4;18,625;18,5625;18,5;520;202;0;
5748;2021.07.04 08:30;4;18,625;18,625;18,5;520;202;0;
5749;2021.07.04 08:45;4;18,625;18,625;18,5;520;202;0;
5750;2021.07.04 09:00;4;18,625;18,625;18,5;520;202;0;
5751;2021.07.04 09:15;4;18,625;18,625;18,5;521;202;0;
5752;2021.07.04 09:30;4;18,6875;18,625;18,5;521;202;0;
5753;2021.07.04 09:45;4;18,75;18,625;18,5;521;202;0;
5754;2021.07.04 10:00;4;18,75;18,625;18,5;521;202;0;
5755;2021.07.04 10:15;4;18,75;18,625;18,5625;521;202;0;
5756;2021.07.04 10:30;4;18,75;18,625;18,5625;522;202;0;
5757;2021.07.04 10:45;4;18,75;18,6875;18,5;522;202;0;
5758;2021.07.04 11:00;4;18,75;18,6875;18,5625;522;202;0;
5759;2021.07.04 11:15;4;18,75;18,6875;18,5;522;202;0;
5760;2021.07.04 11:30;4;18,75;18,6875;18,5625;522;202;0;
5761;2021.07.04 11:45;4;18,75;18,6875;18,5;522;202;0;
5762;2021.07.04 12:00;4;18,75;18,6875;18,5;522;202;0;
5763;2021.07.04 12:15;4;18,75;18,75;18,5;522;202;0;
5764;2021.07.04 12:30;4;18,75;18,75;18,5;522;202;0;
5765;2021.07.04 12:45;4;18,8125;18,75;18,5625;522;202;0;
5766;2021.07.04 13:00;4;18,875;18,75;18,5;522;202;0;
5767;2021.07.04 13:15;4;18,875;18,75;18,5625;522;202;0;
5768;2021.07.04 13:30;4;18,875;18,75;18,5625;523;202;0;
5769;2021.07.04 13:45;4;18,875;18,75;18,5625;523;202;0;
5770;2021.07.04 14:00;4;18,875;18,75;18,5625;523;202;0;
5771;2021.07.04 14:15;4;18,875;18,75;18,5625;523;202;0;
5772;2021.07.04 14:30;4;18,875;18,75;18,625;523;202;0;
5773;2021.07.04 14:45;4;18,875;18,75;18,625;523;202;0;
5774;2021.07.04 15:00;4;18,875;18,75;18,625;523;202;0;
5775;2021.07.04 15:15;4;18,875;18,75;18,625;523;202;0;
5776;2021.07.04 15:30;4;18,875;18,75;18,625;523;202;0;
5777;2021.07.04 15:45;4;18,9375;18,8125;18,625;523;202;0;
5778;2021.07.04 16:00;4;18,9375;18,8125;18,625;523;202;0;
5779;2021.07.04 16:15;4;18,9375;18,8125;18,625;524;202;0;
5780;2021.07.04 16:30;4;19;18,8125;18,625;524;202;0;
5781;2021.07.04 16:45;4;19;18,875;18,625;524;202;0;
5782;2021.07.04 17:00;4;19;18,875;18,625;524;202;0;
5783;2021.07.04 17:15;4;19;18,875;18,625;524;202;0;
5784;2021.07.04 17:30;4;19;18,875;18,625;524;202;0;
5785;2021.07.04 17:45;4;19;18,875;18,625;524;202;0;
5786;2021.07.04 18:00;4;19,0625;18,875;18,6875;525;202;0;
5787;2021.07.04 18:15;4;19,125;18,875;18,6875;525;202;0;
5788;2021.07.04 18:30;4;19,125;18,9375;18,6875;525;202;0;
5789;2021.07.04 18:45;4;19,125;18,9375;18,6875;525;202;0;
5790;2021.07.04 19:00;4;19,125;18,9375;18,6875;525;202;0;
5791;2021.07.04 19:15;4;19,125;19;18,6875;526;202;0;
5792;2021.07.04 19:30;4;19,125;19;18,6875;526;202;0;
5793;2021.07.04 19:45;4;19,125;19;18,6875;525;202;0;
5794;2021.07.04 20:00;4;19;18,9375;18,625;525;202;0;
5795;2021.07.04 20:15;4;19;18,875;18,625;525;202;0;
5796;2021.07.04 20:30;4;18,875;18,875;18,5;525;202;0;
5797;2021.07.04 20:45;4;18,8125;18,875;18,5;525;202;0;
5798;2021.07.04 21:00;4;18,75;18,75;18,4375;524;202;0;
5799;2021.07.04 21:15;4;18,6875;18,75;18,375;524;202;0;
5800;2021.07.04 21:30;4;18,625;18,6875;18,3125;524;202;0;
5801;2021.07.04 21:45;4;18,5625;18,625;18,3125;524;202;0;
5802;2021.07.04 22:00;4;18,5;18,625;18,25;523;202;0;
5803;2021.07.04 22:15;4;18,5;18,5;18,25;523;202;0;
5804;2021.07.04 22:30;4;18,4375;18,5;18,25;523;202;0;
5805;2021.07.04 22:45;4;18,375;18,4375;18,25;523;202;0;
5806;2021.07.04 23:00;4;18,375;18,375;18,125;522;202;0;
5807;2021.07.04 23:15;4;18,3125;18,375;18,125;522;202;0;
5808;2021.07.04 23:30;4;18,25;18,3125;18,125;522;202;0;
5809;2021.07.04 23:45;4;18,1875;18,25;18,0625;521;202;0;
5810;2021.07.05 00:00;4;18,125;18,25;18;521;202;0;
5811;2021.07.05 00:15;4;18,125;18,1875;18;521;202;0;
5812;2021.07.05 00:30;4;18,0625;18,125;18;521;202;0;
5813;2021.07.05 00:45;4;18;18,125;17,9375;520;202;0;
5814;2021.07.05 01:00;4;18;18,0625;17,875;520;202;0;
5815;2021.07.05 01:15;4;17,9375;18;17,875;520;202;0;
5816;2021.07.05 01:30;4;17,875;18;17,8125;520;202;0;
5817;2021.07.05 01:45;4;17,875;17,9375;17,75;519;202;0;
5818;2021.07.05 02:00;4;17,75;17,875;17,75;519;202;0;
5819;2021.07.05 02:15;4;17,75;17,875;17,75;519;202;0;
5820;2021.07.05 02:30;4;17,75;17,8125;17,6875;519;202;0;
5821;2021.07.05 02:45;4;17,6875;17,75;17,625;518;202;0;
5822;2021.07.05 03:00;4;17,625;17,75;17,625;518;202;0;
5823;2021.07.05 03:15;4;17,625;17,6875;17,625;518;202;0;
5824;2021.07.05 03:30;4;17,625;17,6875;17,625;518;202;0;
5825;2021.07.05 03:45;4;17,625;17,625;17,625;518;202;0;
5826;2021.07.05 04:00;4;17,5625;17,625;17,5625;518;202;0;
5827;2021.07.05 04:15;4;17,5625;17,625;17,5625;518;202;0;
5828;2021.07.05 04:30;4;17,5;17,625;17,5625;518;202;0;
5829;2021.07.05 04:45;4;17,5;17,5625;17,5;518;202;0;
5830;2021.07.05 05:00;4;17,5;17,5;17,5;518;202;0;
5831;2021.07.05 05:15;4;17,5;17,5;17,5;518;202;0;
5832;2021.07.05 05:30;4;17,5;17,5;17,5;518;202;0;
5833;2021.07.05 05:45;4;17,5;17,5;17,5;518;202;0;
5834;2021.07.05 06:00;4;17,5;17,5;17,5;518;202;0;
5835;2021.07.05 06:15;4;17,5;17,5;17,5;518;202;0;
5836;2021.07.05 06:30;4;17,5;17,5;17,5;518;202;0;
5837;2021.07.05 06:45;4;17,5;17,5;17,5;518;202;0;
5838;2021.07.05 07:00;4;17,5625;17,5;17,5;518;202;0;
5839;2021.07.05 07:15;4;17,5625;17,5;17,5;519;202;0;
5840;2021.07.05 07:30;4;17,625;17,5;17,5;519;202;0;
5841;2021.07.05 07:45;4;17,625;17,5;17,5625;519;202;0;
5842;2021.07.05 08:00;4;17,625;17,5625;17,5625;519;202;0;
5843;2021.07.05 08:15;4;17,625;17,5625;17,5625;519;202;0;
5844;2021.07.05 08:30;4;17,625;17,625;17,5625;519;202;0;
5845;2021.07.05 08:45;4;17,6875;17,625;17,5625;519;202;0;
5846;2021.07.05 09:00;4;17,6875;17,625;17,5625;520;202;0;
5847;2021.07.05 09:15;4;17,75;17,625;17,5625;520;202;0;
5848;2021.07.05 09:30;4;17,75;17,625;17,625;520;202;0;
5849;2021.07.05 09:45;4;17,8125;17,625;17,625;520;202;0;
5850;2021.07.05 10:00;4;17,875;17,75;17,625;521;202;0;
5851;2021.07.05 10:15;4;17,875;17,75;17,625;521;202;0;
5852;2021.07.05 10:30;4;18;17,75;17,6875;521;202;0;
5853;2021.07.05 10:45;4;18;17,875;17,75;522;202;0;
5854;2021.07.05 11:00;4;18,125;17,875;17,75;522;202;0;
5855;2021.07.05 11:15;4;18,125;17,9375;17,875;523;202;0;
5856;2021.07.05 11:30;4;18,25;18;17,875;523;202;0;
5857;2021.07.05 11:45;4;18,3125;18,0625;17,9375;523;202;0;
5858;2021.07.05 12:00;4;18,375;18,125;18;524;202;0;
5859;2021.07.05 12:15;4;18,5;18,1875;18,0625;524;202;0;
5860;2021.07.05 12:30;4;18,5625;18,25;18,125;525;202;0;
5861;2021.07.05 12:45;4;18,625;18,375;18,1875;525;202;0;
5862;2021.07.05 13:00;4;18,75;18,375;18,25;526;202;0;
5863;2021.07.05 13:15;4;18,875;18,5;18,3125;527;202;0;
5864;2021.07.05 13:30;4;19,0625;18,625;18,375;528;202;0;
5865;2021.07.05 13:45;4;19,1875;18,6875;18,4375;529;202;0;
5866;2021.07.05 14:00;4;19,25;18,75;18,5;529;202;0;
5867;2021.07.05 14:15;4;19,375;18,875;18,5625;530;202;0;
5868;2021.07.05 14:30;4;19,5;19;18,625;530;202;0;
5869;2021.07.05 14:45;4;19,5625;19;18,6875;531;202;0;
5870;2021.07.05 15:00;4;19,625;19,125;18,75;531;202;0;
5871;2021.07.05 15:15;4;19,75;19,1875;18,8125;532;202;0;
5872;2021.07.05 15:30;4;19,8125;19,25;18,875;532;202;0;
5873;2021.07.05 15:45;4;19,875;19,375;18,875;533;202;0;
5874;2021.07.05 16:00;4;20;19,375;19;533;202;0;
5875;2021.07.05 16:15;4;20,0625;19,5;19;534;202;0;
5876;2021.07.05 16:30;4;20,125;19,5625;19,125;534;202;0;
5877;2021.07.05 16:45;4;20,25;19,625;19,25;535;202;0;
5878;2021.07.05 17:00;4;20,25;19,6875;19,25;535;202;0;
5879;2021.07.05 17:15;4;20,3125;19,75;19,3125;535;202;0;
5880;2021.07.05 17:30;4;20,375;19,8125;19,375;535;202;0;
5881;2021.07.05 17:45;4;20,375;19,875;19,375;535;202;0;
5882;2021.07.05 18:00;4;20,375;19,875;19,375;536;202;0;
5883;2021.07.05 18:15;4;20,4375;19,9375;19,4375;536;202;0;
5884;2021.07.05 18:30;4;20,5;20;19,5;536;202;0;
5885;2021.07.05 18:45;4;20,5;20;19,5;536;202;0;
5886;2021.07.05 19:00;4;20,5;20;19,5;536;202;0;
5887;2021.07.05 19:15;4;20,5;20;19,5;536;202;0;
5888;2021.07.05 19:30;4;20,4375;20;19,5;536;202;0;
5889;2021.07.05 19:45;4;20,375;20;19,5;536;202;0;
5890;2021.07.05 20:00;4;20,375;20;19,5;536;202;0;
5891;2021.07.05 20:15;4;20,375;20;19,5;536;202;0;
5892;2021.07.05 20:30;4;20,375;20;19,4375;536;202;0;
5893;2021.07.05 20:45;4;20,375;20;19,4375;536;202;0;
5894;2021.07.05 21:00;4;20,375;20;19,4375;536;202;0;
5895;2021.07.05 21:15;4;20,3125;20;19,4375;536;202;0;
5896;2021.07.05 21:30;4;20,25;20;19,375;536;202;0;
5897;2021.07.05 21:45;4;20,25;19,9375;19,375;536;202;0;
5898;2021.07.05 22:00;4;20,1875;19,875;19,375;536;202;0;
5899;2021.07.05 22:15;4;20,125;19,875;19,375;536;202;0;
5900;2021.07.05 22:30;4;20,125;19,875;19,375;535;202;0;
5901;2021.07.05 22:45;4;20,125;19,875;19,375;535;202;0;
5902;2021.07.05 23:00;4;20,0625;19,8125;19,375;535;202;0;
5903;2021.07.05 23:15;4;20;19,75;19,3125;535;202;0;
5904;2021.07.05 23:30;4;20;19,75;19,25;535;202;0;
5905;2021.07.05 23:45;4;19,9375;19,75;19,25;535;202;0;
5906;2021.07.06 00:00;4;19,875;19,75;19,25;535;202;0;
5907;2021.07.06 00:15;4;19,875;19,6875;19,25;534;202;0;
5908;2021.07.06 00:30;4;19,75;19,625;19,1875;534;202;0;
5909;2021.07.06 00:45;4;19,75;19,625;19,1875;534;202;0;
5910;2021.07.06 01:00;4;19,6875;19,5625;19,125;534;202;0;
5911;2021.07.06 01:15;4;19,625;19,5;19,125;534;202;0;
5912;2021.07.06 01:30;4;19,625;19,5;19,125;534;202;0;
5913;2021.07.06 01:45;4;19,5625;19,5;19,0625;533;202;0;
5914;2021.07.06 02:00;4;19,5;19,4375;19;533;202;0;
5915;2021.07.06 02:15;4;19,5;19,375;19;533;202;0;
5916;2021.07.06 02:30;4;19,4375;19,375;19;533;202;0;
5917;2021.07.06 02:45;4;19,375;19,375;19;533;202;0;
5918;2021.07.06 03:00;4;19,375;19,3125;19;533;202;0;
5919;2021.07.06 03:15;4;19,375;19,25;19;533;202;0;
5920;2021.07.06 03:30;4;19,3125;19,25;18,9375;533;202;0;
5921;2021.07.06 03:45;4;19,25;19,25;18,875;532;202;0;
5922;2021.07.06 04:00;4;19,25;19,1875;18,875;532;202;0;
5923;2021.07.06 04:15;4;19,1875;19,125;18,875;532;202;0;
5924;2021.07.06 04:30;4;19,1875;19,125;18,875;532;202;0;
5925;2021.07.06 04:45;4;19,125;19,125;18,875;532;202;0;
5926;2021.07.06 05:00;4;19,125;19,125;18,875;532;202;0;
5927;2021.07.06 05:15;4;19,125;19,0625;18,875;532;202;0;
5928;2021.07.06 05:30;4;19,125;19,0625;18,875;532;202;0;
5929;2021.07.06 05:45;4;19,1875;19,0625;18,875;533;202;0;
5930;2021.07.06 06:00;4;19,1875;19,0625;18,875;533;202;0;
5931;2021.07.06 06:15;4;19,1875;19,0625;18,875;533;202;0;
5932;2021.07.06 06:30;4;19,25;19,0625;18,875;533;202;0;
5933;2021.07.06 06:45;4;19,25;19,0625;18,875;533;202;0;
5934;2021.07.06 07:00;4;19,25;19,125;18,875;533;202;0;
5935;2021.07.06 07:15;4;19,25;19,125;18,875;533;202;0;
5936;2021.07.06 07:30;4;19,3125;19,125;18,875;534;202;0;
5937;2021.07.06 07:45;4;19,375;19,125;18,9375;534;202;0;
5938;2021.07.06 08:00;4;19,375;19,125;18,9375;534;202;0;
5939;2021.07.06 08:15;4;19,4375;19,1875;19;535;202;0;
5940;2021.07.06 08:30;4;19,5;19,25;19;535;202;0;
5941;2021.07.06 08:45;4;19,5;19,25;19;535;202;0;
5942;2021.07.06 09:00;4;19,625;19,25;19;536;202;0;
5943;2021.07.06 09:15;4;19,6875;19,375;19,125;536;202;0;
5944;2021.07.06 09:30;4;19,75;19,375;19,125;536;202;0;
5945;2021.07.06 09:45;4;19,8125;19,4375;19,125;537;202;0;
5946;2021.07.06 10:00;4;19,875;19,5;19,25;537;202;0;
5947;2021.07.06 10:15;4;20;19,5;19,25;538;202;0;
5948;2021.07.06 10:30;4;20;19,625;19,3125;538;202;0;
5949;2021.07.06 10:45;4;20,125;19,625;19,375;538;202;0;
5950;2021.07.06 11:00;4;20,1875;19,75;19,375;539;202;0;
5951;2021.07.06 11:15;4;20,25;19,75;19,5;539;202;0;
5952;2021.07.06 11:30;4;20,375;19,875;19,5;540;202;0;
5953;2021.07.06 11:45;4;20,4375;19,9375;19,5625;540;202;0;
5954;2021.07.06 12:00;4;20,5;20;19,625;541;202;0;
5955;2021.07.06 12:15;4;20,625;20,0625;19,75;541;202;0;
5956;2021.07.06 12:30;4;20,6875;20,125;19,75;542;202;0;
5957;2021.07.06 12:45;4;20,75;20,25;19,875;542;202;0;
5958;2021.07.06 13:00;4;20,875;20,25;19,875;543;202;0;
5959;2021.07.06 13:15;4;20,875;20,375;20;543;202;0;
5960;2021.07.06 13:30;4;21;20,4375;20;544;202;0;
5961;2021.07.06 13:45;4;21,0625;20,5;20,125;544;202;0;
5962;2021.07.06 14:00;4;21,125;20,5625;20,125;544;202;0;
5963;2021.07.06 14:15;4;21,125;20,625;20,1875;545;202;0;
5964;2021.07.06 14:30;4;21,25;20,625;20,25;545;202;0;
5965;2021.07.06 14:45;4;21,3125;20,75;20,25;546;202;0;
5966;2021.07.06 15:00;4;21,375;20,75;20,3125;546;202;0;
5967;2021.07.06 15:15;4;21,375;20,875;20,375;546;202;0;
5968;2021.07.06 15:30;4;21,375;20,875;20,375;546;202;0;
5969;2021.07.06 15:45;4;21,4375;20,875;20,375;546;202;0;
5970;2021.07.06 16:00;4;21,4375;20,9375;20,375;546;202;0;
5971;2021.07.06 16:15;4;21,375;21;20,4375;546;202;0;
5972;2021.07.06 16:30;4;21,375;21;20,4375;546;202;0;
5973;2021.07.06 16:45;4;21,4375;21;20,4375;546;202;0;
5974;2021.07.06 17:00;4;21,375;21;20,5;546;202;0;
5975;2021.07.06 17:15;4;21,375;21;20,5;546;202;0;
5976;2021.07.06 17:30;4;21,375;21;20,4375;546;202;0;
5977;2021.07.06 17:45;4;21,25;21;20,375;545;202;0;
5978;2021.07.06 18:00;4;21,1875;20,9375;20,375;545;202;0;
5979;2021.07.06 18:15;4;21,125;20,875;20,375;545;202;0;
5980;2021.07.06 18:30;4;21;20,875;20,25;545;202;0;
5981;2021.07.06 18:45;4;20,9375;20,75;20,25;544;202;0;
5982;2021.07.06 19:00;4;20,875;20,75;20,25;544;202;0;
5983;2021.07.06 19:15;4;20,75;20,6875;20,1875;543;202;0;
5984;2021.07.06 19:30;4;20,75;20,625;20,125;543;202;0;
5985;2021.07.06 19:45;4;20,625;20,625;20,125;543;202;0;
5986;2021.07.06 20:00;4;20,625;20,5;20,125;543;202;0;
5987;2021.07.06 20:15;4;20,5;20,5;20,0625;542;202;0;
5988;2021.07.06 20:30;4;20,5;20,375;20;542;202;0;
5989;2021.07.06 20:45;4;20,375;20,375;20;542;202;0;
5990;2021.07.06 21:00;4;20,375;20,375;20;542;202;0;
5991;2021.07.06 21:15;4;20,3125;20,25;20;542;202;0;
5992;2021.07.06 21:30;4;20,25;20,25;19,9375;542;202;0;
5993;2021.07.06 21:45;4;20,25;20,25;19,875;541;202;0;
5994;2021.07.06 22:00;4;20,125;20,1875;19,875;541;202;0;
5995;2021.07.06 22:15;4;20,125;20,125;19,875;541;202;0;
5996;2021.07.06 22:30;4;20;20,125;19,8125;541;202;0;
5997;2021.07.06 22:45;4;20;20;19,75;540;202;0;
5998;2021.07.06 23:00;4;19,9375;20;19,75;540;202;0;
5999;2021.07.06 23:15;4;19,875;20;19,75;540;202;0;
6000;2021.07.06 23:30;4;19,875;19,875;19,75;540;202;0;
6001;2021.07.06 23:45;4;19,75;19,875;19,625;540;202;0;
6002;2021.07.07 00:00;4;19,75;19,875;19,625;540;202;0;
6003;2021.07.07 00:15;4;19,6875;19,75;19,625;539;202;0;
6004;2021.07.07 00:30;4;19,625;19,75;19,625;539;202;0;
6005;2021.07.07 00:45;4;19,625;19,75;19,5625;539;202;0;
6006;2021.07.07 01:00;4;19,5625;19,6875;19,5;539;202;0;
6007;2021.07.07 01:15;4;19,5;19,625;19,5;539;202;0;
6008;2021.07.07 01:30;4;19,5;19,625;19,5;539;202;0;
6009;2021.07.07 01:45;4;19,5;19,5625;19,5;538;202;0;
6010;2021.07.07 02:00;4;19,4375;19,5;19,4375;538;202;0;
6011;2021.07.07 02:15;4;19,375;19,5;19,375;538;202;0;
6012;2021.07.07 02:30;4;19,375;19,5;19,375;538;202;0;
6013;2021.07.07 02:45;4;19,375;19,4375;19,375;538;202;0;
6014;2021.07.07 03:00;4;19,3125;19,4375;19,375;538;202;0;
6015;2021.07.07 03:15;4;19,25;19,375;19,375;538;202;0;
6016;2021.07.07 03:30;4;19,25;19,375;19,3125;538;202;0;
6017;2021.07.07 03:45;4;19,25;19,375;19,25;538;202;0;
6018;2021.07.07 04:00;4;19,25;19,3125;19,25;538;202;0;
6019;2021.07.07 04:15;4;19,1875;19,25;19,25;538;202;0;
6020;2021.07.07 04:30;4;19,125;19,25;19,25;538;202;0;
6021;2021.07.07 04:45;4;19,125;19,25;19,25;538;202;0;
6022;2021.07.07 05:00;4;19,125;19,25;19,25;538;202;0;
6023;2021.07.07 05:15;4;19,125;19,25;19,1875;538;202;0;
6024;2021.07.07 05:30;4;19,125;19,1875;19,1875;538;202;0;
6025;2021.07.07 05:45;4;19,125;19,1875;19,125;538;202;0;
6026;2021.07.07 06:00;4;19,0625;19,125;19,125;538;202;0;
6027;2021.07.07 06:15;4;19,0625;19,125;19,125;538;202;0;
6028;2021.07.07 06:30;4;19,0625;19,125;19,125;538;202;0;
6029;2021.07.07 06:45;4;19,0625;19,125;19,125;538;202;0;
6030;2021.07.07 07:00;4;19,125;19,125;19,125;538;202;0;
6031;2021.07.07 07:15;4;19,125;19,125;19,125;538;202;0;
6032;2021.07.07 07:30;4;19,125;19,125;19,125;538;202;0;
6033;2021.07.07 07:45;4;19,125;19,125;19,125;539;202;0;
6034;2021.07.07 08:00;4;19,125;19,125;19,125;539;202;0;
6035;2021.07.07 08:15;4;19,125;19,125;19,125;539;202;0;
6036;2021.07.07 08:30;4;19,1875;19,125;19,125;539;202;0;
6037;2021.07.07 08:45;4;19,1875;19,125;19,125;539;202;0;
6038;2021.07.07 09:00;4;19,25;19,125;19,125;540;202;0;
6039;2021.07.07 09:15;4;19,25;19,125;19,125;540;202;0;
6040;2021.07.07 09:30;4;19,25;19,1875;19,125;540;202;0;
6041;2021.07.07 09:45;4;19,25;19,1875;19,125;540;202;0;
6042;2021.07.07 10:00;4;19,25;19,1875;19,125;540;202;0;
6043;2021.07.07 10:15;4;19,3125;19,25;19,125;540;202;0;
6044;2021.07.07 10:30;4;19,375;19,25;19,125;540;202;0;
6045;2021.07.07 10:45;4;19,375;19,25;19,125;541;202;0;
6046;2021.07.07 11:00;4;19,375;19,25;19,125;541;202;0;
6047;2021.07.07 11:15;4;19,4375;19,25;19,125;541;202;0;
6048;2021.07.07 11:30;4;19,5;19,25;19,125;541;202;0;
6049;2021.07.07 11:45;4;19,5625;19,3125;19,1875;542;202;0;
6050;2021.07.07 12:00;4;19,625;19,375;19,25;542;202;0;
6051;2021.07.07 12:15;4;19,75;19,375;19,25;542;202;0;
6052;2021.07.07 12:30;4;19,75;19,5;19,25;543;202;0;
6053;2021.07.07 12:45;4;19,875;19,5;19,3125;543;202;0;
6054;2021.07.07 13:00;4;19,875;19,5625;19,375;543;202;0;
6055;2021.07.07 13:15;4;20;19,625;19,375;544;202;0;
6056;2021.07.07 13:30;4;20,0625;19,625;19,4375;544;202;0;
6057;2021.07.07 13:45;4;20,125;19,75;19,5;545;202;0;
6058;2021.07.07 14:00;4;20,1875;19,75;19,5;545;202;0;
6059;2021.07.07 14:15;4;20,25;19,8125;19,5;545;202;0;
6060;2021.07.07 14:30;4;20,25;19,875;19,5;545;202;0;
6061;2021.07.07 14:45;4;20,3125;19,875;19,5625;545;202;0;
6062;2021.07.07 15:00;4;20,375;19,9375;19,625;546;202;0;
6063;2021.07.07 15:15;4;20,375;20;19,625;546;202;0;
6064;2021.07.07 15:30;4;20,375;20;19,625;546;202;0;
6065;2021.07.07 15:45;4;20,4375;20;19,625;546;202;0;
6066;2021.07.07 16:00;4;20,5;20,0625;19,6875;546;202;0;
6067;2021.07.07 16:15;4;20,5;20,125;19,6875;546;202;0;
6068;2021.07.07 16:30;4;20,5;20,125;19,75;546;202;0;
6069;2021.07.07 16:45;4;20,5;20,125;19,75;546;202;0;
6070;2021.07.07 17:00;4;20,5;20,125;19,75;546;202;0;
6071;2021.07.07 17:15;4;20,5;20,125;19,75;546;202;0;
6072;2021.07.07 17:30;4;20,5625;20,1875;19,75;547;202;0;
6073;2021.07.07 17:45;4;20,5625;20,1875;19,8125;547;202;0;
6074;2021.07.07 18:00;4;20,5625;20,25;19,8125;547;202;0;
6075;2021.07.07 18:15;4;20,5625;20,25;19,875;547;202;0;
6076;2021.07.07 18:30;4;20,5625;20,25;19,875;547;202;0;
6077;2021.07.07 18:45;4;20,5625;20,25;19,875;547;202;0;
6078;2021.07.07 19:00;4;20,5625;20,25;19,875;547;202;0;
6079;2021.07.07 19:15;4;20,5;20,25;19,875;547;202;0;
6080;2021.07.07 19:30;4;20,5;20,25;19,875;547;202;0;
6081;2021.07.07 19:45;4;20,5;20,25;19,8125;548;202;0;
6082;2021.07.07 20:00;4;20,5;20,25;19,8125;547;202;0;
6083;2021.07.07 20:15;4;20,4375;20,25;19,75;547;202;0;
6084;2021.07.07 20:30;4;20,375;20,1875;19,75;547;202;0;
6085;2021.07.07 20:45;4;20,375;20,1875;19,75;547;202;0;
6086;2021.07.07 21:00;4;20,3125;20,125;19,75;547;202;0;
6087;2021.07.07 21:15;4;20,25;20,125;19,75;547;202;0;
6088;2021.07.07 21:30;4;20,25;20,125;19,75;547;202;0;
6089;2021.07.07 21:45;4;20,25;20,0625;19,6875;547;202;0;
6090;2021.07.07 22:00;4;20,1875;20,0625;19,6875;547;202;0;
6091;2021.07.07 22:15;4;20,1875;20;19,6875;547;202;0;
6092;2021.07.07 22:30;4;20,125;20;19,625;547;202;0;
6093;2021.07.07 22:45;4;20,125;20;19,625;547;202;0;
6094;2021.07.07 23:00;4;20,125;20;19,625;547;202;0;
6095;2021.07.07 23:15;4;20,0625;20;19,625;547;202;0;
6096;2021.07.07 23:30;4;20;19,9375;19,625;547;202;0;
6097;2021.07.07 23:45;4;20;19,875;19,625;547;202;0;
6098;2021.07.08 00:00;4;20;19,875;19,625;547;202;0;
6099;2021.07.08 00:15;4;19,875;19,875;19,5625;547;202;0;
6100;2021.07.08 00:30;4;19,875;19,875;19,5625;547;202;0;
6101;2021.07.08 00:45;4;19,875;19,8125;19,5;546;202;0;
6102;2021.07.08 01:00;4;19,8125;19,75;19,5;546;202;0;
6103;2021.07.08 01:15;4;19,75;19,75;19,5;546;202;0;
6104;2021.07.08 01:30;4;19,75;19,75;19,5;546;202;0;
6105;2021.07.08 01:45;4;19,75;19,75;19,5;546;202;0;
6106;2021.07.08 02:00;4;19,75;19,6875;19,4375;546;202;0;
6107;2021.07.08 02:15;4;19,6875;19,625;19,4375;546;202;0;
6108;2021.07.08 02:30;4;19,625;19,625;19,375;546;202;0;
6109;2021.07.08 02:45;4;19,625;19,625;19,375;546;202;0;
6110;2021.07.08 03:00;4;19,5;19,5625;19,3125;545;202;0;
6111;2021.07.08 03:15;4;19,5;19,5;19,25;545;202;0;
6112;2021.07.08 03:30;4;19,375;19,5;19,25;545;202;0;
6113;2021.07.08 03:45;4;19,375;19,5;19,25;545;202;0;
6114;2021.07.08 04:00;4;19,3125;19,375;19,125;544;202;0;
6115;2021.07.08 04:15;4;19,25;19,375;19,125;544;202;0;
6116;2021.07.08 04:30;4;19,25;19,3125;19,125;544;202;0;
6117;2021.07.08 04:45;4;19,25;19,25;19,125;544;202;0;
6118;2021.07.08 05:00;4;19,1875;19,25;19,125;544;202;0;
6119;2021.07.08 05:15;4;19,125;19,25;19,0625;544;202;0;
6120;2021.07.08 05:30;4;19,125;19,1875;19,0625;543;202;0;
6121;2021.07.08 05:45;4;19,125;19,125;19,0625;543;202;0;
6122;2021.07.08 06:00;4;19,125;19,125;19,0625;543;202;0;
6123;2021.07.08 06:15;4;19,125;19,125;19;543;202;0;
6124;2021.07.08 06:30;4;19,0625;19,125;19;543;202;0;
6125;2021.07.08 06:45;4;19,0625;19,125;19;543;202;0;
6126;2021.07.08 07:00;4;19;19,0625;19;543;202;0;
6127;2021.07.08 07:15;4;19;19,0625;19;543;202;0;
6128;2021.07.08 07:30;4;19;19,0625;19;543;202;0;
6129;2021.07.08 07:45;4;19;19;19;543;202;0;
6130;2021.07.08 08:00;4;19;19;18,9375;543;202;0;
6131;2021.07.08 08:15;4;19;19;18,9375;543;202;0;
6132;2021.07.08 08:30;4;19;19;18,9375;543;202;0;
6133;2021.07.08 08:45;4;19;19;18,9375;543;202;0;
6134;2021.07.08 09:00;4;19;19;18,875;543;202;0;
6135;2021.07.08 09:15;4;18,9375;19;18,8125;543;202;0;
6136;2021.07.08 09:30;4;18,9375;18,9375;18,75;545;202;0;
6137;2021.07.08 09:45;4;18,9375;18,875;18,6875;545;202;0;
6138;2021.07.08 10:00;4;18,9375;18,875;18,625;545;202;0;
6139;2021.07.08 10:15;4;18,9375;18,875;18,625;544;202;0;
6140;2021.07.08 10:30;4;18,9375;18,875;18,625;544;202;0;
6141;2021.07.08 10:45;4;18,9375;18,875;18,625;544;202;0;
6142;2021.07.08 11:00;4;18,9375;18,875;18,625;544;202;0;
6143;2021.07.08 11:15;4;18,9375;18,875;18,625;544;202;0;
6144;2021.07.08 11:30;4;18,9375;18,875;18,625;544;202;0;
6145;2021.07.08 11:45;4;19;18,875;18,625;544;202;0;
6146;2021.07.08 12:00;4;19,125;18,875;18,625;545;202;0;
6147;2021.07.08 12:15;4;19,1875;18,9375;18,75;545;202;0;
6148;2021.07.08 12:30;4;19,375;19;18,875;546;202;0;
6149;2021.07.08 12:45;4;19,5;19,125;19,1875;547;202;0;
6150;2021.07.08 13:00;4;19,625;19,25;19,5;547;202;0;
6151;2021.07.08 13:15;4;19,625;19,3125;19,875;548;202;0;
6152;2021.07.08 13:30;4;19,625;19,375;20;547;202;0;
6153;2021.07.08 13:45;4;19,625;19,4375;20;547;202;0;
6154;2021.07.08 14:00;4;19,6875;19,5;20,0625;547;202;0;
6155;2021.07.08 14:15;4;19,625;19,5625;20,125;546;202;0;
6156;2021.07.08 14:30;4;19,6875;19,625;20,125;547;202;0;
6157;2021.07.08 14:45;4;19,75;19,625;20,1875;546;202;0;
6158;2021.07.08 15:00;4;19,75;19,75;20,25;546;202;0;
6159;2021.07.08 15:15;4;19,75;19,75;20,375;545;202;0;
6160;2021.07.08 15:30;4;19,75;19,75;20,375;544;202;0;
6161;2021.07.08 15:45;4;19,75;19,75;20,375;545;202;0;
6162;2021.07.08 16:00;4;19,875;19,8125;20,4375;545;202;0;
6163;2021.07.08 16:15;4;19,875;19,875;20,5;544;202;0;
6164;2021.07.08 16:30;4;20;19,875;20,625;544;202;0;
6165;2021.07.08 16:45;4;20;19,9375;20,6875;544;202;0;
6166;2021.07.08 17:00;4;20,125;20;20,75;543;202;0;
6167;2021.07.08 17:15;4;19,875;20;20,6875;538;202;0;
6168;2021.07.08 17:30;4;19,5;19,75;20,375;535;202;0;
6169;2021.07.08 17:45;4;19,25;19,5;20,0625;534;202;0;
6170;2021.07.08 18:00;4;19,125;19,3125;19,75;532;202;0;
6171;2021.07.08 18:15;4;19,0625;19,25;19,625;532;202;0;
6172;2021.07.08 18:30;4;19,125;19,25;19,6875;531;202;0;
6173;2021.07.08 18:45;4;19,25;19,25;19,875;532;202;0;
6174;2021.07.08 19:00;4;19,25;19,25;20;532;202;0;
6175;2021.07.08 19:15;4;19,1875;19,25;20;531;202;0;
6176;2021.07.08 19:30;4;19;19,125;19,875;529;202;0;
6177;2021.07.08 19:45;4;18,625;18,9375;19,5;526;202;0;
6178;2021.07.08 20:00;4;18,25;18,625;19;523;202;0;
6179;2021.07.08 20:15;4;17,875;18,25;18,375;520;202;0;
6180;2021.07.08 20:30;4;17,375;17,875;17,75;516;202;0;
6181;2021.07.08 20:45;4;16,8125;17,375;17,0625;512;202;0;
6182;2021.07.08 21:00;4;16,25;16,875;16,375;509;202;0;
6183;2021.07.08 21:15;4;15,75;16,375;15,75;505;202;0;
6184;2021.07.08 21:30;4;15,25;15,875;15,25;502;202;0;
6185;2021.07.08 21:45;4;14,75;15,375;14,75;498;202;0;
6186;2021.07.08 22:00;4;14,375;14,875;14,25;495;202;0;
6187;2021.07.08 22:15;4;13,875;14,4375;13,8125;492;202;0;
6188;2021.07.08 22:30;4;13,5;14;13,375;490;202;0;
6189;2021.07.08 22:45;4;13,0625;13,625;13;487;202;0;
6190;2021.07.08 23:00;4;12,625;13,1875;12,625;484;202;0;
6191;2021.07.08 23:15;4;12,25;12,8125;12,3125;482;202;0;
6192;2021.07.08 23:30;4;11,875;12,4375;12;480;202;0;
6193;2021.07.08 23:45;4;11,5;12,0625;11,6875;477;202;0;
6194;2021.07.09 00:00;4;11,125;11,6875;11,375;475;202;0;
6195;2021.07.09 00:15;4;10,75;11,3125;11;473;202;0;
6196;2021.07.09 00:30;4;10,375;10,9375;10,75;470;202;0;
6197;2021.07.09 00:45;4;10;10,625;10,375;468;202;0;
6198;2021.07.09 01:00;4;9,75;10,25;10,125;466;202;0;
6199;2021.07.09 01:15;4;9,375;9,9375;9,8125;464;202;0;
6200;2021.07.09 01:30;4;9,125;9,625;9,5;463;202;0;
6201;2021.07.09 01:45;4;8,75;9,3125;9,25;461;202;0;
6202;2021.07.09 02:00;4;8,4375;9;8,9375;459;202;0;
6203;2021.07.09 02:15;4;8,125;8,6875;8,625;457;202;0;
6204;2021.07.09 02:30;4;7,875;8,375;8,375;455;202;0;
6205;2021.07.09 02:45;4;7,5625;8,125;8,125;453;202;0;
6206;2021.07.09 03:00;4;7,3125;7,875;7,875;452;202;0;
6207;2021.07.09 03:15;4;7;7,5625;7,625;450;202;0;
6208;2021.07.09 03:30;4;6,8125;7,3125;7,375;449;202;0;
6209;2021.07.09 03:45;4;6,5625;7,0625;7,1875;448;202;0;
6210;2021.07.09 04:00;4;6,375;6,875;7;446;202;0;
6211;2021.07.09 04:15;4;6,125;6,625;6,8125;445;202;0;
6212;2021.07.09 04:30;4;5,875;6,375;6,625;444;202;0;
6213;2021.07.09 04:45;4;5,75;6,1875;6,5;443;202;0;
6214;2021.07.09 05:00;4;5,6875;6,0625;6,375;442;202;0;
6215;2021.07.09 05:15;4;5,6875;6;6,3125;442;202;0;
6216;2021.07.09 05:30;4;5,75;5,9375;6,25;442;202;0;
6217;2021.07.09 05:45;4;5,75;5,875;6,25;443;202;0;
6218;2021.07.09 06:00;4;5,875;5,875;6,375;446;202;0;
6219;2021.07.09 06:15;4;6,5;6,25;7;447;202;0;
6220;2021.07.09 06:30;4;6,8125;6,5;7,375;449;202;0;
6221;2021.07.09 06:45;4;7;6,75;7,625;450;202;0;
6222;2021.07.09 07:00;4;7,125;6,9375;7,75;451;202;0;
6223;2021.07.09 07:15;4;7,25;7,125;7,875;452;202;0;
6224;2021.07.09 07:30;4;7,375;7,25;8;453;202;0;
6225;2021.07.09 07:45;4;7,625;7,375;8,0625;455;202;0;
6226;2021.07.09 08:00;4;7,875;7,5625;8,1875;456;202;0;
6227;2021.07.09 08:15;4;8,25;7,75;8,3125;459;202;0;
6228;2021.07.09 08:30;4;8,875;8,125;8,5;462;202;0;
6229;2021.07.09 08:45;4;9,75;8,5;8,875;467;202;0;
6230;2021.07.09 09:00;4;10,625;9,125;9,3125;473;202;0;
6231;2021.07.09 09:15;4;11,375;9,75;9,8125;478;202;0;
6232;2021.07.09 09:30;4;12,125;10,375;10,3125;483;202;0;
6233;2021.07.09 09:45;4;12,75;11;10,875;488;202;0;
6234;2021.07.09 10:00;4;13,5;11,625;11,375;493;202;0;
6235;2021.07.09 10:15;4;14,125;12,25;12;498;202;0;
6236;2021.07.09 10:30;4;14,75;12,875;12,5625;502;202;0;
6237;2021.07.09 10:45;4;15,4375;13,5;13,125;507;202;0;
6238;2021.07.09 11:00;4;16,125;14,125;13,75;511;202;0;
6239;2021.07.09 11:15;4;16,8125;14,8125;14,3125;516;202;0;
6240;2021.07.09 11:30;4;17,5;15,5;14,9375;520;202;0;
6241;2021.07.09 11:45;4;18,125;16,125;15,625;525;202;0;
6242;2021.07.09 12:00;4;18,875;16,75;16,25;529;202;0;
6243;2021.07.09 12:15;4;19,5;17,5;16,875;532;202;0;
6244;2021.07.09 12:30;4;20;18,125;17,5;534;202;0;
6245;2021.07.09 12:45;4;19,75;18,5;18;531;202;0;
6246;2021.07.09 13:00;4;19,8125;18,75;18,375;530;202;0;
6247;2021.07.09 13:15;4;20,1875;19;18,8125;532;202;0;
6248;2021.07.09 13:30;4;20,5;19,375;19,5;532;202;0;
6249;2021.07.09 13:45;4;20,875;19,8125;20,125;532;202;0;
6250;2021.07.09 14:00;4;20,875;20,0625;20,5;529;202;0;
6251;2021.07.09 14:15;4;20,75;19,9375;20,1875;523;202;0;
6252;2021.07.09 14:30;4;21,375;20,25;20,875;523;202;0;
6253;2021.07.09 14:45;4;21,875;20,625;21,5;525;202;0;
6254;2021.07.09 15:00;4;21,1875;20,625;21;519;202;0;
6255;2021.07.09 15:15;4;20,4375;20,125;20,125;512;202;0;
6256;2021.07.09 15:30;4;20,5;20;20;510;202;0;
6257;2021.07.09 15:45;4;20,6875;20,25;20,375;511;202;0;
6258;2021.07.09 16:00;4;20,9375;20,375;20,6875;510;202;0;
6259;2021.07.09 16:15;4;21;20,625;21;511;202;0;
6260;2021.07.09 16:30;4;20,4375;20,375;20,125;508;202;0;
6261;2021.07.09 16:45;4;19,9375;20;19,375;506;202;0;
6262;2021.07.09 17:00;4;19,5;19,625;18,75;504;202;0;
6263;2021.07.09 17:15;4;19,0625;19,1875;18,3125;501;202;0;
6264;2021.07.09 17:30;4;18,6875;18,8125;17,9375;499;202;0;
6265;2021.07.09 17:45;4;18,375;18,5;17,625;498;202;0;
6266;2021.07.09 18:00;4;18,0625;18,125;17,375;497;202;0;
6267;2021.07.09 18:15;4;17,8125;17,875;17,125;495;202;0;
6268;2021.07.09 18:30;4;17,5625;17,625;17;494;202;0;
6269;2021.07.09 18:45;4;17,375;17,375;16,75;493;202;0;
6270;2021.07.09 19:00;4;17,125;17,1875;16,625;493;202;0;
6271;2021.07.09 19:15;4;17;17;16,4375;492;202;0;
6272;2021.07.09 19:30;4;16,8125;16,875;16,25;491;202;0;
6273;2021.07.09 19:45;4;16,625;16,625;16,125;491;202;0;
6274;2021.07.09 20:00;4;16,5;16,5;16;490;202;0;
6275;2021.07.09 20:15;4;16,375;16,375;15,875;490;202;0;
6276;2021.07.09 20:30;4;16,25;16,25;15,75;489;202;0;
6277;2021.07.09 20:45;4;16,125;16,125;15,6875;489;202;0;
6278;2021.07.09 21:00;4;16,0625;16;15,625;489;202;0;
6279;2021.07.09 21:15;4;16;15,875;15,5;488;202;0;
6280;2021.07.09 21:30;4;15,875;15,8125;15,375;488;202;0;
6281;2021.07.09 21:45;4;15,8125;15,75;15,375;488;202;0;
6282;2021.07.09 22:00;4;15,75;15,625;15,25;488;202;0;
6283;2021.07.09 22:15;4;15,625;15,5625;15,1875;488;202;0;
6284;2021.07.09 22:30;4;15,625;15,5;15,125;488;202;0;
6285;2021.07.09 22:45;4;15,5;15,375;15,125;487;202;0;
6286;2021.07.09 23:00;4;15,5;15,375;15;487;202;0;
6287;2021.07.09 23:15;4;15,375;15,25;15;487;202;0;
6288;2021.07.09 23:30;4;15,375;15,25;14,9375;487;202;0;
6289;2021.07.09 23:45;4;15,3125;15,1875;14,875;487;202;0;
6290;2021.07.10 00:00;4;15,25;15,125;14,875;487;202;0;
6291;2021.07.10 00:15;4;15,25;15,125;14,75;487;202;0;
6292;2021.07.10 00:30;4;15,1875;15;14,75;487;202;0;
6293;2021.07.10 00:45;4;15,125;15;14,75;487;202;0;
6294;2021.07.10 01:00;4;15,125;15;14,6875;487;202;0;
6295;2021.07.10 01:15;4;15,125;14,875;14,625;487;202;0;
6296;2021.07.10 01:30;4;15,0625;14,875;14,625;487;202;0;
6297;2021.07.10 01:45;4;15;14,875;14,625;487;202;0;
6298;2021.07.10 02:00;4;15;14,8125;14,5625;487;202;0;
6299;2021.07.10 02:15;4;15;14,75;14,5;487;202;0;
6300;2021.07.10 02:30;4;14,9375;14,75;14,5;487;202;0;
6301;2021.07.10 02:45;4;14,875;14,75;14,5;487;202;0;
6302;2021.07.10 03:00;4;14,875;14,75;14,5;487;202;0;
6303;2021.07.10 03:15;4;14,875;14,6875;14,4375;487;202;0;
6304;2021.07.10 03:30;4;14,875;14,625;14,4375;487;202;0;
6305;2021.07.10 03:45;4;14,8125;14,625;14,375;487;202;0;
6306;2021.07.10 04:00;4;14,75;14,625;14,375;487;202;0;
6307;2021.07.10 04:15;4;14,75;14,625;14,375;487;202;0;
6308;2021.07.10 04:30;4;14,75;14,625;14,375;487;202;0;
6309;2021.07.10 04:45;4;14,75;14,5625;14,375;487;202;0;
6310;2021.07.10 05:00;4;14,6875;14,5;14,3125;487;202;0;
6311;2021.07.10 05:15;4;14,6875;14,5;14,3125;487;202;0;
6312;2021.07.10 05:30;4;14,625;14,5;14,25;487;202;0;
6313;2021.07.10 05:45;4;14,625;14,5;14,25;487;202;0;
6314;2021.07.10 06:00;4;14,625;14,5;14,25;487;202;0;
6315;2021.07.10 06:15;4;14,625;14,4375;14,25;487;202;0;
6316;2021.07.10 06:30;4;14,625;14,4375;14,25;487;202;0;
6317;2021.07.10 06:45;4;14,625;14,375;14,25;488;202;0;
6318;2021.07.10 07:00;4;14,625;14,375;14,25;488;202;0;
6319;2021.07.10 07:15;4;14,625;14,375;14,1875;486;202;0;
6320;2021.07.10 07:30;4;14,625;14,4375;14,125;487;202;0;
6321;2021.07.10 07:45;4;14,6875;14,5;14,0625;489;202;0;
6322;2021.07.10 08:00;4;14,625;14,5;14;489;202;0;
6323;2021.07.10 08:15;4;14,625;14,4375;14;489;202;0;
6324;2021.07.10 08:30;4;14,6875;14,4375;14;489;202;0;
6325;2021.07.10 08:45;4;14,75;14,5;14;490;202;0;
6326;2021.07.10 09:00;4;14,75;14,5;14,0625;489;202;0;
6327;2021.07.10 09:15;4;15;14,625;14,125;491;202;0;
6328;2021.07.10 09:30;4;15,0625;14,75;14,25;491;202;0;
6329;2021.07.10 09:45;4;15,125;14,75;14,3125;492;202;0;
6330;2021.07.10 10:00;4;15,125;14,8125;14,375;492;202;0;
6331;2021.07.10 10:15;4;15,25;14,875;14,375;492;202;0;
6332;2021.07.10 10:30;4;15,25;14,9375;14,4375;493;202;0;
6333;2021.07.10 10:45;4;15,375;15;14,4375;494;202;0;
6334;2021.07.10 11:00;4;15,375;15;14,375;494;202;0;
6335;2021.07.10 11:15;4;15,375;15;14,375;494;202;0;
6336;2021.07.10 11:30;4;15,25;14,9375;14,3125;493;202;0;
6337;2021.07.10 11:45;4;15,25;14,9375;14,25;493;202;0;
6338;2021.07.10 12:00;4;15,25;14,875;14,25;493;202;0;
6339;2021.07.10 12:15;4;15,125;14,875;14,25;493;202;0;
6340;2021.07.10 12:30;4;15,125;14,875;14,25;493;202;0;
6341;2021.07.10 12:45;4;15,1875;14,875;14,25;494;202;0;
6342;2021.07.10 13:00;4;15,4375;15;14,4375;495;202;0;
6343;2021.07.10 13:15;4;15,625;15,125;14,625;496;202;0;
6344;2021.07.10 13:30;4;15,8125;15,25;14,6875;497;202;0;
6345;2021.07.10 13:45;4;15,875;15,375;14,75;498;202;0;
6346;2021.07.10 14:00;4;15,9375;15,5;14,75;498;202;0;
6347;2021.07.10 14:15;4;16;15,5;14,8125;498;202;0;
6348;2021.07.10 14:30;4;15,875;15,5625;14,8125;498;202;0;
6349;2021.07.10 14:45;4;15,875;15,5;14,8125;497;202;0;
6350;2021.07.10 15:00;4;15,75;15,5;14,75;497;202;0;
6351;2021.07.10 15:15;4;15,75;15,5;14,6875;496;202;0;
6352;2021.07.10 15:30;4;15,6875;15,375;14,625;496;202;0;
6353;2021.07.10 15:45;4;15,6875;15,375;14,625;495;202;0;
6354;2021.07.10 16:00;4;15,625;15,375;14,625;495;202;0;
6355;2021.07.10 16:15;4;15,625;15,3125;14,625;495;202;0;
6356;2021.07.10 16:30;4;15,5625;15,25;14,5625;494;202;0;
6357;2021.07.10 16:45;4;15,5;15,25;14,5;495;202;0;
6358;2021.07.10 17:00;4;15,5;15,25;14,5625;495;202;0;
6359;2021.07.10 17:15;4;15,5;15,25;14,5625;495;202;0;
6360;2021.07.10 17:30;4;15,5;15,25;14,5625;495;202;0;
6361;2021.07.10 17:45;4;15,5;15,1875;14,5625;495;202;0;
6362;2021.07.10 18:00;4;15,5;15,1875;14,5;495;202;0;
6363;2021.07.10 18:15;4;15,5;15,125;14,5;495;202;0;
6364;2021.07.10 18:30;4;15,5;15,125;14,5;495;202;0;
6365;2021.07.10 18:45;4;15,5;15,125;14,5;495;202;0;
6366;2021.07.10 19:00;4;15,5;15,125;14,5;495;202;0;
6367;2021.07.10 19:15;4;15,5;15,125;14,5;495;202;0;
6368;2021.07.10 19:30;4;15,5;15,125;14,5;494;202;0;
6369;2021.07.10 19:45;4;15,5;15,125;14,5;494;202;0;
6370;2021.07.10 20:00;4;15,5;15,125;14,5;494;202;0;
6371;2021.07.10 20:15;4;15,5;15,125;14,5;497;202;0;
6372;2021.07.10 20:30;4;15,5625;15,125;14,75;497;202;0;
6373;2021.07.10 20:45;4;15,625;15,1875;14,875;497;202;0;
6374;2021.07.10 21:00;4;15,625;15,25;15;497;202;0;
6375;2021.07.10 21:15;4;15,625;15,25;15;497;202;0;
6376;2021.07.10 21:30;4;15,5625;15,25;15;498;202;0;
6377;2021.07.10 21:45;4;15,5625;15,25;15,0625;498;202;0;
6378;2021.07.10 22:00;4;15,5625;15,25;15,0625;498;202;0;
6379;2021.07.10 22:15;4;15,5;15,25;15,0625;498;202;0;
6380;2021.07.10 22:30;4;15,5;15,25;15,0625;498;202;0;
6381;2021.07.10 22:45;4;15,5;15,25;15,0625;498;202;0;
6382;2021.07.10 23:00;4;15,5;15,25;15;498;202;0;
6383;2021.07.10 23:15;4;15,5;15,25;15;498;202;0;
6384;2021.07.10 23:30;4;15,5;15,25;15;498;202;0;
6385;2021.07.10 23:45;4;15,4375;15,25;15;498;202;0;
6386;2021.07.11 00:00;4;15,375;15,25;15;498;202;0;
6387;2021.07.11 00:15;4;15,375;15,25;15;498;202;0;
6388;2021.07.11 00:30;4;15,375;15,25;15;498;202;0;
6389;2021.07.11 00:45;4;15,375;15,1875;15;498;202;0;
6390;2021.07.11 01:00;4;15,375;15,1875;14,9375;498;202;0;
6391;2021.07.11 01:15;4;15,375;15,125;14,9375;498;202;0;
6392;2021.07.11 01:30;4;15,3125;15,125;14,9375;498;202;0;
6393;2021.07.11 01:45;4;15,3125;15,125;14,875;498;202;0;
6394;2021.07.11 02:00;4;15,3125;15,125;14,875;498;202;0;
6395;2021.07.11 02:15;4;15,25;15,125;14,875;498;202;0;
6396;2021.07.11 02:30;4;15,25;15,125;14,875;498;202;0;
6397;2021.07.11 02:45;4;15,25;15,125;14,875;498;202;0;
6398;2021.07.11 03:00;4;15,25;15,0625;14,875;498;202;0;
6399;2021.07.11 03:15;4;15,25;15,0625;14,8125;498;202;0;
6400;2021.07.11 03:30;4;15,1875;15;14,8125;498;202;0;
6401;2021.07.11 03:45;4;15,1875;15;14,8125;498;202;0;
6402;2021.07.11 04:00;4;15,125;15;14,75;498;202;0;
6403;2021.07.11 04:15;4;15,125;15;14,75;498;202;0;
6404;2021.07.11 04:30;4;15,125;15;14,75;498;202;0;
6405;2021.07.11 04:45;4;15,125;15;14,75;498;202;0;
6406;2021.07.11 05:00;4;15,125;14,9375;14,75;498;202;0;
6407;2021.07.11 05:15;4;15,0625;14,9375;14,75;498;202;0;
6408;2021.07.11 05:30;4;15,0625;14,875;14,75;498;202;0;
6409;2021.07.11 05:45;4;15;14,875;14,6875;498;202;0;
6410;2021.07.11 06:00;4;15;14,875;14,625;498;202;0;
6411;2021.07.11 06:15;4;14,875;14,75;14,375;498;202;0;
6412;2021.07.11 06:30;4;14,875;14,75;14,3125;498;202;0;
6413;2021.07.11 06:45;4;14,8125;14,6875;14,25;498;202;0;
6414;2021.07.11 07:00;4;14,875;14,625;14,25;498;202;0;
6415;2021.07.11 07:15;4;14,875;14,625;14,25;498;202;0;
6416;2021.07.11 07:30;4;14,875;14,625;14,25;498;202;0;
6417;2021.07.11 07:45;4;14,875;14,625;14,25;498;202;0;
6418;2021.07.11 08:00;4;14,875;14,625;14,25;498;202;0;
6419;2021.07.11 08:15;4;14,875;14,625;14,25;498;202;0;
6420;2021.07.11 08:30;4;14,875;14,625;14,1875;498;202;0;
6421;2021.07.11 08:45;4;14,875;14,625;14,1875;499;202;0;
6422;2021.07.11 09:00;4;14,875;14,625;14,1875;499;202;0;
6423;2021.07.11 09:15;4;14,875;14,625;14,1875;499;202;0;
6424;2021.07.11 09:30;4;14,875;14,625;14,1875;499;202;0;
6425;2021.07.11 09:45;4;14,875;14,625;14,1875;499;202;0;
6426;2021.07.11 10:00;4;14,875;14,625;14,1875;499;202;0;
6427;2021.07.11 10:15;4;14,875;14,625;14,1875;499;202;0;
6428;2021.07.11 10:30;4;14,875;14,625;14,1875;499;202;0;
6429;2021.07.11 10:45;4;14,875;14,625;14,1875;500;202;0;
6430;2021.07.11 11:00;4;14,875;14,625;14,1875;500;202;0;
6431;2021.07.11 11:15;4;14,875;14,625;14,1875;500;202;0;
6432;2021.07.11 11:30;4;14,875;14,625;14,1875;500;202;0;
6433;2021.07.11 11:45;4;14,875;14,625;14,1875;500;202;0;
6434;2021.07.11 12:00;4;14,9375;14,625;14,1875;500;202;0;
6435;2021.07.11 12:15;4;15,125;14,75;14,3125;500;202;0;
6436;2021.07.11 12:30;4;15,375;14,875;14,4375;502;202;0;
6437;2021.07.11 12:45;4;15,625;15;14,625;503;202;0;
6438;2021.07.11 13:00;4;15,875;15,125;14,75;505;202;0;
6439;2021.07.11 13:15;4;16;15,375;14,8125;506;202;0;
6440;2021.07.11 13:30;4;16,125;15,5;14,875;507;202;0;
6441;2021.07.11 13:45;4;16,25;15,625;15;507;202;0;
6442;2021.07.11 14:00;4;16,25;15,6875;15;507;202;0;
6443;2021.07.11 14:15;4;16,25;15,75;15;507;202;0;
6444;2021.07.11 14:30;4;16,25;15,75;15,0625;507;202;0;
6445;2021.07.11 14:45;4;16,25;15,8125;15,0625;507;202;0;
6446;2021.07.11 15:00;4;16,125;15,75;15,0625;506;202;0;
6447;2021.07.11 15:15;4;16;15,75;15;504;202;0;
6448;2021.07.11 15:30;4;15,8125;15,625;14,9375;503;202;0;
6449;2021.07.11 15:45;4;15,6875;15,5;14,875;502;202;0;
6450;2021.07.11 16:00;4;15,5625;15,375;14,75;501;202;0;
6451;2021.07.11 16:15;4;15,4375;15,25;14,6875;500;202;0;
6452;2021.07.11 16:30;4;15,375;15,25;14,625;500;202;0;
6453;2021.07.11 16:45;4;15,75;15,375;15,5;502;202;0;
6454;2021.07.11 17:00;4;16,375;15,75;16,6875;505;202;0;
6455;2021.07.11 17:15;4;16,75;16,25;17,375;507;202;0;
6456;2021.07.11 17:30;4;17,125;16,625;17,875;509;202;0;
6457;2021.07.11 17:45;4;17,4375;17;18,375;510;202;0;
6458;2021.07.11 18:00;4;17,625;17,375;18,625;511;202;0;
6459;2021.07.11 18:15;4;17,8125;17,625;18,8125;511;202;0;
6460;2021.07.11 18:30;4;17,875;17,75;18,875;512;202;0;
6461;2021.07.11 18:45;4;17,9375;17,875;18,875;511;202;0;
6462;2021.07.11 19:00;4;17,875;18;18,6875;511;202;0;
6463;2021.07.11 19:15;4;17,875;17,9375;18,5;510;202;0;
6464;2021.07.11 19:30;4;17,75;17,875;18,3125;509;202;0;
6465;2021.07.11 19:45;4;17,625;17,8125;18,0625;508;202;0;
6466;2021.07.11 20:00;4;17,5;17,6875;17,8125;507;202;0;
6467;2021.07.11 20:15;4;17,375;17,5625;17,625;506;202;0;
6468;2021.07.11 20:30;4;17,25;17,4375;17,375;505;202;0;
6469;2021.07.11 20:45;4;17,125;17,25;17,25;503;202;0;
6470;2021.07.11 21:00;4;16,875;17,125;17;501;202;0;
6471;2021.07.11 21:15;4;16,625;16,875;16,75;500;202;0;
6472;2021.07.11 21:30;4;16,4375;16,625;16,5;498;202;0;
6473;2021.07.11 21:45;4;16,25;16,5;16,25;497;202;0;
6474;2021.07.11 22:00;4;16;16,25;16;495;202;0;
6475;2021.07.11 22:15;4;15,8125;16;15,75;494;202;0;
6476;2021.07.11 22:30;4;15,5625;15,75;15,5;492;202;0;
6477;2021.07.11 22:45;4;15,3125;15,5625;15,25;490;202;0;
6478;2021.07.11 23:00;4;15,0625;15,3125;14,9375;488;202;0;
6479;2021.07.11 23:15;4;14,8125;15;14,6875;487;202;0;
6480;2021.07.11 23:30;4;14,5625;14,75;14,375;485;202;0;
6481;2021.07.11 23:45;4;14,3125;14,5;14,125;483;202;0;
6482;2021.07.12 00:00;4;14,125;14,3125;14;482;202;0;
6483;2021.07.12 00:15;4;13,9375;14,125;13,8125;481;202;0;
6484;2021.07.12 00:30;4;13,75;13,9375;13,75;480;202;0;
6485;2021.07.12 00:45;4;13,625;13,8125;13,625;479;202;0;
6486;2021.07.12 01:00;4;13,5;13,625;13,5;478;202;0;
6487;2021.07.12 01:15;4;13,5;13,5625;13,5;477;202;0;
6488;2021.07.12 01:30;4;13,5;13,5;13,5;477;202;0;
6489;2021.07.12 01:45;4;13,5;13,5;13,625;477;202;0;
6490;2021.07.12 02:00;4;13,625;13,5;13,75;477;202;0;
6491;2021.07.12 02:15;4;13,6875;13,625;13,875;478;202;0;
6492;2021.07.12 02:30;4;13,75;13,625;14;478;202;0;
6493;2021.07.12 02:45;4;13,75;13,75;14;478;202;0;
6494;2021.07.12 03:00;4;13,75;13,75;14;478;202;0;
6495;2021.07.12 03:15;4;13,75;13,75;14;478;202;0;
6496;2021.07.12 03:30;4;13,75;13,75;14;478;202;0;
6497;2021.07.12 03:45;4;13,75;13,75;14;478;202;0;
6498;2021.07.12 04:00;4;13,6875;13,75;13,875;477;202;0;
6499;2021.07.12 04:15;4;13,625;13,625;13,8125;477;202;0;
6500;2021.07.12 04:30;4;13,5;13,625;13,6875;476;202;0;
6501;2021.07.12 04:45;4;13,375;13,5;13,5;475;202;0;
6502;2021.07.12 05:00;4;13,25;13,375;13,375;474;202;0;
6503;2021.07.12 05:15;4;13,25;13,25;13,25;473;202;0;
6504;2021.07.12 05:30;4;13,625;13,375;13,375;475;202;0;
6505;2021.07.12 05:45;4;14;13,5;13,8125;477;202;0;
6506;2021.07.12 06:00;4;14,5;13,8125;14,3125;480;202;0;
6507;2021.07.12 06:15;4;14,8125;14,125;14,75;482;202;0;
6508;2021.07.12 06:30;4;15,125;14,4375;15,125;484;202;0;
6509;2021.07.12 06:45;4;15,5;14,75;15,5;487;202;0;
6510;2021.07.12 07:00;4;15,875;15,125;15,8125;489;202;0;
6511;2021.07.12 07:15;4;16,375;15,5;16,125;492;202;0;
6512;2021.07.12 07:30;4;16,875;15,9375;16,5;496;202;0;
6513;2021.07.12 07:45;4;17,5625;16,4375;17;499;202;0;
6514;2021.07.12 08:00;4;18,25;17;17,4375;504;202;0;
6515;2021.07.12 08:15;4;19;17,625;18;508;202;0;
6516;2021.07.12 08:30;4;19,8125;18,25;18,5;513;202;0;
6517;2021.07.12 08:45;4;20,625;18,875;19,125;518;202;0;
6518;2021.07.12 09:00;4;21,375;19,625;19,6875;523;202;0;
6519;2021.07.12 09:15;4;22,25;20,375;20,375;528;202;0;
6520;2021.07.12 09:30;4;23,0625;21,125;21;533;202;0;
6521;2021.07.12 09:45;4;23,875;21,875;21,6875;538;202;0;
6522;2021.07.12 10:00;4;24,625;22,625;22,375;543;202;0;
6523;2021.07.12 10:15;4;25,375;23,375;23,0625;547;202;0;
6524;2021.07.12 10:30;4;26,125;24,125;23,75;552;202;0;
6525;2021.07.12 10:45;4;26,875;24,8125;24,375;556;202;0;
6526;2021.07.12 11:00;4;27,5;25,5;25;559;202;0;
6527;2021.07.12 11:15;4;28,125;26,125;25,625;562;202;0;
6528;2021.07.12 11:30;4;28,75;26,8125;26,25;566;202;0;
6529;2021.07.12 11:45;4;29,1875;27,375;26,75;568;202;0;
6530;2021.07.12 12:00;4;29,625;27,875;27,25;570;202;0;
6531;2021.07.12 12:15;4;30;28,375;27,75;571;202;0;
6532;2021.07.12 12:30;4;30,125;28,75;28,125;572;202;0;
6533;2021.07.12 12:45;4;30,375;29,125;28,625;572;202;0;
6534;2021.07.12 13:00;4;30,75;29,5625;29,125;573;202;0;
6535;2021.07.12 13:15;4;31,0625;29,9375;29,5;574;202;0;
6536;2021.07.12 13:30;4;31,375;30,3125;29,9375;575;202;0;
6537;2021.07.12 13:45;4;31,625;30,625;30,25;576;202;0;
6538;2021.07.12 14:00;4;31,875;30,9375;30,5;576;202;0;
6539;2021.07.12 14:15;4;32,125;31,25;30,75;577;202;0;
6540;2021.07.12 14:30;4;32,25;31,4375;31;577;202;0;
6541;2021.07.12 14:45;4;32,25;31,625;31,125;576;202;0;
6542;2021.07.12 15:00;4;32,25;31,6875;31,125;575;202;0;
6543;2021.07.12 15:15;4;32,25;31,75;31,125;574;202;0;
6544;2021.07.12 15:30;4;32,1875;31,75;31,125;573;202;0;
6545;2021.07.12 15:45;4;32,125;31,75;31,0625;572;202;0;
6546;2021.07.12 16:00;4;32;31,6875;30,9375;570;202;0;
6547;2021.07.12 16:15;4;31,8125;31,625;30,75;568;202;0;
6548;2021.07.12 16:30;4;31,5;31,375;30,5;566;202;0;
6549;2021.07.12 16:45;4;31,25;31,1875;30,125;564;202;0;
6550;2021.07.12 17:00;4;31;30,875;29,75;562;202;0;
6551;2021.07.12 17:15;4;30,625;30,625;29,4375;559;202;0;
6552;2021.07.12 17:30;4;30,25;30,25;29;557;202;0;
6553;2021.07.12 17:45;4;29,875;29,9375;28,625;554;202;0;
6554;2021.07.12 18:00;4;29,4375;29,5;28,25;551;202;0;
6555;2021.07.12 18:15;4;29;29,125;27,8125;548;202;0;
6556;2021.07.12 18:30;4;28,625;28,75;27,375;546;202;0;
6557;2021.07.12 18:45;4;28,1875;28,3125;27;543;202;0;
6558;2021.07.12 19:00;4;27,75;27,875;26,625;540;202;0;
6559;2021.07.12 19:15;4;27,375;27,5;26,25;537;202;0;
6560;2021.07.12 19:30;4;26,875;27,125;25,875;535;202;0;
6561;2021.07.12 19:45;4;26,375;26,625;25,5;532;202;0;
6562;2021.07.12 20:00;4;25,875;26,25;25,125;529;202;0;
6563;2021.07.12 20:15;4;25,4375;25,875;24,8125;527;202;0;
6564;2021.07.12 20:30;4;25;25,375;24,4375;524;202;0;
6565;2021.07.12 20:45;4;24,4375;25;24;521;202;0;
6566;2021.07.12 21:00;4;23,9375;24,5;23,625;518;202;0;
6567;2021.07.12 21:15;4;23,4375;24,0625;23,25;515;202;0;
6568;2021.07.12 21:30;4;23;23,625;22,875;512;202;0;
6569;2021.07.12 21:45;4;22,625;23,1875;22,5;510;202;0;
6570;2021.07.12 22:00;4;22,25;22,8125;22,1875;508;202;0;
6571;2021.07.12 22:15;4;21,9375;22,4375;21,875;506;202;0;
6572;2021.07.12 22:30;4;21,625;22,125;21,625;504;202;0;
6573;2021.07.12 22:45;4;21,375;21,8125;21,375;502;202;0;
6574;2021.07.12 23:00;4;21,125;21,5;21,125;501;202;0;
6575;2021.07.12 23:15;4;20,8125;21,25;20,9375;499;202;0;
6576;2021.07.12 23:30;4;20,625;21;20,6875;497;202;0;
6577;2021.07.12 23:45;4;20,375;20,75;20,5;496;202;0;
6578;2021.07.13 00:00;4;20,125;20,5;20,25;495;202;0;
6579;2021.07.13 00:15;4;19,875;20,25;20;493;202;0;
6580;2021.07.13 00:30;4;19,6875;20,0625;19,8125;492;202;0;
6581;2021.07.13 00:45;4;19,5;19,875;19,625;491;202;0;
6582;2021.07.13 01:00;4;19,25;19,625;19,4375;490;202;0;
6583;2021.07.13 01:15;4;19,0625;19,4375;19,25;488;202;0;
6584;2021.07.13 01:30;4;18,8125;19,25;19;487;202;0;
6585;2021.07.13 01:45;4;18,5625;19;18,75;486;202;0;
6586;2021.07.13 02:00;4;18,25;18,75;18,5;484;202;0;
6587;2021.07.13 02:15;4;18;18,5;18,25;483;202;0;
6588;2021.07.13 02:30;4;17,8125;18,25;18,0625;481;202;0;
6589;2021.07.13 02:45;4;17,625;18;17,875;480;202;0;
6590;2021.07.13 03:00;4;17,375;17,75;17,625;479;202;0;
6591;2021.07.13 03:15;4;17,125;17,5625;17,375;477;202;0;
6592;2021.07.13 03:30;4;16,8125;17,3125;17;476;202;0;
6593;2021.07.13 03:45;4;16,5;17;16,75;474;202;0;
6594;2021.07.13 04:00;4;16,125;16,6875;16,375;472;202;0;
6595;2021.07.13 04:15;4;15,8125;16,375;16;470;202;0;
6596;2021.07.13 04:30;4;15,4375;16;15,625;468;202;0;
6597;2021.07.13 04:45;4;15,125;15,6875;15,375;466;202;0;
6598;2021.07.13 05:00;4;14,75;15,375;15;464;202;0;
6599;2021.07.13 05:15;4;14,5;15;14,75;462;202;0;
6600;2021.07.13 05:30;4;14,375;14,75;14,5;460;202;0;
6601;2021.07.13 05:45;4;14,1875;14,5625;14,375;459;202;0;
6602;2021.07.13 06:00;4;14,125;14,375;14,25;458;202;0;
6603;2021.07.13 06:15;4;14,0625;14,25;14,1875;458;202;0;
6604;2021.07.13 06:30;4;14,0625;14,1875;14,125;458;202;0;
6605;2021.07.13 06:45;4;14,0625;14,125;14,125;458;202;0;
6606;2021.07.13 07:00;4;14,125;14,125;14,125;458;202;0;
6607;2021.07.13 07:15;4;14,25;14,125;14,125;459;202;0;
6608;2021.07.13 07:30;4;14,5625;14,25;14,25;460;202;0;
6609;2021.07.13 07:45;4;15,125;14,4375;14,5;463;202;0;
6610;2021.07.13 08:00;4;15,6875;14,75;14,8125;466;202;0;
6611;2021.07.13 08:15;4;16,25;15,125;15,125;469;202;0;
6612;2021.07.13 08:30;4;16,875;15,625;15,5;473;202;0;
6613;2021.07.13 08:45;4;17,375;16,125;15,9375;476;202;0;
6614;2021.07.13 09:00;4;17,875;16,5;16,3125;479;202;0;
6615;2021.07.13 09:15;4;18,375;17;16,6875;482;202;0;
6616;2021.07.13 09:30;4;18,875;17,4375;17,125;485;202;0;
6617;2021.07.13 09:45;4;19,375;17,875;17,5;488;202;0;
6618;2021.07.13 10:00;4;20;18,375;18;492;202;0;
6619;2021.07.13 10:15;4;20,5;18,875;18,375;495;202;0;
6620;2021.07.13 10:30;4;21;19,375;18,875;498;202;0;
6621;2021.07.13 10:45;4;21,5;19,875;19,3125;501;202;0;
6622;2021.07.13 11:00;4;21,9375;20,375;19,75;503;202;0;
6623;2021.07.13 11:15;4;22,375;20,8125;20,125;506;202;0;
6624;2021.07.13 11:30;4;22,75;21,25;20,5;508;202;0;
6625;2021.07.13 11:45;4;23,125;21,625;20,875;510;202;0;
6626;2021.07.13 12:00;4;23,4375;22;21,1875;512;202;0;
6627;2021.07.13 12:15;4;23,75;22,375;21,5;514;202;0;
6628;2021.07.13 12:30;4;24,0625;22,6875;21,75;515;202;0;
6629;2021.07.13 12:45;4;24,3125;23;22;516;202;0;
6630;2021.07.13 13:00;4;24,5;23,25;22,25;517;202;0;
6631;2021.07.13 13:15;4;24,4375;23,375;22,375;517;202;0;
6632;2021.07.13 13:30;4;24,5;23,5;22,5;517;202;0;
6633;2021.07.13 13:45;4;24,625;23,625;22,5625;517;202;0;
6634;2021.07.13 14:00;4;24,6875;23,75;22,6875;518;202;0;
6635;2021.07.13 14:15;4;24,75;23,875;22,75;518;202;0;
6636;2021.07.13 14:30;4;24,6875;23,875;22,8125;517;202;0;
6637;2021.07.13 14:45;4;24,75;24;22,875;517;202;0;
6638;2021.07.13 15:00;4;24,75;24;22,875;517;202;0;
6639;2021.07.13 15:15;4;24,5625;24;22,8125;516;202;0;
6640;2021.07.13 15:30;4;24,125;23,875;22,625;514;202;0;
6641;2021.07.13 15:45;4;23,75;23,625;22,25;512;202;0;
6642;2021.07.13 16:00;4;23,1875;23,25;21,875;509;202;0;
6643;2021.07.13 16:15;4;22,625;22,875;21,375;506;202;0;
6644;2021.07.13 16:30;4;22,125;22,375;20,875;503;202;0;
6645;2021.07.13 16:45;4;21,625;21,9375;20,5;500;202;0;
6646;2021.07.13 17:00;4;21,25;21,5;20,125;498;202;0;
6647;2021.07.13 17:15;4;20,875;21,125;19,75;495;202;0;
6648;2021.07.13 17:30;4;20,5;20,75;19,5;493;202;0;
6649;2021.07.13 17:45;4;20,125;20,375;19,125;491;202;0;
6650;2021.07.13 18:00;4;19,75;20;18,875;488;202;0;
6651;2021.07.13 18:15;4;19,375;19,625;18,5;486;202;0;
6652;2021.07.13 18:30;4;19;19,25;18,1875;484;202;0;
6653;2021.07.13 18:45;4;18,5625;18,875;17,875;482;202;0;
6654;2021.07.13 19:00;4;18,125;18,5;17,5;479;202;0;
6655;2021.07.13 19:15;4;17,75;18,125;17,125;477;202;0;
6656;2021.07.13 19:30;4;17,25;17,6875;16,6875;474;202;0;
6657;2021.07.13 19:45;4;16,75;17,25;16,25;471;202;0;
6658;2021.07.13 20:00;4;16,25;16,8125;15,8125;468;202;0;
6659;2021.07.13 20:15;4;15,75;16,3125;15,375;466;202;0;
6660;2021.07.13 20:30;4;15,25;15,875;15;463;202;0;
6661;2021.07.13 20:45;4;14,75;15,375;14,5625;460;202;0;
6662;2021.07.13 21:00;4;14,375;14,9375;14,25;458;202;0;
6663;2021.07.13 21:15;4;13,9375;14,5;13,875;455;202;0;
6664;2021.07.13 21:30;4;13,5625;14,125;13,5625;453;202;0;
6665;2021.07.13 21:45;4;13,25;13,75;13,3125;451;202;0;
6666;2021.07.13 22:00;4;13;13,4375;13,125;449;202;0;
6667;2021.07.13 22:15;4;12,75;13,125;12,875;448;202;0;
6668;2021.07.13 22:30;4;12,5;12,875;12,75;446;202;0;
6669;2021.07.13 22:45;4;12,25;12,6875;12,5625;445;202;0;
6670;2021.07.13 23:00;4;12;12,4375;12,375;444;202;0;
6671;2021.07.13 23:15;4;11,75;12,1875;12,125;442;202;0;
6672;2021.07.13 23:30;4;11,5625;12;11,9375;441;202;0;
6673;2021.07.13 23:45;4;11,375;11,75;11,75;440;202;0;
6674;2021.07.14 00:00;4;11,25;11,5625;11,625;439;202;0;
6675;2021.07.14 00:15;4;11;11,375;11,5;438;202;0;
6676;2021.07.14 00:30;4;10,875;11,25;11,3125;437;202;0;
6677;2021.07.14 00:45;4;10,625;11;11,125;436;202;0;
6678;2021.07.14 01:00;4;10,5;10,875;11;435;202;0;
6679;2021.07.14 01:15;4;10,3125;10,625;10,8125;434;202;0;
6680;2021.07.14 01:30;4;10,125;10,5;10,6875;433;202;0;
6681;2021.07.14 01:45;4;10,125;10,375;10,625;433;202;0;
6682;2021.07.14 02:00;4;10,0625;10,25;10,5625;432;202;0;
6683;2021.07.14 02:15;4;10;10,25;10,5;432;202;0;
6684;2021.07.14 02:30;4;10;10,1875;10,5;432;202;0;
6685;2021.07.14 02:45;4;10;10,125;10,5;432;202;0;
6686;2021.07.14 03:00;4;10;10,125;10,5;432;202;0;
6687;2021.07.14 03:15;4;9,9375;10,0625;10,5;432;202;0;
6688;2021.07.14 03:30;4;9,875;10,0625;10,4375;432;202;0;
6689;2021.07.14 03:45;4;9,875;10;10,375;431;202;0;
6690;2021.07.14 04:00;4;9,8125;10;10,375;431;202;0;
6691;2021.07.14 04:15;4;9,75;9,9375;10,3125;431;202;0;
6692;2021.07.14 04:30;4;9,625;9,875;10,25;430;202;0;
6693;2021.07.14 04:45;4;9,5;9,75;10,125;430;202;0;
6694;2021.07.14 05:00;4;9,375;9,625;10;429;202;0;
6695;2021.07.14 05:15;4;9,3125;9,5625;9,9375;429;202;0;
6696;2021.07.14 05:30;4;9,25;9,5;9,875;428;202;0;
6697;2021.07.14 05:45;4;9,25;9,4375;9,875;428;202;0;
6698;2021.07.14 06:00;4;9,25;9,375;9,8125;428;202;0;
6699;2021.07.14 06:15;4;9,25;9,375;9,875;428;202;0;
6700;2021.07.14 06:30;4;9,5;9,4375;10,0625;429;202;0;
6701;2021.07.14 06:45;4;9,875;9,5625;10,375;429;202;0;
6702;2021.07.14 07:00;4;10,125;9,75;10,5625;431;202;0;
6703;2021.07.14 07:15;4;10,375;10;10,625;433;202;0;
6704;2021.07.14 07:30;4;10,75;10,5;13;443;202;0;
6705;2021.07.14 07:45;4;10,75;10,75;13,125;446;202;0;
6706;2021.07.14 08:00;4;10,8125;11;13,25;449;202;0;
6707;2021.07.14 08:15;4;11,0625;11,375;13,1875;452;202;0;
6708;2021.07.14 08:30;4;11,375;11,75;13,3125;456;202;0;
6709;2021.07.14 08:45;4;11,875;12,25;14,125;460;202;0;
6710;2021.07.14 09:00;4;12,375;12,875;15;464;202;0;
6711;2021.07.14 09:15;4;13,125;13,625;16,125;469;202;0;
6712;2021.07.14 09:30;4;13,875;14,5;17,375;475;202;0;
6713;2021.07.14 09:45;4;14,625;15,375;18,4375;481;202;0;
6714;2021.07.14 10:00;4;15,375;16,125;18,875;486;202;0;
6715;2021.07.14 10:15;4;16;16,8125;19,3125;490;202;0;
6716;2021.07.14 10:30;4;16,625;17,375;19,875;494;202;0;
6717;2021.07.14 10:45;4;17,125;17,875;20;496;202;0;
6718;2021.07.14 11:00;4;17,4375;18,1875;19,875;498;202;0;
6719;2021.07.14 11:15;4;17,625;18,3125;19,5;498;202;0;
6720;2021.07.14 11:30;4;17,625;18,25;19;497;202;0;
6721;2021.07.14 11:45;4;17,5;18,125;18,4375;496;202;0;
6722;2021.07.14 12:00;4;17,375;17,9375;18,0625;494;202;0;
6723;2021.07.14 12:15;4;17,3125;17,75;18;493;202;0;
6724;2021.07.14 12:30;4;17,25;17,75;18;492;202;0;
6725;2021.07.14 12:45;4;17,1875;17,625;18;491;202;0;
6726;2021.07.14 13:00;4;17,1875;17,625;18,1875;491;202;0;
6727;2021.07.14 13:15;4;17,25;17,75;18,625;491;202;0;
6728;2021.07.14 13:30;4;17,375;17,875;18,625;491;202;0;
6729;2021.07.14 13:45;4;17,375;17,8125;18,1875;491;202;0;
6730;2021.07.14 14:00;4;17,25;17,75;18;490;202;0;
6731;2021.07.14 14:15;4;17,25;17,75;18,375;490;202;0;
6732;2021.07.14 14:30;4;17,375;17,875;18,75;491;202;0;
6733;2021.07.14 14:45;4;17,625;18,0625;19,125;492;202;0;
6734;2021.07.14 15:00;4;17,8125;18,3125;19,625;494;202;0;
6735;2021.07.14 15:15;4;18;18,5625;19,75;495;202;0;
6736;2021.07.14 15:30;4;18,0625;18,625;19,3125;495;202;0;
6737;2021.07.14 15:45;4;18;18,5;18,75;494;202;0;
6738;2021.07.14 16:00;4;17,9375;18,375;18,625;493;202;0;
6739;2021.07.14 16:15;4;17,625;18,125;17,8125;489;202;0;
6740;2021.07.14 16:30;4;17,3125;17,75;17,25;487;202;0;
6741;2021.07.14 16:45;4;17,25;17,5625;17,3125;486;202;0;
6742;2021.07.14 17:00;4;17,25;17,5;17,5;487;202;0;
6743;2021.07.14 17:15;4;17,375;17,5;17,625;487;202;0;
6744;2021.07.14 17:30;4;17,5;17,5625;17,75;487;202;0;
6745;2021.07.14 17:45;4;17,625;17,625;17,625;487;202;0;
6746;2021.07.14 18:00;4;17,625;17,625;17,5;487;202;0;
6747;2021.07.14 18:15;4;17,5625;17,5;17,375;487;202;0;
6748;2021.07.14 18:30;4;17,5;17,5;17,1875;486;202;0;
6749;2021.07.14 18:45;4;17,375;17,375;17;485;202;0;
6750;2021.07.14 19:00;4;17,25;17,25;16,75;484;202;0;
6751;2021.07.14 19:15;4;17,0625;17;16,375;483;202;0;
6752;2021.07.14 19:30;4;16,75;16,75;16;481;202;0;
6753;2021.07.14 19:45;4;16,5;16,5;15,5625;479;202;0;
6754;2021.07.14 20:00;4;16,1875;16,125;15,1875;477;202;0;
6755;2021.07.14 20:15;4;15,875;15,875;14,8125;475;202;0;
6756;2021.07.14 20:30;4;15,5625;15,5;14,4375;473;202;0;
6757;2021.07.14 20:45;4;15,25;15,25;14,125;472;202;0;
6758;2021.07.14 21:00;4;15;14,875;13,75;470;202;0;
6759;2021.07.14 21:15;4;14,625;14,5625;13,4375;468;202;0;
6760;2021.07.14 21:30;4;14,375;14,25;13,125;466;202;0;
6761;2021.07.14 21:45;4;14,0625;13,9375;12,8125;464;202;0;
6762;2021.07.14 22:00;4;13,75;13,625;12,5;463;202;0;
6763;2021.07.14 22:15;4;13,5;13,375;12,25;461;202;0;
6764;2021.07.14 22:30;4;13,25;13,125;12;460;202;0;
6765;2021.07.14 22:45;4;13;12,8125;11,6875;458;202;0;
6766;2021.07.14 23:00;4;12,6875;12,5;11,375;456;202;0;
6767;2021.07.14 23:15;4;12,4375;12,25;11,1875;455;202;0;
6768;2021.07.14 23:30;4;12,25;12,0625;11,125;454;202;0;
6769;2021.07.14 23:45;4;12,125;11,875;11,125;453;202;0;
6770;2021.07.15 00:00;4;12;11,75;11;453;202;0;
6771;2021.07.15 00:15;4;11,875;11,625;10,8125;452;202;0;
6772;2021.07.15 00:30;4;11,6875;11,4375;10,5625;451;202;0;
6773;2021.07.15 00:45;4;11,5;11,25;10,25;450;202;0;
6774;2021.07.15 01:00;4;11,25;11;10,125;448;202;0;
6775;2021.07.15 01:15;4;11,125;10,875;10;448;202;0;
6776;2021.07.15 01:30;4;11;10,6875;9,875;447;202;0;
6777;2021.07.15 01:45;4;10,875;10,5625;9,75;446;202;0;
6778;2021.07.15 02:00;4;10,75;10,4375;9,6875;445;202;0;
6779;2021.07.15 02:15;4;10,625;10,375;9,625;445;202;0;
6780;2021.07.15 02:30;4;10,625;10,25;9,6875;445;202;0;
6781;2021.07.15 02:45;4;10,5625;10,25;9,625;444;202;0;
6782;2021.07.15 03:00;4;10,4375;10,125;9,5;444;202;0;
6783;2021.07.15 03:15;4;10,3125;10;9,25;443;202;0;
6784;2021.07.15 03:30;4;10,125;9,875;9,0625;442;202;0;
6785;2021.07.15 03:45;4;10;9,6875;8,875;441;202;0;
6786;2021.07.15 04:00;4;9,8125;9,5;8,6875;440;202;0;
6787;2021.07.15 04:15;4;9,625;9,375;8,5;439;202;0;
6788;2021.07.15 04:30;4;9,5625;9,25;8,5;439;202;0;
6789;2021.07.15 04:45;4;9,5625;9,1875;8,625;439;202;0;
6790;2021.07.15 05:00;4;9,625;9,1875;8,75;439;202;0;
6791;2021.07.15 05:15;4;9,75;9,25;9,0625;440;202;0;
6792;2021.07.15 05:30;4;10;9,5;9,625;442;202;0;
6793;2021.07.15 05:45;4;10,125;9,75;9,8125;444;202;0;
6794;2021.07.15 06:00;4;10,3125;9,875;9,9375;445;202;0;
6795;2021.07.15 06:15;4;10,4375;10;10,125;446;202;0;
6796;2021.07.15 06:30;4;10,625;10,25;10,625;447;202;0;
6797;2021.07.15 06:45;4;10,875;10,5;11,125;449;202;0;
6798;2021.07.15 07:00;4;11,125;10,875;11,8125;452;202;0;
6799;2021.07.15 07:15;4;11,5;11,25;12,5;454;202;0;
6800;2021.07.15 07:30;4;11,9375;11,75;13,1875;457;202;0;
6801;2021.07.15 07:45;4;12,4375;12,25;14,0625;461;202;0;
6802;2021.07.15 08:00;4;13;12,875;15,125;465;202;0;
6803;2021.07.15 08:15;4;13,6875;13,625;16,3125;470;202;0;
6804;2021.07.15 08:30;4;14,5;14,5;17,5;476;202;0;
6805;2021.07.15 08:45;4;15,3125;15,4375;18,75;482;202;0;
6806;2021.07.15 09:00;4;16,25;16,375;19,625;489;202;0;
6807;2021.07.15 09:15;4;17,125;17,375;20,625;493;202;0;
6808;2021.07.15 09:30;4;18;18,25;21,5;498;202;0;
6809;2021.07.15 09:45;4;18,625;19,0625;21,875;503;202;0;
6810;2021.07.15 10:00;4;19,25;19,6875;22,1875;506;202;0;
6811;2021.07.15 10:15;4;19,875;20,3125;23;510;202;0;
6812;2021.07.15 10:30;4;20,375;20,875;23,5;512;202;0;
6813;2021.07.15 10:45;4;21,125;21,5;24,5;515;202;0;
6814;2021.07.15 11:00;4;21,8125;22,25;25,25;519;202;0;
6815;2021.07.15 11:15;4;22,5;23;25,875;523;202;0;
6816;2021.07.15 11:30;4;23,0625;23,625;26,1875;526;202;0;
6817;2021.07.15 11:45;4;23,5625;24,125;26,375;529;202;0;
6818;2021.07.15 12:00;4;23,875;24,5;26,25;530;202;0;
6819;2021.07.15 12:15;4;24,125;24,6875;26,125;531;202;0;
6820;2021.07.15 12:30;4;24,1875;24,8125;25,875;530;202;0;
6821;2021.07.15 12:45;4;24,25;24,875;25,75;530;202;0;
6822;2021.07.15 13:00;4;24,375;24,875;25,875;529;202;0;
6823;2021.07.15 13:15;4;24,5;25;26,25;529;202;0;
6824;2021.07.15 13:30;4;24,6875;25,125;26,5;530;202;0;
6825;2021.07.15 13:45;4;24,8125;25,3125;26,375;530;202;0;
6826;2021.07.15 14:00;4;24,8125;25,375;26;530;202;0;
6827;2021.07.15 14:15;4;24,6875;25,25;25,4375;528;202;0;
6828;2021.07.15 14:30;4;24,5;25;24,875;526;202;0;
6829;2021.07.15 14:45;4;24,25;24,75;24,625;524;202;0;
6830;2021.07.15 15:00;4;24,125;24,5625;24,625;523;202;0;
6831;2021.07.15 15:15;4;24,125;24,5;24,75;522;202;0;
6832;2021.07.15 15:30;4;24;24,375;24,5625;521;202;0;
6833;2021.07.15 15:45;4;23,875;24,25;24,25;520;202;0;
6834;2021.07.15 16:00;4;23,625;24;23,75;518;202;0;
6835;2021.07.15 16:15;4;23,375;23,75;23,25;516;202;0;
6836;2021.07.15 16:30;4;23;23,375;22,75;514;202;0;
6837;2021.07.15 16:45;4;22,6875;23;22,25;511;202;0;
6838;2021.07.15 17:00;4;22,25;22,625;21,75;508;202;0;
6839;2021.07.15 17:15;4;21,875;22,25;21,3125;505;202;0;
6840;2021.07.15 17:30;4;21,625;21,875;21;503;202;0;
6841;2021.07.15 17:45;4;21,3125;21,5;20,6875;501;202;0;
6842;2021.07.15 18:00;4;21,0625;21,25;20,375;499;202;0;
6843;2021.07.15 18:15;4;20,75;20,9375;20,125;498;202;0;
6844;2021.07.15 18:30;4;20,5;20,625;19,8125;496;202;0;
6845;2021.07.15 18:45;4;20,25;20,375;19,4375;494;202;0;
6846;2021.07.15 19:00;4;19,875;20;19;492;202;0;
6847;2021.07.15 19:15;4;19,5;19,625;18,625;490;202;0;
6848;2021.07.15 19:30;4;19,125;19,25;18,1875;487;202;0;
6849;2021.07.15 19:45;4;18,8125;18,875;17,75;485;202;0;
6850;2021.07.15 20:00;4;18,4375;18,5;17,375;483;202;0;
6851;2021.07.15 20:15;4;18,125;18,125;17;481;202;0;
6852;2021.07.15 20:30;4;17,75;17,75;16,625;478;202;0;
6853;2021.07.15 20:45;4;17,375;17,375;16,1875;476;202;0;
6854;2021.07.15 21:00;4;17;17;15,8125;474;202;0;
6855;2021.07.15 21:15;4;16,625;16,625;15,5;472;202;0;
6856;2021.07.15 21:30;4;16,3125;16,3125;15,25;470;202;0;
6857;2021.07.15 21:45;4;16;16;14,875;468;202;0;
6858;2021.07.15 22:00;4;15,6875;15,625;14,5625;466;202;0;
6859;2021.07.15 22:15;4;15,375;15,375;14,1875;464;202;0;
6860;2021.07.15 22:30;4;15;15;13,8125;462;202;0;
6861;2021.07.15 22:45;4;14,625;14,625;13,4375;460;202;0;
6862;2021.07.15 23:00;4;14,25;14,25;13;458;202;0;
6863;2021.07.15 23:15;4;13,9375;13,875;12,625;456;202;0;
6864;2021.07.15 23:30;4;13,625;13,5;12,3125;454;202;0;
6865;2021.07.15 23:45;4;13,25;13,125;12;452;202;0;
6866;2021.07.16 00:00;4;12,875;12,8125;11,625;450;202;0;
6867;2021.07.16 00:15;4;12,5625;12,5;11,25;448;202;0;
6868;2021.07.16 00:30;4;12,25;12,125;11;446;202;0;
6869;2021.07.16 00:45;4;11,9375;11,8125;10,6875;444;202;0;
6870;2021.07.16 01:00;4;11,6875;11,5;10,5;443;202;0;
6871;2021.07.16 01:15;4;11,5;11,25;10,3125;442;202;0;
6872;2021.07.16 01:30;4;11,3125;11,0625;10,1875;441;202;0;
6873;2021.07.16 01:45;4;11,125;10,875;10,125;440;202;0;
6874;2021.07.16 02:00;4;11;10,75;10;439;202;0;
6875;2021.07.16 02:15;4;10,875;10,625;9,9375;439;202;0;
6876;2021.07.16 02:30;4;10,8125;10,5;9,875;438;202;0;
6877;2021.07.16 02:45;4;10,75;10,4375;9,875;438;202;0;
6878;2021.07.16 03:00;4;10,625;10,375;9,8125;438;202;0;
6879;2021.07.16 03:15;4;10,625;10,3125;9,8125;437;202;0;
6880;2021.07.16 03:30;4;10,5625;10,25;9,75;437;202;0;
6881;2021.07.16 03:45;4;10,5;10,25;9,75;437;202;0;
6882;2021.07.16 04:00;4;10,5;10,125;9,625;437;202;0;
6883;2021.07.16 04:15;4;10,375;10,125;9,625;437;202;0;
6884;2021.07.16 04:30;4;10,375;10,0625;9,5625;436;202;0;
6885;2021.07.16 04:45;4;10,25;10;9,5;436;202;0;
6886;2021.07.16 05:00;4;10,25;9,9375;9,375;436;202;0;
6887;2021.07.16 05:15;4;10,25;9,875;9,5;436;202;0;
6888;2021.07.16 05:30;4;10,75;10,25;10,375;442;202;0;
6889;2021.07.16 05:45;4;10,75;10,375;10,25;444;202;0;
6890;2021.07.16 06:00;4;10,75;10,375;10,0625;444;202;0;
6891;2021.07.16 06:15;4;10,75;10,375;10,0625;445;202;0;
6892;2021.07.16 06:30;4;10,75;10,375;10,0625;445;202;0;
6893;2021.07.16 06:45;4;10,75;10,375;10,1875;445;202;0;
6894;2021.07.16 07:00;4;10,75;10,5;10,5;446;202;0;
6895;2021.07.16 07:15;4;10,875;10,625;11;447;202;0;
6896;2021.07.16 07:30;4;11;10,875;11,625;448;202;0;
6897;2021.07.16 07:45;4;11,25;11,125;12,3125;450;202;0;
6898;2021.07.16 08:00;4;11,5625;11,5;13;452;202;0;
6899;2021.07.16 08:15;4;11,875;11,875;13,625;454;202;0;
6900;2021.07.16 08:30;4;12,25;12,375;14,75;457;202;0;
6901;2021.07.16 08:45;4;12,75;13;15,5;461;202;0;
6902;2021.07.16 09:00;4;13,25;13,625;16,625;465;202;0;
6903;2021.07.16 09:15;4;13,875;14,3125;17,625;469;202;0;
6904;2021.07.16 09:30;4;14,5;15;18,25;474;202;0;
6905;2021.07.16 09:45;4;15,125;15,6875;19,125;478;202;0;
6906;2021.07.16 10:00;4;15,75;16,5;20,25;483;202;0;
6907;2021.07.16 10:15;4;16,5;17,25;21,375;488;202;0;
6908;2021.07.16 10:30;4;17,25;18,125;22,6875;494;202;0;
6909;2021.07.16 10:45;4;18,125;19,0625;23,625;500;202;0;
6910;2021.07.16 11:00;4;18,875;20;24,5;505;202;0;
6911;2021.07.16 11:15;4;19,75;20,8125;25,375;511;202;0;
6912;2021.07.16 11:30;4;20,5;21,625;26,25;516;202;0;
6913;2021.07.16 11:45;4;21,25;22,4375;26,625;521;202;0;
6914;2021.07.16 12:00;4;21,9375;23,0625;26,625;525;202;0;
6915;2021.07.16 12:15;4;22,5;23,5;26,625;528;202;0;
6916;2021.07.16 12:30;4;23;24;27,125;531;202;0;
6917;2021.07.16 12:45;4;23,5;24,5;27,625;533;202;0;
6918;2021.07.16 13:00;4;23,9375;24,9375;28;535;202;0;
6919;2021.07.16 13:15;4;24,375;25,375;28,4375;538;202;0;
6920;2021.07.16 13:30;4;24,75;25,75;28,5;540;202;0;
6921;2021.07.16 13:45;4;25,125;26,125;28,9375;542;202;0;
6922;2021.07.16 14:00;4;25,5;26,5;29,25;543;202;0;
6923;2021.07.16 14:15;4;25,875;26,875;29,5;545;202;0;
6924;2021.07.16 14:30;4;26,125;27,125;29,375;546;202;0;
6925;2021.07.16 14:45;4;26,25;27,1875;28,625;546;202;0;
6926;2021.07.16 15:00;4;26,25;27,125;27,75;545;202;0;
6927;2021.07.16 15:15;4;26,125;26,8125;27;542;202;0;
6928;2021.07.16 15:30;4;25,875;26,5;26,1875;539;202;0;
6929;2021.07.16 15:45;4;25,5;26;25,25;536;202;0;
6930;2021.07.16 16:00;4;25,0625;25,5;24,375;532;202;0;
6931;2021.07.16 16:15;4;24,625;24,875;23,5;527;202;0;
6932;2021.07.16 16:30;4;24,125;24,25;22,75;523;202;0;
6933;2021.07.16 16:45;4;23,625;23,625;22,1875;519;202;0;
6934;2021.07.16 17:00;4;23,125;23,125;21,75;516;202;0;
6935;2021.07.16 17:15;4;22,75;22,75;21,5;513;202;0;
6936;2021.07.16 17:30;4;22,375;22,375;21,25;511;202;0;
6937;2021.07.16 17:45;4;22,0625;22;20,875;509;202;0;
6938;2021.07.16 18:00;4;21,875;21,75;20,625;508;202;0;
6939;2021.07.16 18:15;4;21,5625;21,375;20,125;506;202;0;
6940;2021.07.16 18:30;4;21,25;21,0625;19,5625;504;202;0;
6941;2021.07.16 18:45;4;20,8125;20,625;19;501;202;0;
6942;2021.07.16 19:00;4;20,375;20,125;18,5;498;202;0;
6943;2021.07.16 19:15;4;19,875;19,625;17,9375;495;202;0;
6944;2021.07.16 19:30;4;19,375;19,125;17,375;492;202;0;
6945;2021.07.16 19:45;4;18,875;18,625;16,875;489;202;0;
6946;2021.07.16 20:00;4;18,375;18,125;16,5;486;202;0;
6947;2021.07.16 20:15;4;17,9375;17,6875;16;483;202;0;
6948;2021.07.16 20:30;4;17,5;17,25;15,5625;480;202;0;
6949;2021.07.16 20:45;4;17,0625;16,8125;15,125;478;202;0;
6950;2021.07.16 21:00;4;16,625;16,375;14,625;475;202;0;
6951;2021.07.16 21:15;4;16,25;15,9375;14,25;473;202;0;
6952;2021.07.16 21:30;4;15,8125;15,5;13,8125;470;202;0;
6953;2021.07.16 21:45;4;15,375;15,0625;13,375;468;202;0;
6954;2021.07.16 22:00;4;15;14,625;13;465;202;0;
6955;2021.07.16 22:15;4;14,5625;14,25;12,625;463;202;0;
6956;2021.07.16 22:30;4;14,1875;13,875;12,25;461;202;0;
6957;2021.07.16 22:45;4;13,8125;13,5;11,875;459;202;0;
6958;2021.07.16 23:00;4;13,4375;13,125;11,5625;456;202;0;
6959;2021.07.16 23:15;4;13,125;12,8125;11,25;455;202;0;
6960;2021.07.16 23:30;4;12,8125;12,5;11;453;202;0;
6961;2021.07.16 23:45;4;12,5;12,1875;10,6875;451;202;0;
6962;2021.07.17 00:00;4;12,25;11,875;10,375;450;202;0;
6963;2021.07.17 00:15;4;12;11,625;10,125;448;202;0;
6964;2021.07.17 00:30;4;11,6875;11,375;9,875;447;202;0;
6965;2021.07.17 00:45;4;11,4375;11,0625;9,625;445;202;0;
6966;2021.07.17 01:00;4;11,1875;10,8125;9,4375;444;202;0;
6967;2021.07.17 01:15;4;10,9375;10,625;9,25;442;202;0;
6968;2021.07.17 01:30;4;10,75;10,375;9;441;202;0;
6969;2021.07.17 01:45;4;10,5;10,125;8,75;440;202;0;
6970;2021.07.17 02:00;4;10,3125;9,875;8,625;439;202;0;
6971;2021.07.17 02:15;4;10,125;9,75;8,4375;438;202;0;
6972;2021.07.17 02:30;4;9,875;9,5;8,25;437;202;0;
6973;2021.07.17 02:45;4;9,75;9,3125;8,125;436;202;0;
6974;2021.07.17 03:00;4;9,5;9,125;7,875;435;202;0;
6975;2021.07.17 03:15;4;9,375;9;7,8125;434;202;0;
6976;2021.07.17 03:30;4;9,25;8,8125;7,6875;433;202;0;
6977;2021.07.17 03:45;4;9,0625;8,625;7,5625;432;202;0;
6978;2021.07.17 04:00;4;8,875;8,5;7,4375;431;202;0;
6979;2021.07.17 04:15;4;8,75;8,375;7,25;431;202;0;
6980;2021.07.17 04:30;4;8,625;8,25;7,125;430;202;0;
6981;2021.07.17 04:45;4;8,5;8,125;7,125;429;202;0;
6982;2021.07.17 05:00;4;8,375;8;7,0625;429;202;0;
6983;2021.07.17 05:15;4;8,3125;7,875;7,125;428;202;0;
6984;2021.07.17 05:30;4;8,375;8;8,375;429;202;0;
6985;2021.07.17 05:45;4;8,5;8,4375;9,6875;431;202;0;
6986;2021.07.17 06:00;4;8,625;8,75;9,75;433;202;0;
6987;2021.07.17 06:15;4;8,8125;8,875;9,875;434;202;0;
6988;2021.07.17 06:30;4;9;9,125;10,125;436;202;0;
6989;2021.07.17 06:45;4;9,125;9,3125;10,5625;437;202;0;
6990;2021.07.17 07:00;4;9,375;9,625;11,1875;439;202;0;
6991;2021.07.17 07:15;4;9,6875;10;11,9375;442;202;0;
6992;2021.07.17 07:30;4;10,0625;10,375;12,75;445;202;0;
6993;2021.07.17 07:45;4;10,5;10,9375;13,75;448;202;0;
6994;2021.07.17 08:00;4;11;11,5625;14,75;452;202;0;
6995;2021.07.17 08:15;4;11,625;12,25;15,75;457;202;0;
6996;2021.07.17 08:30;4;12,3125;13;16,8125;463;202;0;
6997;2021.07.17 08:45;4;13;13,8125;17,875;468;202;0;
6998;2021.07.17 09:00;4;13,75;14,625;18,8125;474;202;0;
6999;2021.07.17 09:15;4;14,5625;15,5;19,75;481;202;0;
7000;2021.07.17 09:30;4;15,375;16,375;20,625;487;202;0;
7001;2021.07.17 09:45;4;16,125;17,1875;21,4375;493;202;0;
7002;2021.07.17 10:00;4;16,9375;18;22,25;499;202;0;
7003;2021.07.17 10:15;4;17,75;18,75;22,9375;505;202;0;
7004;2021.07.17 10:30;4;18,4375;19,5;23,5;510;202;0;
7005;2021.07.17 10:45;4;19,125;20,25;23,875;515;202;0;
7006;2021.07.17 11:00;4;19,6875;20,75;24;519;202;0;
7007;2021.07.17 11:15;4;20,1875;21,1875;23,8125;522;202;0;
7008;2021.07.17 11:30;4;20,5;21,5;23,5;524;202;0;
7009;2021.07.17 11:45;4;20,8125;21,625;23,25;525;202;0;
7010;2021.07.17 12:00;4;21;21,8125;23,25;525;202;0;
7011;2021.07.17 12:15;4;21,25;22;23,375;526;202;0;
7012;2021.07.17 12:30;4;21,5;22,125;23,875;527;202;0;
7013;2021.07.17 12:45;4;21,75;22,4375;24,4375;529;202;0;
7014;2021.07.17 13:00;4;22;22,75;25;530;202;0;
7015;2021.07.17 13:15;4;22,25;23,0625;25,375;532;202;0;
7016;2021.07.17 13:30;4;22,625;23,375;25,625;534;202;0;
7017;2021.07.17 13:45;4;22,875;23,75;26;536;202;0;
7018;2021.07.17 14:00;4;23,125;24;26;537;202;0;
7019;2021.07.17 14:15;4;23,375;24,25;26,25;539;202;0;
7020;2021.07.17 14:30;4;23,75;24,5;26,75;540;202;0;
7021;2021.07.17 14:45;4;24;24,875;27;542;202;0;
7022;2021.07.17 15:00;4;24,25;25,125;27,5;543;202;0;
7023;2021.07.17 15:15;4;24,5;25,4375;27,75;545;202;0;
7024;2021.07.17 15:30;4;24,625;25,625;27,125;544;202;0;
7025;2021.07.17 15:45;4;24,0625;25,125;25,25;538;202;0;
7026;2021.07.17 16:00;4;23,625;24,5;24;533;202;0;
7027;2021.07.17 16:15;4;23,25;23,875;23,375;528;202;0;
7028;2021.07.17 16:30;4;23;23,4375;22,8125;525;202;0;
7029;2021.07.17 16:45;4;22,75;23,0625;22,4375;522;202;0;
7030;2021.07.17 17:00;4;22,5;22,75;22,0625;519;202;0;
7031;2021.07.17 17:15;4;22,25;22,375;21,8125;517;202;0;
7032;2021.07.17 17:30;4;22,0625;22,125;21,5;515;202;0;
7033;2021.07.17 17:45;4;21,875;21,875;21,25;514;202;0;
7034;2021.07.17 18:00;4;21,625;21,625;21;513;202;0;
7035;2021.07.17 18:15;4;21,5;21,4375;20,75;512;202;0;
7036;2021.07.17 18:30;4;21,25;21,25;20,5;511;202;0;
7037;2021.07.17 18:45;4;21;21;20,1875;510;202;0;
7038;2021.07.17 19:00;4;20,75;20,6875;19,875;508;202;0;
7039;2021.07.17 19:15;4;20,5;20,375;19,625;506;202;0;
7040;2021.07.17 19:30;4;20,125;20,0625;19,25;504;202;0;
7041;2021.07.17 19:45;4;19,6875;19,625;18,6875;501;202;0;
7042;2021.07.17 20:00;4;19,1875;19,125;18,125;498;202;0;
7043;2021.07.17 20:15;4;18,75;18,6875;17,75;496;202;0;
7044;2021.07.17 20:30;4;18,3125;18,25;17,25;493;202;0;
7045;2021.07.17 20:45;4;17,875;17,75;16,75;491;202;0;
7046;2021.07.17 21:00;4;17,5;17,375;16,375;488;202;0;
7047;2021.07.17 21:15;4;17,0625;16,9375;15,875;485;202;0;
7048;2021.07.17 21:30;4;16,625;16,5;15,5;483;202;0;
7049;2021.07.17 21:45;4;16,25;16,0625;15,125;481;202;0;
7050;2021.07.17 22:00;4;15,875;15,625;14,75;478;202;0;
7051;2021.07.17 22:15;4;15,4375;15,25;14,375;476;202;0;
7052;2021.07.17 22:30;4;15,0625;14,875;14;474;202;0;
7053;2021.07.17 22:45;4;14,75;14,5;13,6875;472;202;0;
7054;2021.07.17 23:00;4;14,375;14,1875;13,375;470;202;0;
7055;2021.07.17 23:15;4;14,0625;13,875;13,0625;468;202;0;
7056;2021.07.17 23:30;4;13,75;13,5;12,75;466;202;0;
7057;2021.07.17 23:45;4;13,4375;13,25;12,5;464;202;0;
7058;2021.07.18 00:00;4;13,125;12,9375;12,25;463;202;0;
7059;2021.07.18 00:15;4;12,875;12,625;11,9375;461;202;0;
7060;2021.07.18 00:30;4;12,625;12,375;11,75;460;202;0;
7061;2021.07.18 00:45;4;12,375;12,125;11,5;458;202;0;
7062;2021.07.18 01:00;4;12,125;11,875;11,25;457;202;0;
7063;2021.07.18 01:15;4;11,875;11,625;11;456;202;0;
7064;2021.07.18 01:30;4;11,625;11,4375;10,875;454;202;0;
7065;2021.07.18 01:45;4;11,4375;11,25;10,625;453;202;0;
7066;2021.07.18 02:00;4;11,25;11;10,5;452;202;0;
7067;2021.07.18 02:15;4;11,0625;10,875;10,3125;451;202;0;
7068;2021.07.18 02:30;4;10,875;10,625;10,125;450;202;0;
7069;2021.07.18 02:45;4;10,75;10,5;10;450;202;0;
7070;2021.07.18 03:00;4;10,5625;10,375;9,875;449;202;0;
7071;2021.07.18 03:15;4;10,375;10,25;9,75;448;202;0;
7072;2021.07.18 03:30;4;10,25;10,0625;9,625;447;202;0;
7073;2021.07.18 03:45;4;10,125;9,9375;9,5;447;202;0;
7074;2021.07.18 04:00;4;10;9,8125;9,375;446;202;0;
7075;2021.07.18 04:15;4;9,875;9,6875;9,3125;445;202;0;
7076;2021.07.18 04:30;4;9,75;9,5625;9,25;445;202;0;
7077;2021.07.18 04:45;4;9,6875;9,5;9,125;444;202;0;
7078;2021.07.18 05:00;4;9,625;9,375;9,0625;444;202;0;
7079;2021.07.18 05:15;4;9,5;9,3125;9;444;202;0;
7080;2021.07.18 05:30;4;9,5;9,25;9;444;202;0;
7081;2021.07.18 05:45;4;9,375;9,25;9;444;202;0;
7082;2021.07.18 06:00;4;9,375;9,1875;9;444;202;0;
7083;2021.07.18 06:15;4;9,4375;9,25;9,3125;444;202;0;
7084;2021.07.18 06:30;4;9,625;9,5625;10,8125;446;202;0;
7085;2021.07.18 06:45;4;10;10,125;11,625;449;202;0;
7086;2021.07.18 07:00;4;10,4375;10,6875;12,375;453;202;0;
7087;2021.07.18 07:15;4;11;11,25;13,125;457;202;0;
7088;2021.07.18 07:30;4;11,625;12;14,1875;462;202;0;
7089;2021.07.18 07:45;4;12,375;12,875;15,5625;469;202;0;
7090;2021.07.18 08:00;4;13,375;14;16,9375;477;202;0;
7091;2021.07.18 08:15;4;14,375;15;18,125;485;202;0;
7092;2021.07.18 08:30;4;15,375;16,125;19,125;493;202;0;
7093;2021.07.18 08:45;4;16,375;17,125;20,125;501;202;0;
7094;2021.07.18 09:00;4;17,375;18,125;21,125;509;202;0;
7095;2021.07.18 09:15;4;18,375;19,125;22,125;516;202;0;
7096;2021.07.18 09:30;4;19,3125;20,125;23,0625;524;202;0;
7097;2021.07.18 09:45;4;20,25;21,125;24;531;202;0;
7098;2021.07.18 10:00;4;21,25;22;24,9375;538;202;0;
7099;2021.07.18 10:15;4;22,1875;22,9375;25,8125;544;202;0;
7100;2021.07.18 10:30;4;23,125;23,875;26,625;550;202;0;
7101;2021.07.18 10:45;4;23,625;24,25;26,3125;553;202;0;
7102;2021.07.18 11:00;4;24;24,625;26;553;202;0;
7103;2021.07.18 11:15;4;24,25;24,75;25,875;551;202;0;
7104;2021.07.18 11:30;4;24,5625;25;26,125;550;202;0;
7105;2021.07.18 11:45;4;24,875;25,25;26,5;550;202;0;
7106;2021.07.18 12:00;4;25,3125;25,625;27,25;550;202;0;
7107;2021.07.18 12:15;4;25,8125;26,1875;28,25;552;202;0;
7108;2021.07.18 12:30;4;26,375;26,8125;28,9375;554;202;0;
7109;2021.07.18 12:45;4;26,875;27,375;29,625;557;202;0;
7110;2021.07.18 13:00;4;27,375;27,9375;29,9375;559;202;0;
7111;2021.07.18 13:15;4;27,75;28,3125;30,125;560;202;0;
7112;2021.07.18 13:30;4;28,0625;28,625;30,125;560;202;0;
7113;2021.07.18 13:45;4;28,25;28,875;30;560;202;0;
7114;2021.07.18 14:00;4;28,25;28,875;29,5625;558;202;0;
7115;2021.07.18 14:15;4;28,125;28,75;29,3125;555;202;0;
7116;2021.07.18 14:30;4;28,125;28,625;29,25;553;202;0;
7117;2021.07.18 14:45;4;27,875;28,4375;28,625;549;202;0;
7118;2021.07.18 15:00;4;27,625;28,125;27,875;545;202;0;
7119;2021.07.18 15:15;4;27,375;27,75;27,4375;542;202;0;
7120;2021.07.18 15:30;4;27,25;27,5;27,3125;540;202;0;
7121;2021.07.18 15:45;4;27,1875;27,375;27,25;538;202;0;
7122;2021.07.18 16:00;4;27,0625;27,25;27;537;202;0;
7123;2021.07.18 16:15;4;26,875;27;26,625;535;202;0;
7124;2021.07.18 16:30;4;26,6875;26,75;26,375;533;202;0;
7125;2021.07.18 16:45;4;26,5625;26,625;26,25;532;202;0;
7126;2021.07.18 17:00;4;26,375;26,4375;26,0625;530;202;0;
7127;2021.07.18 17:15;4;26,3125;26,3125;26;529;202;0;
7128;2021.07.18 17:30;4;26,1875;26,1875;25,875;528;202;0;
7129;2021.07.18 17:45;4;26,0625;26,0625;25,625;527;202;0;
7130;2021.07.18 18:00;4;25,9375;25,875;25,5;526;202;0;
7131;2021.07.18 18:15;4;25,875;25,75;25,375;525;202;0;
7132;2021.07.18 18:30;4;25,625;25,625;25;524;202;0;
7133;2021.07.18 18:45;4;25,375;25,3125;24,5625;522;202;0;
7134;2021.07.18 19:00;4;25,125;25;24,1875;521;202;0;
7135;2021.07.18 19:15;4;24,75;24,75;23,75;518;202;0;
7136;2021.07.18 19:30;4;24,375;24,3125;23,125;516;202;0;
7137;2021.07.18 19:45;4;23,9375;23,875;22,625;513;202;0;
7138;2021.07.18 20:00;4;23,5;23,375;22;510;202;0;
7139;2021.07.18 20:15;4;23;22,875;21,5;507;202;0;
7140;2021.07.18 20:30;4;22,5;22,375;21;504;202;0;
7141;2021.07.18 20:45;4;22,125;21,875;20,5;501;202;0;
7142;2021.07.18 21:00;4;21,625;21,4375;20,0625;498;202;0;
7143;2021.07.18 21:15;4;21,1875;21;19,625;495;202;0;
7144;2021.07.18 21:30;4;20,75;20,5625;19,25;493;202;0;
7145;2021.07.18 21:45;4;20,375;20,125;18,875;490;202;0;
7146;2021.07.18 22:00;4;20;19,75;18,5625;488;202;0;
7147;2021.07.18 22:15;4;19,625;19,4375;18,25;486;202;0;
7148;2021.07.18 22:30;4;19,3125;19,125;18;484;202;0;
7149;2021.07.18 22:45;4;19;18,75;17,75;482;202;0;
7150;2021.07.18 23:00;4;18,75;18,5;17,5;481;202;0;
7151;2021.07.18 23:15;4;18,4375;18,25;17,25;479;202;0;
7152;2021.07.18 23:30;4;18,125;18;17;478;202;0;
7153;2021.07.18 23:45;4;17,875;17,75;16,875;476;202;0;
7154;2021.07.19 00:00;4;17,6875;17,5;16,625;475;202;0;
7155;2021.07.19 00:15;4;17,5;17,25;16,5;474;202;0;
7156;2021.07.19 00:30;4;17,3125;17,125;16,375;473;202;0;
7157;2021.07.19 00:45;4;17,125;16,9375;16,25;472;202;0;
7158;2021.07.19 01:00;4;17;16,8125;16,1875;472;202;0;
7159;2021.07.19 01:15;4;16,875;16,625;16,0625;471;202;0;
7160;2021.07.19 01:30;4;16,6875;16,5;16;470;202;0;
7161;2021.07.19 01:45;4;16,5625;16,375;15,875;470;202;0;
7162;2021.07.19 02:00;4;16,5;16,25;15,75;469;202;0;
7163;2021.07.19 02:15;4;16,3125;16,125;15,625;468;202;0;
7164;2021.07.19 02:30;4;16,1875;16;15,5;468;202;0;
7165;2021.07.19 02:45;4;16;15,875;15,25;467;202;0;
7166;2021.07.19 03:00;4;15,875;15,75;15,125;466;202;0;
7167;2021.07.19 03:15;4;15,75;15,5;14,875;465;202;0;
7168;2021.07.19 03:30;4;15,5625;15,375;14,6875;464;202;0;
7169;2021.07.19 03:45;4;15,375;15,1875;14,5;463;202;0;
7170;2021.07.19 04:00;4;15,1875;15;14,3125;462;202;0;
7171;2021.07.19 04:15;4;15,125;14,875;14,4375;462;202;0;
7172;2021.07.19 04:30;4;15;14,875;14,375;462;202;0;
7173;2021.07.19 04:45;4;14,875;14,75;14,25;462;202;0;
7174;2021.07.19 05:00;4;14,875;14,6875;14,5;463;202;0;
7175;2021.07.19 05:15;4;14,875;14,8125;15,125;463;202;0;
7176;2021.07.19 05:30;4;15,125;15;15,5;465;202;0;
7177;2021.07.19 05:45;4;15,375;15,25;15,6875;467;202;0;
7178;2021.07.19 06:00;4;15,5;15,4375;15,625;463;202;0;
7179;2021.07.19 06:15;4;15,625;15,5;15,3125;463;202;0;
7180;2021.07.19 06:30;4;15,875;15,5625;15,5;465;202;0;
7181;2021.07.19 06:45;4;16,0625;15,75;15,6875;467;202;0;
7182;2021.07.19 07:00;4;16,25;15,875;15,8125;468;202;0;
7183;2021.07.19 07:15;4;16,5;16,0625;16,125;470;202;0;
7184;2021.07.19 07:30;4;16,75;16,375;16,75;472;202;0;
7185;2021.07.19 07:45;4;17,0625;16,6875;17,625;474;202;0;
7186;2021.07.19 08:00;4;17,375;17,125;18,125;477;202;0;
7187;2021.07.19 08:15;4;17,75;17,5;18,875;479;202;0;
7188;2021.07.19 08:30;4;18,0625;18;19,25;482;202;0;
7189;2021.07.19 08:45;4;18,375;18,375;19,5;484;202;0;
7190;2021.07.19 09:00;4;18,5625;18,625;19,5;486;202;0;
7191;2021.07.19 09:15;4;18,75;18,875;19,5625;487;202;0;
7192;2021.07.19 09:30;4;18,875;19;19,4375;488;202;0;
7193;2021.07.19 09:45;4;18,9375;19;19,1875;489;202;0;
7194;2021.07.19 10:00;4;18,875;19;18,75;488;202;0;
7195;2021.07.19 10:15;4;18,875;18,875;18,5;487;202;0;
7196;2021.07.19 10:30;4;18,8125;18,8125;18,5;487;202;0;
7197;2021.07.19 10:45;4;18,75;18,75;18,8125;487;202;0;
7198;2021.07.19 11:00;4;18,75;18,8125;19;487;202;0;
7199;2021.07.19 11:15;4;18,875;18,875;19,375;487;202;0;
7200;2021.07.19 11:30;4;18,9375;19;19,875;488;202;0;
7201;2021.07.19 11:45;4;19;19,25;20;489;202;0;
7202;2021.07.19 12:00;4;19,125;19,375;20,125;489;202;0;
7203;2021.07.19 12:15;4;19,25;19,5;20,0625;490;202;0;
7204;2021.07.19 12:30;4;19,25;19,5;19,875;490;202;0;
7205;2021.07.19 12:45;4;19,25;19,5;19,625;490;202;0;
7206;2021.07.19 13:00;4;19,25;19,5;19,5;490;202;0;
7207;2021.07.19 13:15;4;19,25;19,5;19,8125;490;202;0;
7208;2021.07.19 13:30;4;19,25;19,5;19,75;490;202;0;
7209;2021.07.19 13:45;4;19,3125;19,5;19,75;490;202;0;
7210;2021.07.19 14:00;4;19,25;19,5;19,625;490;202;0;
7211;2021.07.19 14:15;4;19,25;19,5;19,5;490;202;0;
7212;2021.07.19 14:30;4;19,1875;19,375;19,25;493;202;0;
7213;2021.07.19 14:45;4;19,125;19,25;18,875;487;202;0;
7214;2021.07.19 15:00;4;19;19,0625;18,625;488;202;0;
7215;2021.07.19 15:15;4;19;19;18,75;487;202;0;
7216;2021.07.19 15:30;4;19;19,0625;19,3125;488;202;0;
7217;2021.07.19 15:45;4;19,25;19,25;20;490;202;0;
7218;2021.07.19 16:00;4;19,6875;19,6875;20,8125;493;202;0;
7219;2021.07.19 16:15;4;20,125;20,125;21,25;496;202;0;
7220;2021.07.19 16:30;4;20,5625;20,5;21,375;500;202;0;
7221;2021.07.19 16:45;4;20,875;20,8125;21,5;502;202;0;
7222;2021.07.19 17:00;4;21,1875;21;21,375;504;202;0;
7223;2021.07.19 17:15;4;21,375;21,125;21,25;505;202;0;
7224;2021.07.19 17:30;4;21,5;21,25;21,125;505;202;0;
7225;2021.07.19 17:45;4;21,5625;21,3125;21,125;506;202;0;
7226;2021.07.19 18:00;4;21,625;21,375;21,125;506;202;0;
7227;2021.07.19 18:15;4;21,75;21,375;21,0625;506;202;0;
7228;2021.07.19 18:30;4;21,75;21,5;20,875;507;202;0;
7229;2021.07.19 18:45;4;21,6875;21,375;20,4375;507;202;0;
7230;2021.07.19 19:00;4;21,5625;21,25;20;506;202;0;
7231;2021.07.19 19:15;4;21,375;21;19,6875;505;202;0;
7232;2021.07.19 19:30;4;21,125;20,75;19,375;503;202;0;
7233;2021.07.19 19:45;4;20,875;20,5;19;501;202;0;
7234;2021.07.19 20:00;4;20,625;20,25;18,625;499;202;0;
7235;2021.07.19 20:15;4;20,375;19,875;18,25;497;202;0;
7236;2021.07.19 20:30;4;20;19,625;17,875;495;202;0;
7237;2021.07.19 20:45;4;19,75;19,25;17,5;493;202;0;
7238;2021.07.19 21:00;4;19,375;18,875;17,125;491;202;0;
7239;2021.07.19 21:15;4;19,125;18,625;16,875;489;202;0;
7240;2021.07.19 21:30;4;18,75;18,25;16,5;487;202;0;
7241;2021.07.19 21:45;4;18,4375;18;16,1875;485;202;0;
7242;2021.07.19 22:00;4;18,125;17,625;15,875;483;202;0;
7243;2021.07.19 22:15;4;17,8125;17,375;15,625;481;202;0;
7244;2021.07.19 22:30;4;17,5;17;15,3125;480;202;0;
7245;2021.07.19 22:45;4;17,25;16,75;15;478;202;0;
7246;2021.07.19 23:00;4;16,875;16,4375;14,75;476;202;0;
7247;2021.07.19 23:15;4;16,625;16,125;14,5;475;202;0;
7248;2021.07.19 23:30;4;16,375;15,875;14,25;473;202;0;
7249;2021.07.19 23:45;4;16,125;15,625;14;471;202;0;
7250;2021.07.20 00:00;4;15,8125;15,375;13,75;470;202;0;
7251;2021.07.20 00:15;4;15,5;15,0625;13,5;468;202;0;
7252;2021.07.20 00:30;4;15,25;14,8125;13,25;467;202;0;
7253;2021.07.20 00:45;4;15;14,5625;13,125;465;202;0;
7254;2021.07.20 01:00;4;14,75;14,375;12,875;464;202;0;
7255;2021.07.20 01:15;4;14,5625;14,125;12,6875;463;202;0;
7256;2021.07.20 01:30;4;14,3125;13,875;12,5;462;202;0;
7257;2021.07.20 01:45;4;14,125;13,625;12,3125;461;202;0;
7258;2021.07.20 02:00;4;13,875;13,4375;12,125;459;202;0;
7259;2021.07.20 02:15;4;13,6875;13,25;12;459;202;0;
7260;2021.07.20 02:30;4;13,5;13,0625;11,8125;457;202;0;
7261;2021.07.20 02:45;4;13,3125;12,875;11,625;457;202;0;
7262;2021.07.20 03:00;4;13,125;12,75;11,5;456;202;0;
7263;2021.07.20 03:15;4;13;12,5;11,375;455;202;0;
7264;2021.07.20 03:30;4;12,75;12,375;11,25;454;202;0;
7265;2021.07.20 03:45;4;12,625;12,25;11,0625;453;202;0;
7266;2021.07.20 04:00;4;12,4375;12;10,875;452;202;0;
7267;2021.07.20 04:15;4;12,25;11,875;10,6875;451;202;0;
7268;2021.07.20 04:30;4;12,125;11,6875;10,5;450;202;0;
7269;2021.07.20 04:45;4;11,9375;11,5;10,375;449;202;0;
7270;2021.07.20 05:00;4;11,8125;11,375;10,375;449;202;0;
7271;2021.07.20 05:15;4;11,625;11,25;10,25;448;202;0;
7272;2021.07.20 05:30;4;11,5625;11,125;10,25;448;202;0;
7273;2021.07.20 05:45;4;11,5;11,0625;10,25;447;202;0;
7274;2021.07.20 06:00;4;11,4375;11;10,4375;447;202;0;
7275;2021.07.20 06:15;4;11,5;11,0625;10,8125;447;202;0;
7276;2021.07.20 06:30;4;11,5625;11,1875;11,5;448;202;0;
7277;2021.07.20 06:45;4;11,75;11,5;12,5;450;202;0;
7278;2021.07.20 07:00;4;12,125;11,9375;13,5;453;202;0;
7279;2021.07.20 07:15;4;12,75;12,625;14,875;459;202;0;
7280;2021.07.20 07:30;4;14,8125;14,1875;17,5;475;202;0;
7281;2021.07.20 07:45;4;15,9375;15,5;18,375;486;202;0;
7282;2021.07.20 08:00;4;16,5625;16,5;19;494;202;0;
7283;2021.07.20 08:15;4;16,875;16,9375;18,1875;497;202;0;
7284;2021.07.20 08:30;4;17,0625;17,125;17,625;499;202;0;
7285;2021.07.20 08:45;4;17,125;17,125;17,25;500;202;0;
7286;2021.07.20 09:00;4;17,125;17,125;17,0625;500;202;0;
7287;2021.07.20 09:15;4;17,125;17,125;16,875;499;202;0;
7288;2021.07.20 09:30;4;17,0625;17,0625;16,75;499;202;0;
7289;2021.07.20 09:45;4;17;17;16,6875;499;202;0;
7290;2021.07.20 10:00;4;16,9375;16,9375;16,75;499;202;0;
7291;2021.07.20 10:15;4;17,25;17,375;19,625;501;202;0;
7292;2021.07.20 10:30;4;18;18,5;23,375;508;202;0;
7293;2021.07.20 10:45;4;19;19,75;24,5;514;202;0;
7294;2021.07.20 11:00;4;20,0625;21;25,75;523;202;0;
7295;2021.07.20 11:15;4;21,125;22,0625;26,625;530;202;0;
7296;2021.07.20 11:30;4;22;23;27,125;536;202;0;
7297;2021.07.20 11:45;4;22,75;23,6875;27,0625;540;202;0;
7298;2021.07.20 12:00;4;23,125;24;26,125;541;202;0;
7299;2021.07.20 12:15;4;23,375;24,0625;26;540;202;0;
7300;2021.07.20 12:30;4;23,75;24,5;27,25;542;202;0;
7301;2021.07.20 12:45;4;24,25;25,125;28;544;202;0;
7302;2021.07.20 13:00;4;24,5;25,375;27,4375;544;202;0;
7303;2021.07.20 13:15;4;24,625;25,375;26,75;542;202;0;
7304;2021.07.20 13:30;4;24,625;25,3125;26,375;540;202;0;
7305;2021.07.20 13:45;4;24,75;25,25;26,125;538;202;0;
7306;2021.07.20 14:00;4;24,75;25,125;25,875;536;202;0;
7307;2021.07.20 14:15;4;24,6875;25,0625;25,5625;533;202;0;
7308;2021.07.20 14:30;4;24,625;25;25,9375;532;202;0;
7309;2021.07.20 14:45;4;24,75;25,1875;26,5;531;202;0;
7310;2021.07.20 15:00;4;24,875;25,375;26,6875;531;202;0;
7311;2021.07.20 15:15;4;25,125;25,625;26,75;532;202;0;
7312;2021.07.20 15:30;4;25,25;25,75;26,8125;533;202;0;
7313;2021.07.20 15:45;4;25,4375;25,9375;26,9375;532;202;0;
7314;2021.07.20 16:00;4;25,5625;26;26,75;532;202;0;
7315;2021.07.20 16:15;4;25,625;26,125;27;532;202;0;
7316;2021.07.20 16:30;4;25,875;26,375;27,8125;533;202;0;
7317;2021.07.20 16:45;4;26,125;26,625;28;534;202;0;
7318;2021.07.20 17:00;4;26,5;26,9375;28,25;536;202;0;
7319;2021.07.20 17:15;4;26,8125;27,125;28,0625;538;202;0;
7320;2021.07.20 17:30;4;27;27,25;27,625;539;202;0;
7321;2021.07.20 17:45;4;27;27,25;27,25;539;202;0;
7322;2021.07.20 18:00;4;26,875;27,125;26,875;539;202;0;
7323;2021.07.20 18:15;4;26,75;27;26,5;538;202;0;
7324;2021.07.20 18:30;4;26,625;26,75;26,125;537;202;0;
7325;2021.07.20 18:45;4;26,375;26,5625;25,75;536;202;0;
7326;2021.07.20 19:00;4;26,125;26,25;25,125;534;202;0;
7327;2021.07.20 19:15;4;25,75;25,875;24,375;532;202;0;
7328;2021.07.20 19:30;4;25,375;25,4375;23,75;530;202;0;
7329;2021.07.20 19:45;4;25;25;23,5;527;202;0;
7330;2021.07.20 20:00;4;25,125;25;24,5625;542;202;0;
7331;2021.07.20 20:15;4;25,125;25;24,6875;542;202;0;
7332;2021.07.20 20:30;4;25,125;25;24,625;543;202;0;
7333;2021.07.20 20:45;4;25,125;25;24,5625;543;202;0;
7334;2021.07.20 21:00;4;25;24,9375;24,375;543;202;0;
7335;2021.07.20 21:15;4;25;24,875;24,1875;543;202;0;
7336;2021.07.20 21:30;4;24,875;24,75;24;543;202;0;
7337;2021.07.20 21:45;4;24,6875;24,625;23,8125;542;202;0;
7338;2021.07.20 22:00;4;24,5625;24,5;23,625;542;202;0;
7339;2021.07.20 22:15;4;24,375;24,375;23,5;541;202;0;
7340;2021.07.20 22:30;4;24,25;24,25;23,25;540;202;0;
7341;2021.07.20 22:45;4;24,0625;24,0625;23;540;202;0;
7342;2021.07.20 23:00;4;23,875;23,875;22,875;539;202;0;
7343;2021.07.20 23:15;4;23,75;23,75;22,75;538;202;0;
7344;2021.07.20 23:30;4;23,5;23,5625;22,5;538;202;0;
7345;2021.07.20 23:45;4;23,375;23,375;22,375;537;202;0;
7346;2021.07.21 00:00;4;23,1875;23,25;22,125;536;202;0;
7347;2021.07.21 00:15;4;23;23;22;535;202;0;
7348;2021.07.21 00:30;4;22,8125;22,875;21,8125;535;202;0;
7349;2021.07.21 00:45;4;22,625;22,6875;21,625;534;202;0;
7350;2021.07.21 01:00;4;22,5;22,5;21,4375;533;202;0;
7351;2021.07.21 01:15;4;22,3125;22,375;21,3125;533;202;0;
7352;2021.07.21 01:30;4;22,125;22,1875;21,125;532;202;0;
7353;2021.07.21 01:45;4;22;22;21;532;202;0;
7354;2021.07.21 02:00;4;21,875;21,875;20,875;531;202;0;
7355;2021.07.21 02:15;4;21,6875;21,75;20,75;530;202;0;
7356;2021.07.21 02:30;4;21,5;21,5625;20,5;530;202;0;
7357;2021.07.21 02:45;4;21,375;21,375;20,375;529;202;0;
7358;2021.07.21 03:00;4;21,25;21,25;20,25;529;202;0;
7359;2021.07.21 03:15;4;21,0625;21,125;20,125;528;202;0;
7360;2021.07.21 03:30;4;20,9375;20,9375;20;528;202;0;
7361;2021.07.21 03:45;4;20,8125;20,8125;19,875;527;202;0;
7362;2021.07.21 04:00;4;20,625;20,6875;19,75;527;202;0;
7363;2021.07.21 04:15;4;20,5;20,5625;19,625;527;202;0;
7364;2021.07.21 04:30;4;20,375;20,375;19,5;526;202;0;
7365;2021.07.21 04:45;4;20,25;20,3125;19,5;526;202;0;
7366;2021.07.21 05:00;4;20,25;20,1875;19,4375;526;202;0;
7367;2021.07.21 05:15;4;20,125;20,125;19,375;526;202;0;
7368;2021.07.21 05:30;4;20,125;20,0625;19,5;526;202;0;
7369;2021.07.21 05:45;4;20,125;20;19,625;527;202;0;
7370;2021.07.21 06:00;4;20,125;20,0625;19,75;527;202;0;
7371;2021.07.21 06:15;4;20,25;20,0625;19,875;528;202;0;
7372;2021.07.21 06:30;4;20,25;20,125;20;529;202;0;
7373;2021.07.21 06:45;4;20,375;20,25;20,125;530;202;0;
7374;2021.07.21 07:00;4;20,5;20,25;20,25;531;202;0;
7375;2021.07.21 07:15;4;20,625;20,375;20,5;532;202;0;
7376;2021.07.21 07:30;4;20,75;20,5;20,6875;533;202;0;
7377;2021.07.21 07:45;4;20,9375;20,6875;20,875;535;202;0;
7378;2021.07.21 08:00;4;21,125;20,875;21,1875;536;202;0;
7379;2021.07.21 08:15;4;21,375;21,0625;21,5625;538;202;0;
7380;2021.07.21 08:30;4;21,625;21,3125;21,875;540;202;0;
7381;2021.07.21 08:45;4;21,875;21,5625;22,25;541;202;0;
7382;2021.07.21 09:00;4;22,25;21,875;22,75;543;202;0;
7383;2021.07.21 09:15;4;22,625;22,25;23,125;545;202;0;
7384;2021.07.21 09:30;4;22,875;22,5;23,375;547;202;0;
7385;2021.07.21 09:45;4;23,25;22,875;23,875;549;202;0;
7386;2021.07.21 10:00;4;23,6875;23,25;24,375;551;202;0;
7387;2021.07.21 10:15;4;24;23,625;24,75;553;202;0;
7388;2021.07.21 10:30;4;24,375;24;25,125;554;202;0;
7389;2021.07.21 10:45;4;24,75;24,3125;25,5;555;202;0;
7390;2021.07.21 11:00;4;25,125;24,6875;25,9375;557;202;0;
7391;2021.07.21 11:15;4;25,5;25;26,375;558;202;0;
7392;2021.07.21 11:30;4;25,875;25,4375;26,875;560;202;0;
7393;2021.07.21 11:45;4;26,375;25,875;27,375;562;202;0;
7394;2021.07.21 12:00;4;26,75;26,25;27,875;563;202;0;
7395;2021.07.21 12:15;4;27,0625;26,625;27,9375;564;202;0;
7396;2021.07.21 12:30;4;27,3125;26,9375;28,1875;565;202;0;
7397;2021.07.21 12:45;4;27,75;27,3125;28,75;566;202;0;
7398;2021.07.21 13:00;4;28,125;27,6875;29,25;567;202;0;
7399;2021.07.21 13:15;4;28,375;28;29,375;568;202;0;
7400;2021.07.21 13:30;4;28,75;28,3125;29,625;568;202;0;
7401;2021.07.21 13:45;4;29;28,625;29,9375;569;202;0;
7402;2021.07.21 14:00;4;29,25;28,875;30,0625;569;202;0;
7403;2021.07.21 14:15;4;29,4375;29,125;30,125;569;202;0;
7404;2021.07.21 14:30;4;29,625;29,375;30,375;569;202;0;
7405;2021.07.21 14:45;4;29,8125;29,5;30,5;569;202;0;
7406;2021.07.21 15:00;4;30;29,75;30,6875;569;202;0;
7407;2021.07.21 15:15;4;30,125;29,875;30,6875;569;202;0;
7408;2021.07.21 15:30;4;30,25;30;30,75;569;202;0;
7409;2021.07.21 15:45;4;30,3125;30,125;30,75;569;202;0;
7410;2021.07.21 16:00;4;30,375;30,1875;30,6875;568;202;0;
7411;2021.07.21 16:15;4;30,375;30,25;30,6875;568;202;0;
7412;2021.07.21 16:30;4;30,375;30,3125;30,75;568;202;0;
7413;2021.07.21 16:45;4;30,375;30,3125;30,5;567;202;0;
7414;2021.07.21 17:00;4;30,25;30,25;30,25;566;202;0;
7415;2021.07.21 17:15;4;30,125;30,125;30;565;202;0;
7416;2021.07.21 17:30;4;29,875;30;29,625;564;202;0;
7417;2021.07.21 17:45;4;29,75;29,875;29,375;563;202;0;
7418;2021.07.21 18:00;4;29,5;29,6875;29;562;202;0;
7419;2021.07.21 18:15;4;29,25;29,5;28,6875;560;202;0;
7420;2021.07.21 18:30;4;29;29,25;28,375;559;202;0;
7421;2021.07.21 18:45;4;28,75;29;28;558;202;0;
7422;2021.07.21 19:00;4;28,4375;28,75;27,5;556;202;0;
7423;2021.07.21 19:15;4;28,1875;28,4375;27,1875;555;202;0;
7424;2021.07.21 19:30;4;27,875;28,125;26,75;553;202;0;
7425;2021.07.21 19:45;4;27,625;27,875;26,4375;552;202;0;
7426;2021.07.21 20:00;4;27,3125;27,5;26;550;202;0;
7427;2021.07.21 20:15;4;27;27,25;25,75;549;202;0;
7428;2021.07.21 20:30;4;26,75;26,875;25,375;547;202;0;
7429;2021.07.21 20:45;4;26,375;26,625;25;545;202;0;
7430;2021.07.21 21:00;4;26,125;26,25;24,625;544;202;0;
7431;2021.07.21 21:15;4;25,75;25,9375;24,375;542;202;0;
7432;2021.07.21 21:30;4;25,5;25,625;24,125;541;202;0;
7433;2021.07.21 21:45;4;25,1875;25,375;23,875;539;202;0;
7434;2021.07.21 22:00;4;24,875;25,0625;23,5625;538;202;0;
7435;2021.07.21 22:15;4;24,625;24,75;23,25;537;202;0;
7436;2021.07.21 22:30;4;24,375;24,5;23;535;202;0;
7437;2021.07.21 22:45;4;24,125;24,25;22,75;534;202;0;
7438;2021.07.21 23:00;4;23,8125;23,9375;22,5;533;202;0;
7439;2021.07.21 23:15;4;23,5625;23,6875;22,25;532;202;0;
7440;2021.07.21 23:30;4;23,3125;23,4375;22;531;202;0;
7441;2021.07.21 23:45;4;23,125;23,1875;21,875;530;202;0;
7442;2021.07.22 00:00;4;22,875;22,9375;21,625;529;202;0;
7443;2021.07.22 00:15;4;22,625;22,75;21,375;528;202;0;
7444;2021.07.22 00:30;4;22,375;22,5;21,125;527;202;0;
7445;2021.07.22 00:45;4;22,1875;22,25;21;526;202;0;
7446;2021.07.22 01:00;4;22;22;20,75;526;202;0;
7447;2021.07.22 01:15;4;21,75;21,875;20,625;525;202;0;
7448;2021.07.22 01:30;4;21,5625;21,625;20,375;524;202;0;
7449;2021.07.22 01:45;4;21,375;21,375;20,25;523;202;0;
7450;2021.07.22 02:00;4;21,125;21,25;20;522;202;0;
7451;2021.07.22 02:15;4;21;21;19,875;522;202;0;
7452;2021.07.22 02:30;4;20,8125;20,875;19,6875;521;202;0;
7453;2021.07.22 02:45;4;20,625;20,625;19,5;521;202;0;
7454;2021.07.22 03:00;4;20,375;20,4375;19,25;520;202;0;
7455;2021.07.22 03:15;4;20,25;20,25;19,125;519;202;0;
7456;2021.07.22 03:30;4;20,0625;20,125;19;519;202;0;
7457;2021.07.22 03:45;4;19,875;19,875;18,75;518;202;0;
7458;2021.07.22 04:00;4;19,75;19,75;18,625;517;202;0;
7459;2021.07.22 04:15;4;19,625;19,625;18,625;517;202;0;
7460;2021.07.22 04:30;4;19,375;19,375;18,4375;509;202;0;
7461;2021.07.22 04:45;4;19,1875;19,125;18,25;509;202;0;
7462;2021.07.22 05:00;4;19;18,875;18,0625;510;202;0;
7463;2021.07.22 05:15;4;18,875;18,75;18;510;202;0;
7464;2021.07.22 05:30;4;18,75;18,625;18,125;512;202;0;
7465;2021.07.22 05:45;4;18,8125;18,625;18,25;513;202;0;
7466;2021.07.22 06:00;4;18,8125;18,625;18,375;515;202;0;
7467;2021.07.22 06:15;4;18,875;18,6875;18,5;517;202;0;
7468;2021.07.22 06:30;4;19;18,8125;18,75;518;202;0;
7469;2021.07.22 06:45;4;19,125;19;18,9375;520;202;0;
7470;2021.07.22 07:00;4;19,375;19,125;19,1875;522;202;0;
7471;2021.07.22 07:15;4;19,625;19,4375;19,625;524;202;0;
7472;2021.07.22 07:30;4;20;19,75;20;526;202;0;
7473;2021.07.22 07:45;4;20,375;20,125;20,375;528;202;0;
7474;2021.07.22 08:00;4;20,6875;20,4375;20,75;530;202;0;
7475;2021.07.22 08:15;4;21,125;20,8125;21,125;532;202;0;
7476;2021.07.22 08:30;4;21,5;21,25;21,625;533;202;0;
7477;2021.07.22 08:45;4;22,0625;21,75;22,25;535;202;0;
7478;2021.07.22 09:00;4;22,625;22,25;22,875;537;202;0;
7479;2021.07.22 09:15;4;23,125;22,75;23,3125;539;202;0;
7480;2021.07.22 09:30;4;23,75;23,375;24;541;202;0;
7481;2021.07.22 09:45;4;24,25;23,875;24,5;542;202;0;
7482;2021.07.22 10:00;4;24,875;24,5;25,25;544;202;0;
7483;2021.07.22 10:15;4;25,5;25,125;26;546;202;0;
7484;2021.07.22 10:30;4;26;25,625;26,3125;547;202;0;
7485;2021.07.22 10:45;4;26,625;26,25;26,9375;549;202;0;
7486;2021.07.22 11:00;4;27,25;26,875;27,6875;551;202;0;
7487;2021.07.22 11:15;4;27,625;27,375;27,9375;551;202;0;
7488;2021.07.22 11:30;4;28,25;27,875;28,5;552;202;0;
7489;2021.07.22 11:45;4;28,75;28,4375;29;553;202;0;
7490;2021.07.22 12:00;4;29,25;28,875;29,375;553;202;0;
7491;2021.07.22 12:15;4;29,75;29,375;29,9375;554;202;0;
7492;2021.07.22 12:30;4;30,1875;29,875;30,375;555;202;0;
7493;2021.07.22 12:45;4;30,625;30,375;30,8125;556;202;0;
7494;2021.07.22 13:00;4;30,875;30,625;31;556;202;0;
7495;2021.07.22 13:15;4;31;30,875;31;556;202;0;
7496;2021.07.22 13:30;4;31,25;31,125;31,1875;556;202;0;
7497;2021.07.22 13:45;4;31,625;31,375;31,625;556;202;0;
7498;2021.07.22 14:00;4;31,9375;31,75;31,875;556;202;0;
7499;2021.07.22 14:15;4;32,25;32;32,125;556;202;0;
7500;2021.07.22 14:30;4;32,5;32,25;32,375;556;202;0;
7501;2021.07.22 14:45;4;32,75;32,5;32,625;557;202;0;
7502;2021.07.22 15:00;4;33;32,75;32,875;557;202;0;
7503;2021.07.22 15:15;4;33,0625;32,875;32,75;557;202;0;
7504;2021.07.22 15:30;4;33,1875;33;32,875;558;202;0;
7505;2021.07.22 15:45;4;33,25;33,125;33;558;202;0;
7506;2021.07.22 16:00;4;33,25;33,1875;32,875;559;202;0;
7507;2021.07.22 16:15;4;33,125;33,125;32,75;559;202;0;
7508;2021.07.22 16:30;4;33;33,125;32,625;558;202;0;
7509;2021.07.22 16:45;4;32,875;33;32,4375;558;202;0;
7510;2021.07.22 17:00;4;32,625;32,75;32,0625;556;202;0;
7511;2021.07.22 17:15;4;32,1875;32,375;31,375;554;202;0;
7512;2021.07.22 17:30;4;31,75;31,9375;30,875;553;202;0;
7513;2021.07.22 17:45;4;31,25;31,5;30,25;551;202;0;
7514;2021.07.22 18:00;4;30,75;31;29,875;549;202;0;
7515;2021.07.22 18:15;4;30,25;30,5;29,375;547;202;0;
7516;2021.07.22 18:30;4;29,75;30,0625;28,9375;545;202;0;
7517;2021.07.22 18:45;4;29,3125;29,625;28,5;543;202;0;
7518;2021.07.22 19:00;4;28,9375;29,1875;28,0625;542;202;0;
7519;2021.07.22 19:15;4;28,625;28,8125;27,625;540;202;0;
7520;2021.07.22 19:30;4;28,25;28,375;27,125;538;202;0;
7521;2021.07.22 19:45;4;27,75;27,875;26,4375;536;202;0;
7522;2021.07.22 20:00;4;27,375;27,375;26;534;202;0;
7523;2021.07.22 20:15;4;27;26,875;25,4375;532;202;0;
7524;2021.07.22 20:30;4;26,5;26,375;24,9375;530;202;0;
7525;2021.07.22 20:45;4;26,125;25,9375;24,5625;528;202;0;
7526;2021.07.22 21:00;4;25,75;25,5;24,1875;526;202;0;
7527;2021.07.22 21:15;4;25,375;25,125;23,8125;525;202;0;
7528;2021.07.22 21:30;4;25;24,75;23,5;523;202;0;
7529;2021.07.22 21:45;4;24,625;24,375;23,25;522;202;0;
7530;2021.07.22 22:00;4;24,375;24;22,875;521;202;0;
7531;2021.07.22 22:15;4;24;23,75;22,625;520;202;0;
7532;2021.07.22 22:30;4;23,6875;23,375;22,25;519;202;0;
7533;2021.07.22 22:45;4;23,375;23,0625;22;518;202;0;
7534;2021.07.22 23:00;4;23,125;22,75;21,75;517;202;0;
7535;2021.07.22 23:15;4;22,8125;22,5;21,5625;516;202;0;
7536;2021.07.22 23:30;4;22,5625;22,25;21,25;516;202;0;
7537;2021.07.22 23:45;4;22,3125;22;21,0625;515;202;0;
7538;2021.07.23 00:00;4;22,0625;21,75;20,8125;514;202;0;
7539;2021.07.23 00:15;4;21,875;21,5;20,625;514;202;0;
7540;2021.07.23 00:30;4;21,625;21,25;20,5;513;202;0;
7541;2021.07.23 00:45;4;21,4375;21,125;20,375;513;202;0;
7542;2021.07.23 01:00;4;21,25;20,875;20,125;513;202;0;
7543;2021.07.23 01:15;4;21;20,6875;19,9375;512;202;0;
7544;2021.07.23 01:30;4;20,875;20,5;19,8125;512;202;0;
7545;2021.07.23 01:45;4;20,625;20,3125;19,625;512;202;0;
7546;2021.07.23 02:00;4;20,5;20,125;19,5;512;202;0;
7547;2021.07.23 02:15;4;20,3125;20;19,25;511;202;0;
7548;2021.07.23 02:30;4;20,125;19,75;19,0625;511;202;0;
7549;2021.07.23 02:45;4;20;19,625;19;511;202;0;
7550;2021.07.23 03:00;4;19,8125;19,5;18,8125;511;202;0;
7551;2021.07.23 03:15;4;19,625;19,3125;18,625;511;202;0;
7552;2021.07.23 03:30;4;19,5;19,125;18,5;511;202;0;
7553;2021.07.23 03:45;4;19,375;19;18,375;510;202;0;
7554;2021.07.23 04:00;4;19,1875;18,875;18,25;510;202;0;
7555;2021.07.23 04:15;4;19;18,6875;18,0625;510;202;0;
7556;2021.07.23 04:30;4;19;18,625;18,125;510;202;0;
7557;2021.07.23 04:45;4;18,875;18,5;18;510;202;0;
7558;2021.07.23 05:00;4;18,8125;18,5;18;511;202;0;
7559;2021.07.23 05:15;4;18,75;18,375;18;511;202;0;
7560;2021.07.23 05:30;4;18,8125;18,5;18,25;512;202;0;
7561;2021.07.23 05:45;4;18,875;18,5625;18,375;514;202;0;
7562;2021.07.23 06:00;4;18,9375;18,625;18,5;515;202;0;
7563;2021.07.23 06:15;4;19,0625;18,75;18,6875;516;202;0;
7564;2021.07.23 06:30;4;19,125;18,875;18,8125;517;202;0;
7565;2021.07.23 06:45;4;19,3125;19;19;518;202;0;
7566;2021.07.23 07:00;4;19,5;19,25;19,25;520;202;0;
7567;2021.07.23 07:15;4;19,75;19,4375;19,5625;521;202;0;
7568;2021.07.23 07:30;4;20;19,6875;19,9375;522;202;0;
7569;2021.07.23 07:45;4;20,375;20;20,375;524;202;0;
7570;2021.07.23 08:00;4;20,6875;20,375;20,75;526;202;0;
7571;2021.07.23 08:15;4;21,25;20,875;21,5;528;202;0;
7572;2021.07.23 08:30;4;21,75;21,375;22,125;531;202;0;
7573;2021.07.23 08:45;4;22,1875;21,875;22,625;533;202;0;
7574;2021.07.23 09:00;4;22,625;22,375;23,0625;535;202;0;
7575;2021.07.23 09:15;4;23,125;22,875;23,5;537;202;0;
7576;2021.07.23 09:30;4;23,625;23,375;24,125;539;202;0;
7577;2021.07.23 09:45;4;24,125;23,875;24,5;540;202;0;
7578;2021.07.23 10:00;4;24,5;24,25;24,75;541;202;0;
7579;2021.07.23 10:15;4;25,0625;24,75;25,5;543;202;0;
7580;2021.07.23 10:30;4;25,5625;25,25;26;544;202;0;
7581;2021.07.23 10:45;4;26,125;25,75;26,5;546;202;0;
7582;2021.07.23 11:00;4;26,625;26,25;27;548;202;0;
7583;2021.07.23 11:15;4;27,125;26,875;27,625;549;202;0;
7584;2021.07.23 11:30;4;27,5;27,3125;27,875;550;202;0;
7585;2021.07.23 11:45;4;28;27,75;28,375;551;202;0;
7586;2021.07.23 12:00;4;28,5625;28,3125;29,25;552;202;0;
7587;2021.07.23 12:15;4;29,125;28,875;29,875;554;202;0;
7588;2021.07.23 12:30;4;29,5;29,375;29,9375;554;202;0;
7589;2021.07.23 12:45;4;29,875;29,6875;30,1875;555;202;0;
7590;2021.07.23 13:00;4;30,25;30,0625;30,375;555;202;0;
7591;2021.07.23 13:15;4;30,625;30,375;30,625;556;202;0;
7592;2021.07.23 13:30;4;30,875;30,6875;31;557;202;0;
7593;2021.07.23 13:45;4;31,25;31;31,25;558;202;0;
7594;2021.07.23 14:00;4;31,5625;31,375;31,5;558;202;0;
7595;2021.07.23 14:15;4;31,75;31,625;31,75;559;202;0;
7596;2021.07.23 14:30;4;32;31,75;31,8125;559;202;0;
7597;2021.07.23 14:45;4;32,125;31,9375;32;560;202;0;
7598;2021.07.23 15:00;4;32,3125;32,125;32,125;560;202;0;
7599;2021.07.23 15:15;4;32,5;32,25;32,375;561;202;0;
7600;2021.07.23 15:30;4;32,75;32,5;32,625;562;202;0;
7601;2021.07.23 15:45;4;33;32,75;32,8125;563;202;0;
7602;2021.07.23 16:00;4;33,125;32,9375;32,9375;564;202;0;
7603;2021.07.23 16:15;4;33,3125;33,125;33,125;564;202;0;
7604;2021.07.23 16:30;4;33,375;33,25;33,25;565;202;0;
7605;2021.07.23 16:45;4;33,25;33,1875;32,875;565;202;0;
7606;2021.07.23 17:00;4;33;33;32,375;564;202;0;
7607;2021.07.23 17:15;4;32,75;32,75;31,875;562;202;0;
7608;2021.07.23 17:30;4;32,375;32,375;31,375;561;202;0;
7609;2021.07.23 17:45;4;32;32;30,875;559;202;0;
7610;2021.07.23 18:00;4;31,625;31,625;30,3125;557;202;0;
7611;2021.07.23 18:15;4;31,1875;31,125;29,8125;555;202;0;
7612;2021.07.23 18:30;4;30,8125;30,75;29,5;554;202;0;
7613;2021.07.23 18:45;4;30,375;30,375;29,125;552;202;0;
7614;2021.07.23 19:00;4;30,0625;30;28,75;551;202;0;
7615;2021.07.23 19:15;4;29,6875;29,625;28,3125;549;202;0;
7616;2021.07.23 19:30;4;29,375;29,25;27,9375;548;202;0;
7617;2021.07.23 19:45;4;29;28,875;27,5625;546;202;0;
7618;2021.07.23 20:00;4;28,6875;28,5;27,25;545;202;0;
7619;2021.07.23 20:15;4;28,375;28,125;27;544;202;0;
7620;2021.07.23 20:30;4;28,125;27,875;26,75;543;202;0;
7621;2021.07.23 20:45;4;27,75;27,5625;26,375;542;202;0;
7622;2021.07.23 21:00;4;27,5;27,25;26;541;202;0;
7623;2021.07.23 21:15;4;27,125;26,9375;25,875;540;202;0;
7624;2021.07.23 21:30;4;26,875;26,625;25,625;539;202;0;
7625;2021.07.23 21:45;4;26,625;26,375;25,3125;538;202;0;
7626;2021.07.23 22:00;4;26,25;26;24,875;537;202;0;
7627;2021.07.23 22:15;4;26;25,75;24,75;536;202;0;
7628;2021.07.23 22:30;4;25,75;25,4375;24,375;535;202;0;
7629;2021.07.23 22:45;4;25,5;25,25;24,25;534;202;0;
7630;2021.07.23 23:00;4;25,125;24,875;23,8125;533;202;0;
7631;2021.07.23 23:15;4;24,9375;24,625;23,75;532;202;0;
7632;2021.07.23 23:30;4;24,6875;24,375;23,5;531;202;0;
7633;2021.07.23 23:45;4;24,4375;24,1875;23,25;530;202;0;
7634;2021.07.24 00:00;4;24,25;24;23,125;529;202;0;
7635;2021.07.24 00:15;4;24;23,75;22,875;528;202;0;
7636;2021.07.24 00:30;4;23,75;23,5;22,625;527;202;0;
7637;2021.07.24 00:45;4;23,5;23,25;22,375;526;202;0;
7638;2021.07.24 01:00;4;23,25;23;22,125;525;202;0;
7639;2021.07.24 01:15;4;23,125;22,875;22,125;524;202;0;
7640;2021.07.24 01:30;4;23;22,75;22;524;202;0;
7641;2021.07.24 01:45;4;22,875;22,625;22;523;202;0;
7642;2021.07.24 02:00;4;22,75;22,5;22;523;202;0;
7643;2021.07.24 02:15;4;22,75;22,375;22;524;202;0;
7644;2021.07.24 02:30;4;22,625;22,375;21,875;524;202;0;
7645;2021.07.24 02:45;4;22,5;22,25;21,75;525;202;0;
7646;2021.07.24 03:00;4;22,375;22,125;21,5;524;202;0;
7647;2021.07.24 03:15;4;22,25;22;21,4375;524;202;0;
7648;2021.07.24 03:30;4;22,125;21,875;21,25;524;202;0;
7649;2021.07.24 03:45;4;22;21,6875;21,125;524;202;0;
7650;2021.07.24 04:00;4;21,8125;21,5;20,9375;524;202;0;
7651;2021.07.24 04:15;4;21,6875;21,375;20,875;524;202;0;
7652;2021.07.24 04:30;4;21,5625;21,25;20,75;524;202;0;
7653;2021.07.24 04:45;4;21,375;21,125;20,5;524;202;0;
7654;2021.07.24 05:00;4;21,25;20,875;20,25;523;202;0;
7655;2021.07.24 05:15;4;21,125;20,8125;20,25;523;202;0;
7656;2021.07.24 05:30;4;21,125;20,75;20,375;524;202;0;
7657;2021.07.24 05:45;4;21,125;20,75;20,5;525;202;0;
7658;2021.07.24 06:00;4;21,125;20,8125;20,625;526;202;0;
7659;2021.07.24 06:15;4;21,25;20,875;20,75;528;202;0;
7660;2021.07.24 06:30;4;21,25;21;20,875;529;202;0;
7661;2021.07.24 06:45;4;21,375;21,125;21;530;202;0;
7662;2021.07.24 07:00;4;21,375;21,1875;21,0625;530;202;0;
7663;2021.07.24 07:15;4;21,5;21,25;21,125;530;202;0;
7664;2021.07.24 07:30;4;21,625;21,375;21,3125;530;202;0;
7665;2021.07.24 07:45;4;21,75;21,5;21,5;530;202;0;
7666;2021.07.24 08:00;4;21,875;21,625;21,75;531;202;0;
7667;2021.07.24 08:15;4;22,1875;21,9375;22,125;532;202;0;
7668;2021.07.24 08:30;4;22,5625;22,25;22,6875;534;202;0;
7669;2021.07.24 08:45;4;23;22,6875;23,25;536;202;0;
7670;2021.07.24 09:00;4;23,375;23,125;23,75;538;202;0;
7671;2021.07.24 09:15;4;23,75;23,5;24;539;202;0;
7672;2021.07.24 09:30;4;24,125;23,9375;24,4375;540;202;0;
7673;2021.07.24 09:45;4;24,625;24,375;24,9375;541;202;0;
7674;2021.07.24 10:00;4;25,125;24,8125;25,4375;543;202;0;
7675;2021.07.24 10:15;4;25,625;25,3125;26;544;202;0;
7676;2021.07.24 10:30;4;26,125;25,875;26,625;546;202;0;
7677;2021.07.24 10:45;4;26,625;26,375;27;546;202;0;
7678;2021.07.24 11:00;4;27;26,75;27,375;547;202;0;
7679;2021.07.24 11:15;4;27,5;27,1875;27,75;548;202;0;
7680;2021.07.24 11:30;4;27,75;27,5625;28,125;548;202;0;
7681;2021.07.24 11:45;4;28,125;27,9375;28,5;548;202;0;
7682;2021.07.24 12:00;4;28,25;28,125;28,375;547;202;0;
7683;2021.07.24 12:15;4;28,375;28,25;28,5;547;202;0;
7684;2021.07.24 12:30;4;28,625;28,4375;28,625;547;202;0;
7685;2021.07.24 12:45;4;28,75;28,625;28,8125;547;202;0;
7686;2021.07.24 13:00;4;29;28,8125;29,0625;548;202;0;
7687;2021.07.24 13:15;4;29,25;29;29,3125;549;202;0;
7688;2021.07.24 13:30;4;29,5625;29,3125;29,5625;550;202;0;
7689;2021.07.24 13:45;4;29,875;29,625;29,875;551;202;0;
7690;2021.07.24 14:00;4;30,25;30;30,375;552;202;0;
7691;2021.07.24 14:15;4;30,625;30,375;30,6875;553;202;0;
7692;2021.07.24 14:30;4;30,8125;30,5625;30,75;554;202;0;
7693;2021.07.24 14:45;4;31,125;30,8125;31;554;202;0;
7694;2021.07.24 15:00;4;31,125;30,875;31;554;202;0;
7695;2021.07.24 15:15;4;31,0625;30,9375;30,875;554;202;0;
7696;2021.07.24 15:30;4;31;30,875;30,6875;553;202;0;
7697;2021.07.24 15:45;4;30,875;30,8125;30,5;553;202;0;
7698;2021.07.24 16:00;4;30,875;30,8125;30,5;553;202;0;
7699;2021.07.24 16:15;4;30,875;30,75;30,5;552;202;0;
7700;2021.07.24 16:30;4;30,875;30,8125;30,625;553;202;0;
7701;2021.07.24 16:45;4;30,875;30,75;30,4375;553;202;0;
7702;2021.07.24 17:00;4;30,5;30,5;29,8125;552;202;0;
7703;2021.07.24 17:15;4;30,25;30,25;29,4375;551;202;0;
7704;2021.07.24 17:30;4;30;30;29,25;550;202;0;
7705;2021.07.24 17:45;4;29,75;29,75;28,875;548;202;0;
7706;2021.07.24 18:00;4;29,5;29,5;28,625;547;202;0;
7707;2021.07.24 18:15;4;29,1875;29,25;28,375;546;202;0;
7708;2021.07.24 18:30;4;28,875;28,875;28;545;202;0;
7709;2021.07.24 18:45;4;28,625;28,5625;27,625;544;202;0;
7710;2021.07.24 19:00;4;28,375;28,25;27,375;543;202;0;
7711;2021.07.24 19:15;4;28,0625;28;27;541;202;0;
7712;2021.07.24 19:30;4;27,8125;27,6875;26,75;540;202;0;
7713;2021.07.24 19:45;4;27,5625;27,4375;26,5;539;202;0;
7714;2021.07.24 20:00;4;27,3125;27,1875;26,3125;538;202;0;
7715;2021.07.24 20:15;4;27,125;27;26,125;537;202;0;
7716;2021.07.24 20:30;4;26,875;26,75;25,875;536;202;0;
7717;2021.07.24 20:45;4;26,625;26,5;25,625;535;202;0;
7718;2021.07.24 21:00;4;26,4375;26,25;25,5;534;202;0;
7719;2021.07.24 21:15;4;26,25;26,0625;25,25;534;202;0;
7720;2021.07.24 21:30;4;26,0625;25,875;25,125;533;202;0;
7721;2021.07.24 21:45;4;25,9375;25,75;25;533;202;0;
7722;2021.07.24 22:00;4;25,75;25,5625;24,875;533;202;0;
7723;2021.07.24 22:15;4;25,625;25,375;24,75;533;202;0;
7724;2021.07.24 22:30;4;25,5;25,25;24,625;533;202;0;
7725;2021.07.24 22:45;4;25,375;25,125;24,5;532;202;0;
7726;2021.07.24 23:00;4;25,25;25;24,375;532;202;0;
7727;2021.07.24 23:15;4;25,125;24,875;24,25;532;202;0;
7728;2021.07.24 23:30;4;25;24,75;24,125;532;202;0;
7729;2021.07.24 23:45;4;24,875;24,625;24,125;532;202;0;
7730;2021.07.25 00:00;4;24,75;24,5625;24,0625;532;202;0;
7731;2021.07.25 00:15;4;24,6875;24,5;24;532;202;0;
7732;2021.07.25 00:30;4;24,625;24,375;23,875;532;202;0;
7733;2021.07.25 00:45;4;24,5;24,25;23,625;531;202;0;
7734;2021.07.25 01:00;4;24,375;24,125;23,5625;531;202;0;
7735;2021.07.25 01:15;4;24,25;24,0625;23,5625;531;202;0;
7736;2021.07.25 01:30;4;24,1875;23,9375;23,4375;531;202;0;
7737;2021.07.25 01:45;4;24,125;23,875;23,375;531;202;0;
7738;2021.07.25 02:00;4;24;23,75;23,25;531;202;0;
7739;2021.07.25 02:15;4;23,875;23,625;23,125;531;202;0;
7740;2021.07.25 02:30;4;23,75;23,5;22,875;530;202;0;
7741;2021.07.25 02:45;4;23,5625;23,3125;22,6875;530;202;0;
7742;2021.07.25 03:00;4;23,4375;23,1875;22,625;529;202;0;
7743;2021.07.25 03:15;4;23,375;23,125;22,625;530;202;0;
7744;2021.07.25 03:30;4;23,25;23;22,5625;530;202;0;
7745;2021.07.25 03:45;4;23,1875;22,9375;22,5;530;202;0;
7746;2021.07.25 04:00;4;23,125;22,875;22,5;530;202;0;
7747;2021.07.25 04:15;4;23;22,8125;22,375;530;202;0;
7748;2021.07.25 04:30;4;22,875;22,625;22,125;529;202;0;
7749;2021.07.25 04:45;4;22,75;22,5;21,875;528;202;0;
7750;2021.07.25 05:00;4;22,5625;22,375;21,75;528;202;0;
7751;2021.07.25 05:15;4;22,4375;22,1875;21,625;527;202;0;
7752;2021.07.25 05:30;4;22,375;22,125;21,625;527;202;0;
7753;2021.07.25 05:45;4;22,25;22,0625;21,625;527;202;0;
7754;2021.07.25 06:00;4;22,25;22;21,625;527;202;0;
7755;2021.07.25 06:15;4;22,25;22;21,625;527;202;0;
7756;2021.07.25 06:30;4;22,25;22;21,75;528;202;0;
7757;2021.07.25 06:45;4;22,25;22,0625;21,875;528;202;0;
7758;2021.07.25 07:00;4;22,375;22,125;22;528;202;0;
7759;2021.07.25 07:15;4;22,4375;22,1875;22,0625;528;202;0;
7760;2021.07.25 07:30;4;22,5;22,3125;22,25;529;202;0;
7761;2021.07.25 07:45;4;22,6875;22,4375;22,375;529;202;0;
7762;2021.07.25 08:00;4;22,75;22,5625;22,5;530;202;0;
7763;2021.07.25 08:15;4;22,875;22,625;22,625;530;202;0;
7764;2021.07.25 08:30;4;22,9375;22,75;22,625;530;202;0;
7765;2021.07.25 08:45;4;23,125;22,875;22,875;531;202;0;
7766;2021.07.25 09:00;4;23,375;23,125;23,25;532;202;0;
7767;2021.07.25 09:15;4;23,625;23,375;23,5;533;202;0;
7768;2021.07.25 09:30;4;23,875;23,6875;24;534;202;0;
7769;2021.07.25 09:45;4;24,1875;24;24,1875;535;202;0;
7770;2021.07.25 10:00;4;24,4375;24,1875;24,375;536;202;0;
7771;2021.07.25 10:15;4;24,625;24,4375;24,625;537;202;0;
7772;2021.07.25 10:30;4;25;24,75;24,875;538;202;0;
7773;2021.07.25 10:45;4;25,3125;25;25,25;539;202;0;
7774;2021.07.25 11:00;4;25,75;25,5;25,875;540;202;0;
7775;2021.07.25 11:15;4;26,125;25,875;26,25;542;202;0;
7776;2021.07.25 11:30;4;26,625;26,3125;26,75;543;202;0;
7777;2021.07.25 11:45;4;26,9375;26,625;27;544;202;0;
7778;2021.07.25 12:00;4;27,25;27;27,1875;545;202;0;
7779;2021.07.25 12:15;4;27,625;27,3125;27,625;546;202;0;
7780;2021.07.25 12:30;4;28;27,6875;28;547;202;0;
7781;2021.07.25 12:45;4;28,375;28,125;28,625;548;202;0;
7782;2021.07.25 13:00;4;28,75;28,5;28,8125;549;202;0;
7783;2021.07.25 13:15;4;29,125;28,875;29,25;550;202;0;
7784;2021.07.25 13:30;4;29,375;29,125;29,25;550;202;0;
7785;2021.07.25 13:45;4;29,625;29,375;29,4375;550;202;0;
7786;2021.07.25 14:00;4;29,8125;29,5625;29,625;551;202;0;
7787;2021.07.25 14:15;4;30;29,75;29,75;551;202;0;
7788;2021.07.25 14:30;4;30,125;29,875;29,6875;551;202;0;
7789;2021.07.25 14:45;4;30,25;30;29,875;551;202;0;
7790;2021.07.25 15:00;4;30,375;30,125;30;551;202;0;
7791;2021.07.25 15:15;4;30,5;30,25;30;551;202;0;
7792;2021.07.25 15:30;4;30,625;30,375;30;550;202;0;
7793;2021.07.25 15:45;4;30,625;30,375;30,125;550;202;0;
7794;2021.07.25 16:00;4;30,375;30,3125;29,875;549;202;0;
7795;2021.07.25 16:15;4;30,375;30,25;29,75;548;202;0;
7796;2021.07.25 16:30;4;30,125;30,125;29,5625;548;202;0;
7797;2021.07.25 16:45;4;30;30;29,375;547;202;0;
7798;2021.07.25 17:00;4;29,75;29,75;29,0625;546;202;0;
7799;2021.07.25 17:15;4;29,625;29,625;28,875;545;202;0;
7800;2021.07.25 17:30;4;29,4375;29,375;28,75;544;202;0;
7801;2021.07.25 17:45;4;29,25;29,25;28,5;543;202;0;
7802;2021.07.25 18:00;4;29,0625;29;28,375;543;202;0;
7803;2021.07.25 18:15;4;28,875;28,875;28,125;542;202;0;
7804;2021.07.25 18:30;4;28,625;28,625;27,8125;541;202;0;
7805;2021.07.25 18:45;4;28,375;28,375;27,625;540;202;0;
7806;2021.07.25 19:00;4;28,125;28,125;27,25;539;202;0;
7807;2021.07.25 19:15;4;27,875;27,875;27;539;202;0;
7808;2021.07.25 19:30;4;27,625;27,625;26,75;537;202;0;
7809;2021.07.25 19:45;4;27,25;27,25;26,25;536;202;0;
7810;2021.07.25 20:00;4;27;26,9375;26;535;202;0;
7811;2021.07.25 20:15;4;26,625;26,625;25,5;533;202;0;
7812;2021.07.25 20:30;4;26,25;26,1875;25,0625;531;202;0;
7813;2021.07.25 20:45;4;26;25,875;24,8125;530;202;0;
7814;2021.07.25 21:00;4;25,6875;25,5;24,5;528;202;0;
7815;2021.07.25 21:15;4;25,4375;25,25;24,25;527;202;0;
7816;2021.07.25 21:30;4;25,1875;25;24;527;202;0;
7817;2021.07.25 21:45;4;24,9375;24,6875;23,8125;526;202;0;
7818;2021.07.25 22:00;4;24,6875;24,4375;23,5625;525;202;0;
7819;2021.07.25 22:15;4;24,5;24,25;23,375;524;202;0;
7820;2021.07.25 22:30;4;24,1875;23,9375;23,0625;523;202;0;
7821;2021.07.25 22:45;4;24;23,6875;22,875;522;202;0;
7822;2021.07.25 23:00;4;23,75;23,4375;22,625;521;202;0;
7823;2021.07.25 23:15;4;23,5;23,1875;22,375;521;202;0;
7824;2021.07.25 23:30;4;23,25;22,9375;22,125;520;202;0;
7825;2021.07.25 23:45;4;23,125;22,75;22,125;520;202;0;
7826;2021.07.26 00:00;4;22,9375;22,625;22,0625;520;202;0;
7827;2021.07.26 00:15;4;22,75;22,5;22;520;202;0;
7828;2021.07.26 00:30;4;22,625;22,375;21,75;519;202;0;
7829;2021.07.26 00:45;4;22,5;22,1875;21,5625;519;202;0;
7830;2021.07.26 01:00;4;22,375;22,0625;21,5625;519;202;0;
7831;2021.07.26 01:15;4;22,25;22;21,5625;519;202;0;
7832;2021.07.26 01:30;4;22,125;21,875;21,375;519;202;0;
7833;2021.07.26 01:45;4;22;21,75;21,25;519;202;0;
7834;2021.07.26 02:00;4;21,8125;21,5;20,875;518;202;0;
7835;2021.07.26 02:15;4;21,625;21,375;20,75;518;202;0;
7836;2021.07.26 02:30;4;21,5;21,25;20,6875;518;202;0;
7837;2021.07.26 02:45;4;21,375;21,125;20,625;518;202;0;
7838;2021.07.26 03:00;4;21,25;21;20,5625;518;202;0;
7839;2021.07.26 03:15;4;21,25;20,9375;20,5625;518;202;0;
7840;2021.07.26 03:30;4;21,125;20,875;20,5;518;202;0;
7841;2021.07.26 03:45;4;21;20,75;20,4375;518;202;0;
7842;2021.07.26 04:00;4;21;20,75;20,375;519;202;0;
7843;2021.07.26 04:15;4;21;20,75;20,4375;519;202;0;
7844;2021.07.26 04:30;4;20,875;20,6875;20,375;519;202;0;
7845;2021.07.26 04:45;4;20,875;20,625;20,3125;519;202;0;
7846;2021.07.26 05:00;4;20,875;20,625;20,25;519;202;0;
7847;2021.07.26 05:15;4;20,875;20,625;20,375;520;202;0;
7848;2021.07.26 05:30;4;20,875;20,625;20,5;520;202;0;
7849;2021.07.26 05:45;4;20,875;20,6875;20,5625;521;202;0;
7850;2021.07.26 06:00;4;21;20,75;20,6875;522;202;0;
7851;2021.07.26 06:15;4;21,0625;20,875;20,8125;522;202;0;
7852;2021.07.26 06:30;4;21,1875;21;21;523;202;0;
7853;2021.07.26 06:45;4;21,3125;21,125;21,125;524;202;0;
7854;2021.07.26 07:00;4;21,4375;21,25;21,3125;524;202;0;
7855;2021.07.26 07:15;4;21,625;21,375;21,5;525;202;0;
7856;2021.07.26 07:30;4;21,75;21,5625;21,75;526;202;0;
7857;2021.07.26 07:45;4;22;21,75;22;527;202;0;
7858;2021.07.26 08:00;4;22,1875;22;22,1875;528;202;0;
7859;2021.07.26 08:15;4;22,5;22,25;22,5625;529;202;0;
7860;2021.07.26 08:30;4;22,875;22,625;23,125;531;202;0;
7861;2021.07.26 08:45;4;23,375;23,125;23,6875;532;202;0;
7862;2021.07.26 09:00;4;23,75;23,5;24,125;533;202;0;
7863;2021.07.26 09:15;4;24,125;23,875;24,5;534;202;0;
7864;2021.07.26 09:30;4;24,375;24,25;24,75;535;202;0;
7865;2021.07.26 09:45;4;24,75;24,5625;25;536;202;0;
7866;2021.07.26 10:00;4;25,125;24,875;25,375;537;202;0;
7867;2021.07.26 10:15;4;25,375;25,25;25,6875;538;202;0;
7868;2021.07.26 10:30;4;25,75;25,625;26,125;539;202;0;
7869;2021.07.26 10:45;4;26,1875;26;26,625;540;202;0;
7870;2021.07.26 11:00;4;26,625;26,5;27,0625;541;202;0;
7871;2021.07.26 11:15;4;27;26,875;27,5;543;202;0;
7872;2021.07.26 11:30;4;27,4375;27,25;27,75;544;202;0;
7873;2021.07.26 11:45;4;27,8125;27,625;28,0625;545;202;0;
7874;2021.07.26 12:00;4;27,9375;27,875;28;545;202;0;
7875;2021.07.26 12:15;4;28,125;28;28,0625;545;202;0;
7876;2021.07.26 12:30;4;28,25;28,125;28,0625;545;202;0;
7877;2021.07.26 12:45;4;28,125;28,125;27,875;544;202;0;
7878;2021.07.26 13:00;4;28,125;28,125;27,875;544;202;0;
7879;2021.07.26 13:15;4;28,1875;28,125;27,875;543;202;0;
7880;2021.07.26 13:30;4;28,25;28,125;27,9375;543;202;0;
7881;2021.07.26 13:45;4;28,25;28,125;27,875;543;202;0;
7882;2021.07.26 14:00;4;28,375;28,25;28,125;543;202;0;
7883;2021.07.26 14:15;4;28,5;28,375;28,25;544;202;0;
7884;2021.07.26 14:30;4;28,625;28,5;28,5;544;202;0;
7885;2021.07.26 14:45;4;28,6875;28,625;28,375;544;202;0;
7886;2021.07.26 15:00;4;28,75;28,625;28,4375;544;202;0;
7887;2021.07.26 15:15;4;28,875;28,75;28,5;544;202;0;
7888;2021.07.26 15:30;4;28,875;28,75;28,4375;544;202;0;
7889;2021.07.26 15:45;4;28,75;28,6875;28,25;543;202;0;
7890;2021.07.26 16:00;4;28,625;28,625;28,0625;542;202;0;
7891;2021.07.26 16:15;4;28,5;28,375;27,8125;541;202;0;
7892;2021.07.26 16:30;4;28,375;28,25;27,625;540;202;0;
7893;2021.07.26 16:45;4;28,25;28,125;27,5;540;202;0;
7894;2021.07.26 17:00;4;28;28;27,3125;539;202;0;
7895;2021.07.26 17:15;4;27,875;27,875;27,1875;538;202;0;
7896;2021.07.26 17:30;4;27,75;27,6875;27,125;537;202;0;
7897;2021.07.26 17:45;4;27,625;27,5625;27;537;202;0;
7898;2021.07.26 18:00;4;27,5;27,375;26,875;536;202;0;
7899;2021.07.26 18:15;4;27,25;27,25;26,625;536;202;0;
7900;2021.07.26 18:30;4;27,125;27,0625;26,4375;535;202;0;
7901;2021.07.26 18:45;4;27;26,875;26,25;534;202;0;
7902;2021.07.26 19:00;4;26,8125;26,75;26,1875;533;202;0;
7903;2021.07.26 19:15;4;26,625;26,5625;25,875;533;202;0;
7904;2021.07.26 19:30;4;26,375;26,25;25,5;531;202;0;
7905;2021.07.26 19:45;4;26,125;26;25,1875;530;202;0;
7906;2021.07.26 20:00;4;25,875;25,75;24,875;529;202;0;
7907;2021.07.26 20:15;4;25,625;25,4375;24,5;528;202;0;
7908;2021.07.26 20:30;4;25,375;25,125;24,25;527;202;0;
7909;2021.07.26 20:45;4;25,125;24,875;24;526;202;0;
7910;2021.07.26 21:00;4;24,875;24,625;23,75;525;202;0;
7911;2021.07.26 21:15;4;24,625;24,375;23,5;525;202;0;
7912;2021.07.26 21:30;4;24,4375;24,1875;23,375;524;202;0;
7913;2021.07.26 21:45;4;24,25;24;23,1875;524;202;0;
7914;2021.07.26 22:00;4;24;23,75;22,8125;522;202;0;
7915;2021.07.26 22:15;4;23,8125;23,5;22,75;522;202;0;
7916;2021.07.26 22:30;4;23,625;23,375;22,75;522;202;0;
7917;2021.07.26 22:45;4;23,5;23,1875;22,5;521;202;0;
7918;2021.07.26 23:00;4;23,3125;23,0625;22,375;521;202;0;
7919;2021.07.26 23:15;4;23,25;22,9375;22,375;521;202;0;
7920;2021.07.26 23:30;4;23,125;22,875;22,3125;521;202;0;
7921;2021.07.26 23:45;4;23;22,6875;22,125;520;202;0;
7922;2021.07.27 00:00;4;22,75;22,5;21,875;520;202;0;
7923;2021.07.27 00:15;4;22,625;22,3125;21,625;519;202;0;
7924;2021.07.27 00:30;4;22,375;22,125;21,375;518;202;0;
7925;2021.07.27 00:45;4;22,125;21,875;21,125;518;202;0;
7926;2021.07.27 01:00;4;21,9375;21,6875;20,9375;517;202;0;
7927;2021.07.27 01:15;4;21,75;21,4375;20,625;516;202;0;
7928;2021.07.27 01:30;4;21,4375;21,125;20,3125;515;202;0;
7929;2021.07.27 01:45;4;21,25;20,875;20,0625;514;202;0;
7930;2021.07.27 02:00;4;21;20,625;19,75;513;202;0;
7931;2021.07.27 02:15;4;20,75;20,375;19,5;512;202;0;
7932;2021.07.27 02:30;4;20,5;20,1875;19,375;512;202;0;
7933;2021.07.27 02:45;4;20,25;19,9375;19,125;511;202;0;
7934;2021.07.27 03:00;4;20;19,6875;18,875;510;202;0;
7935;2021.07.27 03:15;4;19,8125;19,5;18,75;509;202;0;
7936;2021.07.27 03:30;4;19,625;19,25;18,5;509;202;0;
7937;2021.07.27 03:45;4;19,375;19,125;18,375;508;202;0;
7938;2021.07.27 04:00;4;19,25;18,875;18,25;508;202;0;
7939;2021.07.27 04:15;4;19,125;18,75;18,125;508;202;0;
7940;2021.07.27 04:30;4;19;18,625;18,125;508;202;0;
7941;2021.07.27 04:45;4;18,875;18,5625;18,0625;508;202;0;
7942;2021.07.27 05:00;4;18,875;18,5;18,1875;509;202;0;
7943;2021.07.27 05:15;4;18,8125;18,5;18,125;509;202;0;
7944;2021.07.27 05:30;4;18,875;18,5;18,25;510;202;0;
7945;2021.07.27 05:45;4;18,875;18,625;18,5;511;202;0;
7946;2021.07.27 06:00;4;19;18,6875;18,625;513;202;0;
7947;2021.07.27 06:15;4;19,0625;18,75;18,75;514;202;0;
7948;2021.07.27 06:30;4;19,125;18,875;18,875;514;202;0;
7949;2021.07.27 06:45;4;19,3125;19;19,125;516;202;0;
7950;2021.07.27 07:00;4;19,5;19,25;19,25;517;202;0;
7951;2021.07.27 07:15;4;19,625;19,375;19,5625;518;202;0;
7952;2021.07.27 07:30;4;19,875;19,625;19,875;519;202;0;
7953;2021.07.27 07:45;4;20,25;20;20,3125;521;202;0;
7954;2021.07.27 08:00;4;20,625;20,375;20,75;523;202;0;
7955;2021.07.27 08:15;4;20,875;20,6875;21,125;524;202;0;
7956;2021.07.27 08:30;4;21,1875;21;21,375;525;202;0;
7957;2021.07.27 08:45;4;21,375;21,1875;21,5;526;202;0;
7958;2021.07.27 09:00;4;21,625;21,375;21,6875;527;202;0;
7959;2021.07.27 09:15;4;21,875;21,6875;22;528;202;0;
7960;2021.07.27 09:30;4;22,125;21,9375;22,25;529;202;0;
7961;2021.07.27 09:45;4;22,5;22,25;22,625;531;202;0;
7962;2021.07.27 10:00;4;22,875;22,6875;23,125;532;202;0;
7963;2021.07.27 10:15;4;23,3125;23,0625;23,5;534;202;0;
7964;2021.07.27 10:30;4;23,75;23,5;24;536;202;0;
7965;2021.07.27 10:45;4;24,375;24,0625;24,8125;538;202;0;
7966;2021.07.27 11:00;4;24,75;24,5;25,125;540;202;0;
7967;2021.07.27 11:15;4;25,1875;24,9375;25,5;541;202;0;
7968;2021.07.27 11:30;4;25,5625;25,375;25,75;542;202;0;
7969;2021.07.27 11:45;4;25,875;25,625;25,875;542;202;0;
7970;2021.07.27 12:00;4;26,1875;25,9375;26,25;543;202;0;
7971;2021.07.27 12:15;4;26,625;26,375;26,875;545;202;0;
7972;2021.07.27 12:30;4;27,125;26,875;27,375;546;202;0;
7973;2021.07.27 12:45;4;27,5;27,25;27,75;547;202;0;
7974;2021.07.27 13:00;4;27,875;27,625;28,125;548;202;0;
7975;2021.07.27 13:15;4;28,25;28,0625;28,5;549;202;0;
7976;2021.07.27 13:30;4;28,5;28,3125;28,5625;549;202;0;
7977;2021.07.27 13:45;4;28,5625;28,5;28,5625;549;202;0;
7978;2021.07.27 14:00;4;28,75;28,625;28,625;549;202;0;
7979;2021.07.27 14:15;4;28,875;28,75;28,75;549;202;0;
7980;2021.07.27 14:30;4;28,875;28,8125;28,625;549;202;0;
7981;2021.07.27 14:45;4;29;28,875;28,625;548;202;0;
7982;2021.07.27 15:00;4;29;28,875;28,75;548;202;0;
7983;2021.07.27 15:15;4;29;28,875;28,75;548;202;0;
7984;2021.07.27 15:30;4;29;28,875;28,625;548;202;0;
7985;2021.07.27 15:45;4;28,9375;28,875;28,5625;548;202;0;
7986;2021.07.27 16:00;4;28,9375;28,875;28,5625;548;202;0;
7987;2021.07.27 16:15;4;28,875;28,8125;28,5;548;202;0;
7988;2021.07.27 16:30;4;28,875;28,8125;28,5;548;202;0;
7989;2021.07.27 16:45;4;28,875;28,75;28,5;548;202;0;
7990;2021.07.27 17:00;4;28,875;28,75;28,5;549;202;0;
7991;2021.07.27 17:15;4;28,75;28,75;28,375;548;202;0;
7992;2021.07.27 17:30;4;28,625;28,625;28,125;548;202;0;
7993;2021.07.27 17:45;4;28,5;28,4375;27,9375;547;202;0;
7994;2021.07.27 18:00;4;28,375;28,25;27,75;547;202;0;
7995;2021.07.27 18:15;4;28,1875;28,125;27,625;546;202;0;
7996;2021.07.27 18:30;4;28;27,9375;27,3125;546;202;0;
7997;2021.07.27 18:45;4;27,75;27,625;26,875;544;202;0;
7998;2021.07.27 19:00;4;27,4375;27,375;26,4375;543;202;0;
7999;2021.07.27 19:15;4;27,125;27;26,125;542;202;0;
8000;2021.07.27 19:30;4;26,875;26,75;25,75;540;202;0;
8001;2021.07.27 19:45;4;26,5;26,375;25,375;539;202;0;
8002;2021.07.27 20:00;4;26,25;26,0625;25,0625;538;202;0;
8003;2021.07.27 20:15;4;26;25,75;24,875;536;202;0;
8004;2021.07.27 20:30;4;25,75;25,5;24,625;535;202;0;
8005;2021.07.27 20:45;4;25,5;25,25;24,3125;535;202;0;
8006;2021.07.27 21:00;4;25,25;25;24,1875;534;202;0;
8007;2021.07.27 21:15;4;25,125;24,875;24,0625;534;202;0;
8008;2021.07.27 21:30;4;24,875;24,625;23,9375;533;202;0;
8009;2021.07.27 21:45;4;24,75;24,5;23,75;533;202;0;
8010;2021.07.27 22:00;4;24,5;24,25;23,5;532;202;0;
8011;2021.07.27 22:15;4;24,3125;24,0625;23,25;531;202;0;
8012;2021.07.27 22:30;4;24,125;23,875;23;531;202;0;
8013;2021.07.27 22:45;4;23,875;23,625;22,875;530;202;0;
8014;2021.07.27 23:00;4;23,75;23,5;22,75;530;202;0;
8015;2021.07.27 23:15;4;23,5625;23,25;22,625;530;202;0;
8016;2021.07.27 23:30;4;23,375;23,125;22,5;529;202;0;
8017;2021.07.27 23:45;4;23,25;23;22,25;529;202;0;
8018;2021.07.28 00:00;4;23,125;22,8125;22,1875;529;202;0;
8019;2021.07.28 00:15;4;23;22,6875;22,125;529;202;0;
8020;2021.07.28 00:30;4;22,875;22,625;22,125;529;202;0;
8021;2021.07.28 00:45;4;22,875;22,5625;22,125;530;202;0;
8022;2021.07.28 01:00;4;22,75;22,5;22,125;530;202;0;
8023;2021.07.28 01:15;4;22,75;22,5;22,125;531;202;0;
8024;2021.07.28 01:30;4;22,625;22,375;22;531;202;0;
8025;2021.07.28 01:45;4;22,625;22,375;21,9375;531;202;0;
8026;2021.07.28 02:00;4;22,5;22,25;21,875;531;202;0;
8027;2021.07.28 02:15;4;22,5;22,25;21,875;531;202;0;
8028;2021.07.28 02:30;4;22,4375;22,1875;21,8125;532;202;0;
8029;2021.07.28 02:45;4;22,375;22,125;21,875;532;202;0;
8030;2021.07.28 03:00;4;22,375;22,125;21,875;532;202;0;
8031;2021.07.28 03:15;4;22,375;22,125;21,875;532;202;0;
8032;2021.07.28 03:30;4;22,25;22,125;21,8125;532;202;0;
8033;2021.07.28 03:45;4;22,25;22,0625;21,875;532;202;0;
8034;2021.07.28 04:00;4;22,25;22;21,75;532;202;0;
8035;2021.07.28 04:15;4;22,1875;22;21,75;532;202;0;
8036;2021.07.28 04:30;4;22,125;21,9375;21,625;532;202;0;
8037;2021.07.28 04:45;4;22;21,875;21,5;532;202;0;
8038;2021.07.28 05:00;4;21,875;21,75;21,3125;532;202;0;
8039;2021.07.28 05:15;4;21,75;21,5625;21,125;531;202;0;
8040;2021.07.28 05:30;4;21,625;21,4375;21;531;202;0;
8041;2021.07.28 05:45;4;21,5;21,25;20,75;530;202;0;
8042;2021.07.28 06:00;4;21,375;21,125;20,6875;530;202;0;
8043;2021.07.28 06:15;4;21,25;21,0625;20,625;530;202;0;
8044;2021.07.28 06:30;4;21,125;20,9375;20,375;530;202;0;
8045;2021.07.28 06:45;4;21,125;20,875;20,4375;530;202;0;
8046;2021.07.28 07:00;4;21,0625;20,8125;20,5;531;202;0;
8047;2021.07.28 07:15;4;21;20,8125;20,625;531;202;0;
8048;2021.07.28 07:30;4;21;20,75;20,5;531;202;0;
8049;2021.07.28 07:45;4;21;20,75;20,5625;532;202;0;
8050;2021.07.28 08:00;4;21;20,8125;20,625;533;202;0;
8051;2021.07.28 08:15;4;21,0625;20,875;20,75;533;202;0;
8052;2021.07.28 08:30;4;21,125;20,875;20,75;534;202;0;
8053;2021.07.28 08:45;4;21,125;21;20,875;534;202;0;
8054;2021.07.28 09:00;4;21,25;21;20,875;535;202;0;
8055;2021.07.28 09:15;4;21,25;21,125;21;536;202;0;
8056;2021.07.28 09:30;4;21,375;21,125;21,125;536;202;0;
8057;2021.07.28 09:45;4;21,5;21,3125;21,3125;537;202;0;
8058;2021.07.28 10:00;4;21,75;21,5;21,5625;538;202;0;
8059;2021.07.28 10:15;4;22;21,75;21,9375;540;202;0;
8060;2021.07.28 10:30;4;22,25;22;22,25;541;202;0;
8061;2021.07.28 10:45;4;22,5;22,25;22,5;542;202;0;
8062;2021.07.28 11:00;4;22,75;22,5625;22,75;542;202;0;
8063;2021.07.28 11:15;4;23,25;23;23,375;544;202;0;
8064;2021.07.28 11:30;4;23,6875;23,4375;24;545;202;0;
8065;2021.07.28 11:45;4;24,1875;23,9375;24,5;547;202;0;
8066;2021.07.28 12:00;4;24,6875;24,5;25,0625;548;202;0;
8067;2021.07.28 12:15;4;25,125;24,875;25,4375;549;202;0;
8068;2021.07.28 12:30;4;25,625;25,5;26,125;550;202;0;
8069;2021.07.28 12:45;4;26,0625;25,875;26,375;551;202;0;
8070;2021.07.28 13:00;4;26,375;26,25;26,5625;551;202;0;
8071;2021.07.28 13:15;4;26,75;26,625;26,9375;551;202;0;
8072;2021.07.28 13:30;4;27,125;26,875;27,125;551;202;0;
8073;2021.07.28 13:45;4;27,375;27,125;27,3125;551;202;0;
8074;2021.07.28 14:00;4;27,625;27,4375;27,625;552;202;0;
8075;2021.07.28 14:15;4;28;27,8125;28,125;552;202;0;
8076;2021.07.28 14:30;4;28,3125;28,125;28,375;553;202;0;
8077;2021.07.28 14:45;4;28,5;28,375;28,5;553;202;0;
8078;2021.07.28 15:00;4;28,625;28,5;28,5;552;202;0;
8079;2021.07.28 15:15;4;28,75;28,625;28,5;552;202;0;
8080;2021.07.28 15:30;4;28,9375;28,75;28,625;552;202;0;
8081;2021.07.28 15:45;4;29;28,875;28,625;552;202;0;
8082;2021.07.28 16:00;4;29,0625;28,875;28,6875;552;202;0;
8083;2021.07.28 16:15;4;29;28,875;28,625;551;202;0;
8084;2021.07.28 16:30;4;28,875;28,75;28,375;550;202;0;
8085;2021.07.28 16:45;4;28,6875;28,625;28,125;550;202;0;
8086;2021.07.28 17:00;4;28,5;28,4375;27,8125;549;202;0;
8087;2021.07.28 17:15;4;28,25;28,125;27,5;547;202;0;
8088;2021.07.28 17:30;4;28;27,875;27,125;546;202;0;
8089;2021.07.28 17:45;4;27,6875;27,5;26,6875;545;202;0;
8090;2021.07.28 18:00;4;27,375;27,1875;26,25;543;202;0;
8091;2021.07.28 18:15;4;27;26,875;25,875;542;202;0;
8092;2021.07.28 18:30;4;26,75;26,5;25,5;541;202;0;
8093;2021.07.28 18:45;4;26,375;26,1875;25,125;540;202;0;
8094;2021.07.28 19:00;4;26,0625;25,875;24,75;538;202;0;
8095;2021.07.28 19:15;4;25,75;25,5;24,25;537;202;0;
8096;2021.07.28 19:30;4;25,375;25,125;24;535;202;0;
8097;2021.07.28 19:45;4;25;24,75;23,625;534;202;0;
8098;2021.07.28 20:00;4;24,625;24,375;23,125;532;202;0;
8099;2021.07.28 20:15;4;24,375;24;22,875;531;202;0;
8100;2021.07.28 20:30;4;24;23,6875;22,625;530;202;0;
8101;2021.07.28 20:45;4;23,75;23,375;22,3125;529;202;0;
8102;2021.07.28 21:00;4;23,4375;23,125;22,125;528;202;0;
8103;2021.07.28 21:15;4;23,125;22,875;21,875;527;202;0;
8104;2021.07.28 21:30;4;22,875;22,5625;21,625;527;202;0;
8105;2021.07.28 21:45;4;22,625;22,3125;21,375;526;202;0;
8106;2021.07.28 22:00;4;22,375;22,0625;21,1875;525;202;0;
8107;2021.07.28 22:15;4;22,1875;21,875;21;524;202;0;
8108;2021.07.28 22:30;4;22;21,625;20,8125;524;202;0;
8109;2021.07.28 22:45;4;21,75;21,375;20,625;523;202;0;
8110;2021.07.28 23:00;4;21,5;21,1875;20,375;523;202;0;
8111;2021.07.28 23:15;4;21,375;21;20,1875;523;202;0;
8112;2021.07.28 23:30;4;21,125;20,8125;20;522;202;0;
8113;2021.07.28 23:45;4;20,9375;20,625;19,875;522;202;0;
8114;2021.07.29 00:00;4;20,75;20,5;19,75;522;202;0;
8115;2021.07.29 00:15;4;20,625;20,25;19,5625;521;202;0;
8116;2021.07.29 00:30;4;20,4375;20,125;19,5;521;202;0;
8117;2021.07.29 00:45;4;20,3125;20;19,375;521;202;0;
8118;2021.07.29 01:00;4;20,125;19,875;19,25;521;202;0;
8119;2021.07.29 01:15;4;20;19,6875;19;521;202;0;
8120;2021.07.29 01:30;4;19,875;19,5;18,875;521;202;0;
8121;2021.07.29 01:45;4;19,75;19,375;18,875;521;202;0;
8122;2021.07.29 02:00;4;19,625;19,25;18,75;521;202;0;
8123;2021.07.29 02:15;4;19,5;19,125;18,625;521;202;0;
8124;2021.07.29 02:30;4;19,375;19,0625;18,5;521;202;0;
8125;2021.07.29 02:45;4;19,25;19;18,5;521;202;0;
8126;2021.07.29 03:00;4;19,1875;18,875;18,5;521;202;0;
8127;2021.07.29 03:15;4;19,125;18,8125;18,4375;521;202;0;
8128;2021.07.29 03:30;4;19;18,75;18,3125;521;202;0;
8129;2021.07.29 03:45;4;18,875;18,625;18,125;521;202;0;
8130;2021.07.29 04:00;4;18,75;18,4375;18;521;202;0;
8131;2021.07.29 04:15;4;18,625;18,375;18;520;202;0;
8132;2021.07.29 04:30;4;18,5;18,25;17,875;520;202;0;
8133;2021.07.29 04:45;4;18,4375;18,125;17,75;520;202;0;
8134;2021.07.29 05:00;4;18,375;18,125;17,875;521;202;0;
8135;2021.07.29 05:15;4;18,4375;18,125;18;522;202;0;
8136;2021.07.29 05:30;4;18,5;18,25;18,125;523;202;0;
8137;2021.07.29 05:45;4;18,5625;18,25;18,25;524;202;0;
8138;2021.07.29 06:00;4;18,625;18,375;18,375;525;202;0;
8139;2021.07.29 06:15;4;18,75;18,5;18,5625;527;202;0;
8140;2021.07.29 06:30;4;18,9375;18,625;18,75;528;202;0;
8141;2021.07.29 06:45;4;19,125;18,875;19;530;202;0;
8142;2021.07.29 07:00;4;19,25;19;19,125;531;202;0;
8143;2021.07.29 07:15;4;19,375;19,1875;19,25;532;202;0;
8144;2021.07.29 07:30;4;19,625;19,375;19,5;533;202;0;
8145;2021.07.29 07:45;4;19,75;19,5625;19,6875;534;202;0;
8146;2021.07.29 08:00;4;20;19,75;20;535;202;0;
8147;2021.07.29 08:15;4;20,375;20,125;20,375;537;202;0;
8148;2021.07.29 08:30;4;20,75;20,4375;20,8125;538;202;0;
8149;2021.07.29 08:45;4;21,0625;20,8125;21,25;540;202;0;
8150;2021.07.29 09:00;4;21,5;21,25;21,75;541;202;0;
8151;2021.07.29 09:15;4;22;21,6875;22,25;543;202;0;
8152;2021.07.29 09:30;4;22,5;22,1875;22,875;545;202;0;
8153;2021.07.29 09:45;4;23;22,75;23,375;546;202;0;
8154;2021.07.29 10:00;4;23,4375;23,1875;23,75;548;202;0;
8155;2021.07.29 10:15;4;23,875;23,6875;24,375;549;202;0;
8156;2021.07.29 10:30;4;24,4375;24,1875;24,875;550;202;0;
8157;2021.07.29 10:45;4;25;24,75;25,5;551;202;0;
8158;2021.07.29 11:00;4;25,5;25,25;26;553;202;0;
8159;2021.07.29 11:15;4;25,9375;25,75;26,5;553;202;0;
8160;2021.07.29 11:30;4;26,5;26,25;27;554;202;0;
8161;2021.07.29 11:45;4;27;26,875;27,6875;555;202;0;
8162;2021.07.29 12:00;4;27,5;27,375;28,1875;557;202;0;
8163;2021.07.29 12:15;4;28,0625;27,875;28,75;558;202;0;
8164;2021.07.29 12:30;4;28,5;28,375;29,125;558;202;0;
8165;2021.07.29 12:45;4;29;28,875;29,625;559;202;0;
8166;2021.07.29 13:00;4;29,4375;29,375;30,125;559;202;0;
8167;2021.07.29 13:15;4;29,875;29,75;30,5;560;202;0;
8168;2021.07.29 13:30;4;30,25;30,125;30,625;560;202;0;
8169;2021.07.29 13:45;4;30,5;30,4375;30,75;561;202;0;
8170;2021.07.29 14:00;4;30,8125;30,75;31;561;202;0;
8171;2021.07.29 14:15;4;30,9375;30,875;30,875;561;202;0;
8172;2021.07.29 14:30;4;31,125;31;30,875;561;202;0;
8173;2021.07.29 14:45;4;31,25;31,1875;31,25;561;202;0;
8174;2021.07.29 15:00;4;31,375;31,25;31,1875;561;202;0;
8175;2021.07.29 15:15;4;31,375;31,3125;31,125;560;202;0;
8176;2021.07.29 15:30;4;31,25;31,25;30,875;559;202;0;
8177;2021.07.29 15:45;4;31,125;31,125;30,6875;558;202;0;
8178;2021.07.29 16:00;4;31;31;30,5;557;202;0;
8179;2021.07.29 16:15;4;30,8125;30,8125;30,25;556;202;0;
8180;2021.07.29 16:30;4;30,625;30,625;30;555;202;0;
8181;2021.07.29 16:45;4;30,375;30,4375;29,8125;554;202;0;
8182;2021.07.29 17:00;4;30,25;30,25;29,6875;554;202;0;
8183;2021.07.29 17:15;4;30,0625;30,125;29,5;553;202;0;
8184;2021.07.29 17:30;4;29,875;29,875;29,1875;552;202;0;
8185;2021.07.29 17:45;4;29,625;29,6875;29;552;202;0;
8186;2021.07.29 18:00;4;29,4375;29,5;28,8125;551;202;0;
8187;2021.07.29 18:15;4;29,25;29,25;28,625;550;202;0;
8188;2021.07.29 18:30;4;29;28,9375;28,125;549;202;0;
8189;2021.07.29 18:45;4;28,625;28,625;27,625;548;202;0;
8190;2021.07.29 19:00;4;28,375;28,25;27,4375;547;202;0;
8191;2021.07.29 19:15;4;28,125;28;27,125;546;202;0;
8192;2021.07.29 19:30;4;27,75;27,6875;26,75;545;202;0;
8193;2021.07.29 19:45;4;27,375;27,3125;26,25;543;202;0;
8194;2021.07.29 20:00;4;27,125;26,9375;25,875;542;202;0;
8195;2021.07.29 20:15;4;26,75;26,5625;25,5;540;202;0;
8196;2021.07.29 20:30;4;26,375;26,25;25,125;539;202;0;
8197;2021.07.29 20:45;4;26,125;25,875;24,875;538;202;0;
8198;2021.07.29 21:00;4;25,875;25,625;24,6875;538;202;0;
8199;2021.07.29 21:15;4;25,625;25,375;24,375;537;202;0;
8200;2021.07.29 21:30;4;25,375;25,125;24,1875;536;202;0;
8201;2021.07.29 21:45;4;25,125;24,875;24,0625;536;202;0;
8202;2021.07.29 22:00;4;25;24,75;24;536;202;0;
8203;2021.07.29 22:15;4;24,75;24,5;23,75;536;202;0;
8204;2021.07.29 22:30;4;24,625;24,375;23,625;535;202;0;
8205;2021.07.29 22:45;4;24,5;24,25;23,5;535;202;0;
8206;2021.07.29 23:00;4;24,375;24,0625;23,375;535;202;0;
8207;2021.07.29 23:15;4;24,1875;23,875;23,375;536;202;0;
8208;2021.07.29 23:30;4;24,125;23,875;23,3125;536;202;0;
8209;2021.07.29 23:45;4;24;23,75;23,1875;536;202;0;
8210;2021.07.30 00:00;4;23,75;23,5625;23;535;202;0;
8211;2021.07.30 00:15;4;23,625;23,375;22,75;535;202;0;
8212;2021.07.30 00:30;4;23,375;23,125;22,375;534;202;0;
8213;2021.07.30 00:45;4;23,1875;22,9375;22,125;534;202;0;
8214;2021.07.30 01:00;4;23;22,75;22;533;202;0;
8215;2021.07.30 01:15;4;22,75;22,5;21,75;532;202;0;
8216;2021.07.30 01:30;4;22,625;22,375;21,625;532;202;0;
8217;2021.07.30 01:45;4;22,4375;22,125;21,5;532;202;0;
8218;2021.07.30 02:00;4;22,25;22;21,3125;531;202;0;
8219;2021.07.30 02:15;4;22,125;21,8125;21,1875;531;202;0;
8220;2021.07.30 02:30;4;21,9375;21,625;21;531;202;0;
8221;2021.07.30 02:45;4;21,8125;21,5;21;531;202;0;
8222;2021.07.30 03:00;4;21,625;21,375;20,875;530;202;0;
8223;2021.07.30 03:15;4;21,5;21,25;20,625;530;202;0;
8224;2021.07.30 03:30;4;21,375;21,125;20,5625;530;202;0;
8225;2021.07.30 03:45;4;21,25;21;20,5;530;202;0;
8226;2021.07.30 04:00;4;21,1875;20,9375;20,5;531;202;0;
8227;2021.07.30 04:15;4;21,125;20,875;20,625;531;202;0;
8228;2021.07.30 04:30;4;21,125;20,875;20,625;531;202;0;
8229;2021.07.30 04:45;4;21,125;20,875;20,5;532;202;0;
8230;2021.07.30 05:00;4;21,0625;20,8125;20,5;533;202;0;
8231;2021.07.30 05:15;4;21,125;20,875;20,625;533;202;0;
8232;2021.07.30 05:30;4;21,125;20,875;20,75;534;202;0;
8233;2021.07.30 05:45;4;21,125;20,875;20,8125;535;202;0;
8234;2021.07.30 06:00;4;21,1875;21;20,875;536;202;0;
8235;2021.07.30 06:15;4;21,25;21;20,9375;537;202;0;
8236;2021.07.30 06:30;4;21,25;21,0625;21;538;202;0;
8237;2021.07.30 06:45;4;21,375;21,1875;21,125;539;202;0;
8238;2021.07.30 07:00;4;21,5;21,25;21,25;539;202;0;
8239;2021.07.30 07:15;4;21,5;21,375;21,3125;540;202;0;
8240;2021.07.30 07:30;4;21,625;21,375;21,375;541;202;0;
8241;2021.07.30 07:45;4;21,6875;21,5;21,5;542;202;0;
8242;2021.07.30 08:00;4;21,75;21,5625;21,5;543;202;0;
8243;2021.07.30 08:15;4;21,8125;21,625;21,625;544;202;0;
8244;2021.07.30 08:30;4;21,875;21,6875;21,625;544;202;0;
8245;2021.07.30 08:45;4;21,9375;21,75;21,75;545;202;0;
8246;2021.07.30 09:00;4;22,125;21,875;22;546;202;0;
8247;2021.07.30 09:15;4;22,375;22,1875;22,375;547;202;0;
8248;2021.07.30 09:30;4;22,75;22,5;22,75;548;202;0;
8249;2021.07.30 09:45;4;23,125;22,875;23,25;550;202;0;
8250;2021.07.30 10:00;4;23,75;23,4375;24,125;552;202;0;
8251;2021.07.30 10:15;4;24,25;24;24,625;554;202;0;
8252;2021.07.30 10:30;4;24,75;24,5;25,125;555;202;0;
8253;2021.07.30 10:45;4;25,25;25;25,625;556;202;0;
8254;2021.07.30 11:00;4;25,75;25,5625;26,375;558;202;0;
8255;2021.07.30 11:15;4;26,375;26,1875;27;559;202;0;
8256;2021.07.30 11:30;4;26,8125;26,625;27,375;560;202;0;
8257;2021.07.30 11:45;4;27,125;27;27,6875;559;202;0;
8258;2021.07.30 12:00;4;27,5;27,375;27,9375;560;202;0;
8259;2021.07.30 12:15;4;27,75;27,625;28,125;560;202;0;
8260;2021.07.30 12:30;4;28;27,875;28,25;560;202;0;
8261;2021.07.30 12:45;4;28,125;28,125;28,375;560;202;0;
8262;2021.07.30 13:00;4;28,375;28,25;28,5625;560;202;0;
8263;2021.07.30 13:15;4;28,625;28,5;28,875;561;202;0;
8264;2021.07.30 13:30;4;29;28,875;29,375;562;202;0;
8265;2021.07.30 13:45;4;29,3125;29,25;29,625;562;202;0;
8266;2021.07.30 14:00;4;29,4375;29,375;29,625;561;202;0;
8267;2021.07.30 14:15;4;29,625;29,5625;29,75;561;202;0;
8268;2021.07.30 14:30;4;29,625;29,625;29,625;560;202;0;
8269;2021.07.30 14:45;4;29,5625;29,5625;29,5;560;202;0;
8270;2021.07.30 15:00;4;29,5;29,5;29,25;559;202;0;
8271;2021.07.30 15:15;4;29,375;29,375;29;559;202;0;
8272;2021.07.30 15:30;4;29,25;29,25;28,875;558;202;0;
8273;2021.07.30 15:45;4;29;29,0625;28,5;557;202;0;
8274;2021.07.30 16:00;4;28,75;28,75;28;555;202;0;
8275;2021.07.30 16:15;4;28,375;28,4375;27,625;553;202;0;
8276;2021.07.30 16:30;4;28,0625;28,125;27,25;551;202;0;
8277;2021.07.30 16:45;4;27,75;27,75;26,875;549;202;0;
8278;2021.07.30 17:00;4;27,375;27,375;26,4375;548;202;0;
8279;2021.07.30 17:15;4;27,125;27,125;26,1875;547;202;0;
8280;2021.07.30 17:30;4;26,875;26,875;26;546;202;0;
8281;2021.07.30 17:45;4;26,625;26,625;25,8125;545;202;0;
8282;2021.07.30 18:00;4;26,4375;26,375;25,625;544;202;0;
8283;2021.07.30 18:15;4;26,25;26,25;25,5625;544;202;0;
8284;2021.07.30 18:30;4;26;26;25,3125;543;202;0;
8285;2021.07.30 18:45;4;25,875;25,8125;25,125;542;202;0;
8286;2021.07.30 19:00;4;25,6875;25,625;25;542;202;0;
8287;2021.07.30 19:15;4;25,5;25,5;24,875;541;202;0;
8288;2021.07.30 19:30;4;25,3125;25,25;24,625;541;202;0;
8289;2021.07.30 19:45;4;25,125;25,125;24,4375;540;202;0;
8290;2021.07.30 20:00;4;25;24,9375;24,375;540;202;0;
8291;2021.07.30 20:15;4;24,875;24,8125;24,25;540;202;0;
8292;2021.07.30 20:30;4;24,6875;24,625;23,9375;540;202;0;
8293;2021.07.30 20:45;4;24,5;24,375;23,8125;540;202;0;
8294;2021.07.30 21:00;4;24,375;24,25;23,6875;540;202;0;
8295;2021.07.30 21:15;4;24,1875;24,0625;23,375;540;202;0;
8296;2021.07.30 21:30;4;24,0625;23,875;23,25;540;202;0;
8297;2021.07.30 21:45;4;23,9375;23,75;23,1875;540;202;0;
8298;2021.07.30 22:00;4;23,8125;23,625;23,125;540;202;0;
8299;2021.07.30 22:15;4;23,75;23,5;23,0625;540;202;0;
8300;2021.07.30 22:30;4;23,625;23,4375;23;540;202;0;
8301;2021.07.30 22:45;4;23,5;23,375;22,875;541;202;0;
8302;2021.07.30 23:00;4;23,4375;23,25;22,75;541;202;0;
8303;2021.07.30 23:15;4;23,375;23,125;22,625;541;202;0;
8304;2021.07.30 23:30;4;23,25;23;22,5;541;202;0;
8305;2021.07.30 23:45;4;23,125;22,875;22,5;542;202;0;
8306;2021.07.31 00:00;4;23,0625;22,875;22,375;542;202;0;
8307;2021.07.31 00:15;4;23;22,75;22,4375;543;202;0;
8308;2021.07.31 00:30;4;22,9375;22,75;22,4375;543;202;0;
8309;2021.07.31 00:45;4;22,875;22,6875;22,375;544;202;0;
8310;2021.07.31 01:00;4;22,8125;22,625;22,25;544;202;0;
8311;2021.07.31 01:15;4;22,6875;22,5;22,125;544;202;0;
8312;2021.07.31 01:30;4;22,625;22,375;22;544;202;0;
8313;2021.07.31 01:45;4;22,5;22,375;22;544;202;0;
8314;2021.07.31 02:00;4;22,5;22,25;21,875;544;202;0;
8315;2021.07.31 02:15;4;22,375;22,1875;21,75;544;202;0;
8316;2021.07.31 02:30;4;22,3125;22,125;21,75;545;202;0;
8317;2021.07.31 02:45;4;22,25;22,0625;21,625;545;202;0;
8318;2021.07.31 03:00;4;22,125;22;21,625;545;202;0;
8319;2021.07.31 03:15;4;22,125;21,9375;21,625;545;202;0;
8320;2021.07.31 03:30;4;22;21,875;21,5;545;202;0;
8321;2021.07.31 03:45;4;21,9375;21,75;21,375;544;202;0;
8322;2021.07.31 04:00;4;21,875;21,75;21,375;545;202;0;
8323;2021.07.31 04:15;4;21,75;21,625;21,25;544;202;0;
8324;2021.07.31 04:30;4;21,6875;21,5625;21,125;544;202;0;
8325;2021.07.31 04:45;4;21,625;21,5;21,125;544;202;0;
8326;2021.07.31 05:00;4;21,5;21,375;21;544;202;0;
8327;2021.07.31 05:15;4;21,5;21,3125;21;544;202;0;
8328;2021.07.31 05:30;4;21,4375;21,25;20,9375;544;202;0;
8329;2021.07.31 05:45;4;21,4375;21,25;21;545;202;0;
8330;2021.07.31 06:00;4;21,5;21,25;21,125;546;202;0;
8331;2021.07.31 06:15;4;21,75;21,375;21,375;547;202;0;
8332;2021.07.31 06:30;4;22;21,6875;21,75;549;202;0;
8333;2021.07.31 06:45;4;22,25;21,9375;22;550;202;0;
8334;2021.07.31 07:00;4;22,25;22;21,875;550;202;0;
8335;2021.07.31 07:15;4;22,375;22,125;21,9375;549;202;0;
8336;2021.07.31 07:30;4;22,375;22,125;21,9375;548;202;0;
8337;2021.07.31 07:45;4;22,375;22,125;22;548;202;0;
8338;2021.07.31 08:00;4;22,375;22,1875;22;548;202;0;
8339;2021.07.31 08:15;4;22,4375;22,25;22;548;202;0;
8340;2021.07.31 08:30;4;22,5;22,25;22,125;548;202;0;
8341;2021.07.31 08:45;4;22,625;22,375;22,375;549;202;0;
8342;2021.07.31 09:00;4;22,75;22,5;22,5;549;202;0;
8343;2021.07.31 09:15;4;22,8125;22,625;22,5;549;202;0;
8344;2021.07.31 09:30;4;22,875;22,6875;22,625;550;202;0;
8345;2021.07.31 09:45;4;23;22,75;22,75;550;202;0;
8346;2021.07.31 10:00;4;23;22,8125;22,625;550;202;0;
8347;2021.07.31 10:15;4;23;22,875;22,625;549;202;0;
8348;2021.07.31 10:30;4;23;22,875;22,75;549;202;0;
8349;2021.07.31 10:45;4;23;22,875;22,6875;549;202;0;
8350;2021.07.31 11:00;4;23,125;22,875;22,75;549;202;0;
8351;2021.07.31 11:15;4;23,125;23;22,875;550;202;0;
8352;2021.07.31 11:30;4;23,25;23,0625;23;550;202;0;
8353;2021.07.31 11:45;4;23,25;23,125;23;550;202;0;
8354;2021.07.31 12:00;4;23,375;23,1875;23,125;550;202;0;
8355;2021.07.31 12:15;4;23,5;23,25;23,25;550;202;0;
8356;2021.07.31 12:30;4;23,5625;23,375;23,375;550;202;0;
8357;2021.07.31 12:45;4;23,625;23,4375;23,375;550;202;0;
8358;2021.07.31 13:00;4;23,625;23,5;23,375;549;202;0;
8359;2021.07.31 13:15;4;23,6875;23,5;23,4375;549;202;0;
8360;2021.07.31 13:30;4;23,6875;23,5625;23,375;549;202;0;
8361;2021.07.31 13:45;4;23,75;23,625;23,5;549;202;0;
8362;2021.07.31 14:00;4;23,875;23,6875;23,5625;549;202;0;
8363;2021.07.31 14:15;4;24;23,875;23,875;549;202;0;
8364;2021.07.31 14:30;4;24,1875;24;24;549;202;0;
8365;2021.07.31 14:45;4;24,3125;24,125;24,125;549;202;0;
8366;2021.07.31 15:00;4;24,5;24,25;24,25;549;202;0;
8367;2021.07.31 15:15;4;24,5;24,375;24,125;548;202;0;
8368;2021.07.31 15:30;4;24,5625;24,375;24,25;548;202;0;
8369;2021.07.31 15:45;4;24,625;24,375;24,375;548;202;0;
8370;2021.07.31 16:00;4;24,625;24,4375;24,25;548;202;0;
8371;2021.07.31 16:15;4;24,625;24,375;24,25;547;202;0;
8372;2021.07.31 16:30;4;24,5;24,375;24,1875;547;202;0;
8373;2021.07.31 16:45;4;24,25;24,25;23,75;546;202;0;
8374;2021.07.31 17:00;4;24,125;24;23,625;544;202;0;
8375;2021.07.31 17:15;4;24;23,875;23,5;543;202;0;
8376;2021.07.31 17:30;4;23,8125;23,75;23,3125;543;202;0;
8377;2021.07.31 17:45;4;23,625;23,5;23,0625;541;202;0;
8378;2021.07.31 18:00;4;23,375;23,3125;22,8125;540;202;0;
8379;2021.07.31 18:15;4;23,125;23,125;22,625;540;202;0;
8380;2021.07.31 18:30;4;23;22,875;22,4375;539;202;0;
8381;2021.07.31 18:45;4;22,8125;22,75;22,25;539;202;0;
8382;2021.07.31 19:00;4;22,625;22,5625;22,125;539;202;0;
8383;2021.07.31 19:15;4;22,4375;22,375;21,9375;539;202;0;
8384;2021.07.31 19:30;4;22,25;22,125;21,625;538;202;0;
8385;2021.07.31 19:45;4;22;21,9375;21,375;537;202;0;
8386;2021.07.31 20:00;4;21,75;21,6875;21,125;536;202;0;
8387;2021.07.31 20:15;4;21,625;21,5;21;535;202;0;
8388;2021.07.31 20:30;4;21,375;21,3125;20,8125;534;202;0;
8389;2021.07.31 20:45;4;21,1875;21,125;20,625;534;202;0;
8390;2021.07.31 21:00;4;21;20,9375;20,5;534;202;0;
8391;2021.07.31 21:15;4;20,8125;20,75;20,25;533;202;0;
8392;2021.07.31 21:30;4;20,625;20,5625;20,125;533;202;0;
8393;2021.07.31 21:45;4;20,375;20,375;19,875;532;202;0;
8394;2021.07.31 22:00;4;20,25;20,1875;19,75;532;202;0;
8395;2021.07.31 22:15;4;20,125;20;19,625;531;202;0;
8396;2021.07.31 22:30;4;19,875;19,875;19,4375;531;202;0;
8397;2021.07.31 22:45;4;19,75;19,6875;19,25;530;202;0;
8398;2021.07.31 23:00;4;19,5625;19,5;19,125;529;202;0;
8399;2021.07.31 23:15;4;19,375;19,25;18,875;529;202;0;
8400;2021.07.31 23:30;4;19,25;19,125;18,75;528;202;0;
8401;2021.07.31 23:45;4;19;18,9375;18,5625;528;202;0;
8402;2021.08.01 00:00;4;18,875;18,8125;18,5;528;202;0;
8403;2021.08.01 00:15;4;18,75;18,625;18,375;527;202;0;
8404;2021.08.01 00:30;4;18,625;18,5625;18,25;527;202;0;
8405;2021.08.01 00:45;4;18,625;18,5;18,3125;528;202;0;
8406;2021.08.01 01:00;4;18,5625;18,4375;18,25;528;202;0;
8407;2021.08.01 01:15;4;18,4375;18,375;18,125;528;202;0;
8408;2021.08.01 01:30;4;18,375;18,25;18,125;528;202;0;
8409;2021.08.01 01:45;4;18,375;18,25;18,125;529;202;0;
8410;2021.08.01 02:00;4;18,375;18,25;18,125;529;202;0;
8411;2021.08.01 02:15;4;18,3125;18,1875;18;529;202;0;
8412;2021.08.01 02:30;4;18,25;18,125;18;529;202;0;
8413;2021.08.01 02:45;4;18,125;18;17,875;529;202;0;
8414;2021.08.01 03:00;4;18,125;18;17,875;529;202;0;
8415;2021.08.01 03:15;4;18,125;18;17,875;530;202;0;
8416;2021.08.01 03:30;4;18,0625;17,9375;17,8125;530;202;0;
8417;2021.08.01 03:45;4;18;17,875;17,625;529;202;0;
8418;2021.08.01 04:00;4;17,875;17,75;17,625;529;202;0;
8419;2021.08.01 04:15;4;17,875;17,75;17,625;530;202;0;
8420;2021.08.01 04:30;4;17,875;17,75;17,625;530;202;0;
8421;2021.08.01 04:45;4;17,75;17,625;17,5;530;202;0;
8422;2021.08.01 05:00;4;17,75;17,625;17,5;530;202;0;
8423;2021.08.01 05:15;4;17,625;17,5625;17,375;530;202;0;
8424;2021.08.01 05:30;4;17,6875;17,5;17,4375;530;202;0;
8425;2021.08.01 05:45;4;17,75;17,5625;17,4375;531;202;0;
8426;2021.08.01 06:00;4;17,8125;17,625;17,375;532;202;0;
8427;2021.08.01 06:15;4;17,875;17,625;17,5;532;202;0;
8428;2021.08.01 06:30;4;18;17,75;17,5625;533;202;0;
8429;2021.08.01 06:45;4;18,125;17,875;17,75;534;202;0;
8430;2021.08.01 07:00;4;18,25;18;17,875;535;202;0;
8431;2021.08.01 07:15;4;18,375;18,0625;17,9375;535;202;0;
8432;2021.08.01 07:30;4;18,5;18,1875;18,0625;535;202;0;
8433;2021.08.01 07:45;4;18,5625;18,25;18,125;535;202;0;
8434;2021.08.01 08:00;4;18,625;18,375;18,1875;536;202;0;
8435;2021.08.01 08:15;4;18,75;18,4375;18,25;536;202;0;
8436;2021.08.01 08:30;4;18,8125;18,5;18,3125;536;202;0;
8437;2021.08.01 08:45;4;18,8125;18,5;18,25;535;202;0;
8438;2021.08.01 09:00;4;19,0625;18,6875;18,75;536;202;0;
8439;2021.08.01 09:15;4;19;18,75;18,5;535;202;0;
8440;2021.08.01 09:30;4;18,9375;18,6875;18,5;534;202;0;
8441;2021.08.01 09:45;4;18,875;18,625;18,375;534;202;0;
8442;2021.08.01 10:00;4;18,875;18,625;18,375;534;202;0;
8443;2021.08.01 10:15;4;19;18,6875;18,5;535;202;0;
8444;2021.08.01 10:30;4;19,125;18,8125;18,75;536;202;0;
8445;2021.08.01 10:45;4;19,25;18,9375;18,875;536;202;0;
8446;2021.08.01 11:00;4;19,375;19,0625;19;537;202;0;
8447;2021.08.01 11:15;4;19,5;19,25;19,125;537;202;0;
8448;2021.08.01 11:30;4;19,6875;19,375;19,25;537;202;0;
8449;2021.08.01 11:45;4;19,9375;19,5625;19,5;538;202;0;
8450;2021.08.01 12:00;4;20,25;19,8125;19,875;538;202;0;
8451;2021.08.01 12:15;4;20,375;20;20;538;202;0;
8452;2021.08.01 12:30;4;20,5625;20,1875;20,125;538;202;0;
8453;2021.08.01 12:45;4;20,75;20,375;20,375;538;202;0;
8454;2021.08.01 13:00;4;21;20,625;20,625;538;202;0;
8455;2021.08.01 13:15;4;21,125;20,75;20,625;537;202;0;
8456;2021.08.01 13:30;4;21,125;20,875;20,5625;536;202;0;
8457;2021.08.01 13:45;4;21,375;21;20,875;536;202;0;
8458;2021.08.01 14:00;4;21,4375;21,125;20,9375;536;202;0;
8459;2021.08.01 14:15;4;21,5;21,1875;21,0625;535;202;0;
8460;2021.08.01 14:30;4;21,6875;21,3125;21,25;535;202;0;
8461;2021.08.01 14:45;4;21,625;21,3125;21;535;202;0;
8462;2021.08.01 15:00;4;21,5;21,25;20,875;534;202;0;
8463;2021.08.01 15:15;4;21,375;21,1875;20,8125;533;202;0;
8464;2021.08.01 15:30;4;21,375;21,125;20,75;532;202;0;
8465;2021.08.01 15:45;4;21,375;21,125;20,75;532;202;0;
8466;2021.08.01 16:00;4;21,3125;21,125;20,75;532;202;0;
8467;2021.08.01 16:15;4;21,25;21,0625;20,6875;532;202;0;
8468;2021.08.01 16:30;4;21,125;21;20,5625;531;202;0;
8469;2021.08.01 16:45;4;21,125;20,9375;20,5625;530;202;0;
8470;2021.08.01 17:00;4;21;20,875;20,5;530;202;0;
8471;2021.08.01 17:15;4;20,875;20,75;20,375;529;202;0;
8472;2021.08.01 17:30;4;20,8125;20,6875;20,3125;529;202;0;
8473;2021.08.01 17:45;4;20,6875;20,5625;20,25;529;202;0;
8474;2021.08.01 18:00;4;20,5;20,4375;20,0625;528;202;0;
8475;2021.08.01 18:15;4;20,25;20,1875;19,6875;528;202;0;
8476;2021.08.01 18:30;4;20;20;19,5;527;202;0;
8477;2021.08.01 18:45;4;19,75;19,6875;19,125;527;202;0;
8478;2021.08.01 19:00;4;19,5;19,5;19;527;202;0;
8479;2021.08.01 19:15;4;19,25;19,25;18,75;526;202;0;
8480;2021.08.01 19:30;4;19;19;18,5;525;202;0;
8481;2021.08.01 19:45;4;18,75;18,75;18,25;525;202;0;
8482;2021.08.01 20:00;4;18,5;18,5;18;524;202;0;
8483;2021.08.01 20:15;4;18,25;18,25;17,75;523;202;0;
8484;2021.08.01 20:30;4;18,0625;18;17,5;522;202;0;
8485;2021.08.01 20:45;4;17,875;17,8125;17,3125;522;202;0;
8486;2021.08.01 21:00;4;17,625;17,5625;17;521;202;0;
8487;2021.08.01 21:15;4;17,375;17,375;16,8125;520;202;0;
8488;2021.08.01 21:30;4;17,125;17,125;16,625;519;202;0;
8489;2021.08.01 21:45;4;17;16,9375;16,5;519;202;0;
8490;2021.08.01 22:00;4;16,75;16,6875;16,1875;518;202;0;
8491;2021.08.01 22:15;4;16,5;16,5;15,875;518;202;0;
8492;2021.08.01 22:30;4;16,375;16,25;15,8125;517;202;0;
8493;2021.08.01 22:45;4;16,1875;16,125;15,625;517;202;0;
8494;2021.08.01 23:00;4;16;15,9375;15,5;516;202;0;
8495;2021.08.01 23:15;4;15,875;15,75;15,375;516;202;0;
8496;2021.08.01 23:30;4;15,75;15,625;15,25;516;202;0;
8497;2021.08.01 23:45;4;15,5;15,5;15,125;515;202;0;
8498;2021.08.02 00:00;4;15,375;15,3125;14,9375;515;202;0;
8499;2021.08.02 00:15;4;15,25;15,125;14,875;515;202;0;
8500;2021.08.02 00:30;4;15,125;15,0625;14,75;515;202;0;
8501;2021.08.02 00:45;4;15;14,875;14,625;514;202;0;
8502;2021.08.02 01:00;4;14,875;14,8125;14,5;514;202;0;
8503;2021.08.02 01:15;4;14,75;14,625;14,3125;514;202;0;
8504;2021.08.02 01:30;4;14,625;14,5;14,25;514;202;0;
8505;2021.08.02 01:45;4;14,5625;14,4375;14,1875;514;202;0;
8506;2021.08.02 02:00;4;14,5;14,375;14,125;514;202;0;
8507;2021.08.02 02:15;4;14,375;14,25;14,0625;514;202;0;
8508;2021.08.02 02:30;4;14,25;14,125;13,875;514;202;0;
8509;2021.08.02 02:45;4;14,1875;14,0625;13,875;514;202;0;
8510;2021.08.02 03:00;4;14,125;14;13,875;514;202;0;
8511;2021.08.02 03:15;4;14;13,875;13,625;513;202;0;
8512;2021.08.02 03:30;4;13,875;13,75;13,5;513;202;0;
8513;2021.08.02 03:45;4;13,75;13,6875;13,375;513;202;0;
8514;2021.08.02 04:00;4;13,75;13,625;13,5;513;202;0;
8515;2021.08.02 04:15;4;13,75;13,625;13,5;514;202;0;
8516;2021.08.02 04:30;4;13,8125;13,625;13,5625;515;202;0;
8517;2021.08.02 04:45;4;13,875;13,6875;13,75;516;202;0;
8518;2021.08.02 05:00;4;14;13,8125;13,875;518;202;0;
8519;2021.08.02 05:15;4;14,1875;13,9375;14;520;202;0;
8520;2021.08.02 05:30;4;14,3125;14,0625;14,1875;521;202;0;
8521;2021.08.02 05:45;4;14,5;14,25;14,375;523;202;0;
8522;2021.08.02 06:00;4;14,625;14,375;14,5;525;202;0;
8523;2021.08.02 06:15;4;14,75;14,5;14,5625;526;202;0;
8524;2021.08.02 06:30;4;14,875;14,625;14,75;528;202;0;
8525;2021.08.02 06:45;4;15;14,75;14,875;530;202;0;
8526;2021.08.02 07:00;4;15,25;15;15,125;531;202;0;
8527;2021.08.02 07:15;4;15,375;15,125;15,1875;532;202;0;
8528;2021.08.02 07:30;4;15,4375;15,25;15,25;533;202;0;
8529;2021.08.02 07:45;4;15,5;15,25;15,25;534;202;0;
8530;2021.08.02 08:00;4;15,625;15,375;15,4375;535;202;0;
8531;2021.08.02 08:15;4;15,875;15,625;15,6875;536;202;0;
8532;2021.08.02 08:30;4;16,125;15,8125;15,9375;537;202;0;
8533;2021.08.02 08:45;4;16,375;16,0625;16,25;539;202;0;
8534;2021.08.02 09:00;4;16,875;16,4375;16,75;541;202;0;
8535;2021.08.02 09:15;4;17,25;16,875;17,1875;543;202;0;
8536;2021.08.02 09:30;4;17,75;17,3125;17,75;545;202;0;
8537;2021.08.02 09:45;4;18,25;17,75;18,25;547;202;0;
8538;2021.08.02 10:00;4;18,875;18,375;18,875;549;202;0;
8539;2021.08.02 10:15;4;19,375;18,875;19,375;550;202;0;
8540;2021.08.02 10:30;4;19,875;19,4375;19,875;549;202;0;
8541;2021.08.02 10:45;4;20,5625;20;20,5;550;202;0;
8542;2021.08.02 11:00;4;21;20,5;20,875;549;202;0;
8543;2021.08.02 11:15;4;21,5625;21,125;21,5;548;202;0;
8544;2021.08.02 11:30;4;22,125;21,625;22,125;548;202;0;
8545;2021.08.02 11:45;4;22,5;22,0625;22,5;548;202;0;
8546;2021.08.02 12:00;4;23;22,5625;23,0625;548;202;0;
8547;2021.08.02 12:15;4;23,25;22,875;23,25;547;202;0;
8548;2021.08.02 12:30;4;23,375;23,125;23,3125;545;202;0;
8549;2021.08.02 12:45;4;23,375;23,25;23,1875;543;202;0;
8550;2021.08.02 13:00;4;23,4375;23,25;23,125;542;202;0;
8551;2021.08.02 13:15;4;23,625;23,375;23,375;542;202;0;
8552;2021.08.02 13:30;4;23,875;23,625;23,75;542;202;0;
8553;2021.08.02 13:45;4;24,125;23,875;24;542;202;0;
8554;2021.08.02 14:00;4;24,375;24,125;24,125;542;202;0;
8555;2021.08.02 14:15;4;24,5;24,25;24,25;541;202;0;
8556;2021.08.02 14:30;4;24,75;24,5;24,5;541;202;0;
8557;2021.08.02 14:45;4;24,75;24,625;24,5;540;202;0;
8558;2021.08.02 15:00;4;24,75;24,625;24,5;539;202;0;
8559;2021.08.02 15:15;4;24,875;24,625;24,625;538;202;0;
8560;2021.08.02 15:30;4;24,875;24,75;24,625;538;202;0;
8561;2021.08.02 15:45;4;24,875;24,75;24,625;537;202;0;
8562;2021.08.02 16:00;4;24,9375;24,75;24,625;537;202;0;
8563;2021.08.02 16:15;4;25;24,875;24,75;536;202;0;
8564;2021.08.02 16:30;4;25;24,875;24,625;536;202;0;
8565;2021.08.02 16:45;4;24,9375;24,875;24,625;535;202;0;
8566;2021.08.02 17:00;4;24,8125;24,75;24,25;534;202;0;
8567;2021.08.02 17:15;4;24,625;24,5;24;533;202;0;
8568;2021.08.02 17:30;4;24,375;24,375;23,75;533;202;0;
8569;2021.08.02 17:45;4;24,125;24,125;23,5;532;202;0;
8570;2021.08.02 18:00;4;23,875;23,875;23,25;531;202;0;
8571;2021.08.02 18:15;4;23,625;23,625;22,875;529;202;0;
8572;2021.08.02 18:30;4;23,25;23,25;22,5625;528;202;0;
8573;2021.08.02 18:45;4;22,875;22,875;22,25;526;202;0;
8574;2021.08.02 19:00;4;22,375;22,4375;21,625;524;202;0;
8575;2021.08.02 19:15;4;21,9375;22;21,1875;522;202;0;
8576;2021.08.02 19:30;4;21,5625;21,625;20,8125;520;202;0;
8577;2021.08.02 19:45;4;21,125;21,25;20,375;519;202;0;
8578;2021.08.02 20:00;4;20,75;20,875;20,125;517;202;0;
8579;2021.08.02 20:15;4;20,5;20,5;19,875;516;202;0;
8580;2021.08.02 20:30;4;20,0625;20,125;19,4375;515;202;0;
8581;2021.08.02 20:45;4;19,75;19,75;19,125;514;202;0;
8582;2021.08.02 21:00;4;19,375;19,4375;18,875;513;202;0;
8583;2021.08.02 21:15;4;19,125;19,125;18,625;512;202;0;
8584;2021.08.02 21:30;4;18,8125;18,875;18,25;511;202;0;
8585;2021.08.02 21:45;4;18,5;18,5;17,9375;511;202;0;
8586;2021.08.02 22:00;4;18,25;18,25;17,625;510;202;0;
8587;2021.08.02 22:15;4;18;17,9375;17,4375;509;202;0;
8588;2021.08.02 22:30;4;17,75;17,6875;17,1875;509;202;0;
8589;2021.08.02 22:45;4;17,5;17,5;17;509;202;0;
8590;2021.08.02 23:00;4;17,25;17,25;16,8125;508;202;0;
8591;2021.08.02 23:15;4;17,125;17,0625;16,6875;508;202;0;
8592;2021.08.02 23:30;4;16,9375;16,875;16,625;509;202;0;
8593;2021.08.02 23:45;4;16,75;16,6875;16,375;508;202;0;
8594;2021.08.03 00:00;4;16,5625;16,5;16,125;508;202;0;
8595;2021.08.03 00:15;4;16,375;16,375;16,0625;508;202;0;
8596;2021.08.03 00:30;4;16,25;16,25;16;509;202;0;
8597;2021.08.03 00:45;4;16,125;16;15,75;508;202;0;
8598;2021.08.03 01:00;4;15,875;15,875;15,5;508;202;0;
8599;2021.08.03 01:15;4;15,75;15,625;15,3125;508;202;0;
8600;2021.08.03 01:30;4;15,5625;15,5;15,25;508;202;0;
8601;2021.08.03 01:45;4;15,375;15,375;15;508;202;0;
8602;2021.08.03 02:00;4;15,25;15,25;14,9375;508;202;0;
8603;2021.08.03 02:15;4;15,125;15,0625;14,8125;508;202;0;
8604;2021.08.03 02:30;4;15;14,875;14,5;508;202;0;
8605;2021.08.03 02:45;4;14,8125;14,75;14,375;507;202;0;
8606;2021.08.03 03:00;4;14,625;14,5625;14,25;507;202;0;
8607;2021.08.03 03:15;4;14,625;14,5;14,25;508;202;0;
8608;2021.08.03 03:30;4;14,5;14,375;14,25;508;202;0;
8609;2021.08.03 03:45;4;14,375;14,3125;14,125;508;202;0;
8610;2021.08.03 04:00;4;14,25;14,125;13,9375;508;202;0;
8611;2021.08.03 04:15;4;14,1875;14,125;13,875;508;202;0;
8612;2021.08.03 04:30;4;14,125;14;13,8125;508;202;0;
8613;2021.08.03 04:45;4;14;13,875;13,6875;508;202;0;
8614;2021.08.03 05:00;4;14;13,875;13,75;509;202;0;
8615;2021.08.03 05:15;4;13,9375;13,8125;13,75;510;202;0;
8616;2021.08.03 05:30;4;14;13,8125;13,75;511;202;0;
8617;2021.08.03 05:45;4;14,125;13,875;14;512;202;0;
8618;2021.08.03 06:00;4;14,3125;14,0625;14,25;515;202;0;
8619;2021.08.03 06:15;4;14,5;14,25;14,5;517;202;0;
8620;2021.08.03 06:30;4;14,75;14,5;14,75;519;202;0;
8621;2021.08.03 06:45;4;15;14,75;15;521;202;0;
8622;2021.08.03 07:00;4;15,25;14,9375;15,1875;523;202;0;
8623;2021.08.03 07:15;4;15,5;15,1875;15,4375;525;202;0;
8624;2021.08.03 07:30;4;15,875;15,5;15,875;528;202;0;
8625;2021.08.03 07:45;4;16,3125;15,875;16,25;530;202;0;
8626;2021.08.03 08:00;4;16,75;16,3125;16,75;533;202;0;
8627;2021.08.03 08:15;4;17,25;16,75;17,25;535;202;0;
8628;2021.08.03 08:30;4;17,875;17,375;18;538;202;0;
8629;2021.08.03 08:45;4;18,4375;17,9375;18,375;539;202;0;
8630;2021.08.03 09:00;4;19;18,5;18,875;539;202;0;
8631;2021.08.03 09:15;4;19,5;18,9375;19,25;539;202;0;
8632;2021.08.03 09:30;4;20;19,5;19,875;539;202;0;
8633;2021.08.03 09:45;4;20,5;19,9375;20,25;540;202;0;
8634;2021.08.03 10:00;4;21;20,4375;20,75;539;202;0;
8635;2021.08.03 10:15;4;21,4375;20,875;21,125;540;202;0;
8636;2021.08.03 10:30;4;21,75;21,25;21,375;539;202;0;
8637;2021.08.03 10:45;4;21,8125;21,4375;21,375;538;202;0;
8638;2021.08.03 11:00;4;21,875;21,5;21,375;537;202;0;
8639;2021.08.03 11:15;4;22;21,625;21,5;537;202;0;
8640;2021.08.03 11:30;4;22,0625;21,75;21,625;536;202;0;
8641;2021.08.03 11:45;4;22,125;21,875;21,625;535;202;0;
8642;2021.08.03 12:00;4;22,25;22;21,8125;535;202;0;
8643;2021.08.03 12:15;4;22,5;22,125;22;536;202;0;
8644;2021.08.03 12:30;4;22,625;22,3125;22,125;535;202;0;
8645;2021.08.03 12:45;4;22,75;22,4375;22,3125;535;202;0;
8646;2021.08.03 13:00;4;22,875;22,625;22,375;535;202;0;
8647;2021.08.03 13:15;4;23;22,6875;22,5;535;202;0;
8648;2021.08.03 13:30;4;23,0625;22,75;22,6875;535;202;0;
8649;2021.08.03 13:45;4;23;22,8125;22,625;536;202;0;
8650;2021.08.03 14:00;4;22,875;22,75;22,5;536;202;0;
8651;2021.08.03 14:15;4;22,75;22,625;22,1875;536;202;0;
8652;2021.08.03 14:30;4;22,375;22,375;21,6875;535;202;0;
8653;2021.08.03 14:45;4;22,1875;22,125;21,5;534;202;0;
8654;2021.08.03 15:00;4;22;21,9375;21,375;534;202;0;
8655;2021.08.03 15:15;4;21,75;21,75;21,125;534;202;0;
8656;2021.08.03 15:30;4;21,5;21,5;20,875;534;202;0;
8657;2021.08.03 15:45;4;21,3125;21,25;20,6875;534;202;0;
8658;2021.08.03 16:00;4;21,25;21,1875;20,6875;534;202;0;
8659;2021.08.03 16:15;4;21,125;21,125;20,6875;535;202;0;
8660;2021.08.03 16:30;4;21,0625;21;20,625;535;202;0;
8661;2021.08.03 16:45;4;20,875;20,875;20,375;536;202;0;
8662;2021.08.03 17:00;4;20,75;20,75;20,3125;536;202;0;
8663;2021.08.03 17:15;4;20,6875;20,625;20,25;536;202;0;
8664;2021.08.03 17:30;4;20,625;20,5;20,125;536;202;0;
8665;2021.08.03 17:45;4;20,5;20,375;20;536;202;0;
8666;2021.08.03 18:00;4;20,3125;20,25;19,8125;536;202;0;
8667;2021.08.03 18:15;4;20,5625;20,3125;20,625;539;202;0;
8668;2021.08.03 18:30;4;21,25;21;22;544;202;0;
8669;2021.08.03 18:45;4;22;21,625;22,75;549;202;0;
8670;2021.08.03 19:00;4;22,375;22,125;22,875;549;202;0;
8671;2021.08.03 19:15;4;22,25;22,0625;22,125;547;202;0;
8672;2021.08.03 19:30;4;22,25;22,125;22,0625;546;202;0;
8673;2021.08.03 19:45;4;22;21,875;21,5;544;202;0;
8674;2021.08.03 20:00;4;21,75;21,625;21;542;202;0;
8675;2021.08.03 20:15;4;21,4375;21,25;20,625;541;202;0;
8676;2021.08.03 20:30;4;21,125;21;20,25;539;202;0;
8677;2021.08.03 20:45;4;20,75;20,625;20;538;202;0;
8678;2021.08.03 21:00;4;20,5;20,375;19,75;537;202;0;
8679;2021.08.03 21:15;4;20,25;20,125;19,5;537;202;0;
8680;2021.08.03 21:30;4;20;19,875;19,25;536;202;0;
8681;2021.08.03 21:45;4;19,75;19,625;19,125;536;202;0;
8682;2021.08.03 22:00;4;19,625;19,4375;19;535;202;0;
8683;2021.08.03 22:15;4;19,375;19,25;18,875;535;202;0;
8684;2021.08.03 22:30;4;19,25;19,125;18,75;535;202;0;
8685;2021.08.03 22:45;4;19,1875;19;18,6875;535;202;0;
8686;2021.08.03 23:00;4;19,125;19;18,625;536;202;0;
8687;2021.08.03 23:15;4;19,0625;18,875;18,625;536;202;0;
8688;2021.08.03 23:30;4;19;18,8125;18,5;537;202;0;
8689;2021.08.03 23:45;4;18,875;18,75;18,5;537;202;0;
8690;2021.08.04 00:00;4;18,875;18,6875;18,4375;537;202;0;
8691;2021.08.04 00:15;4;18,75;18,625;18,375;537;202;0;
8692;2021.08.04 00:30;4;18,75;18,5625;18,375;538;202;0;
8693;2021.08.04 00:45;4;18,6875;18,5;18,25;538;202;0;
8694;2021.08.04 01:00;4;18,625;18,5;18,25;539;202;0;
8695;2021.08.04 01:15;4;18,5625;18,375;18,125;538;202;0;
8696;2021.08.04 01:30;4;18,5;18,3125;18,0625;538;202;0;
8697;2021.08.04 01:45;4;18,375;18,25;18;538;202;0;
8698;2021.08.04 02:00;4;18,375;18,1875;17,9375;539;202;0;
8699;2021.08.04 02:15;4;18,3125;18,125;17,9375;539;202;0;
8700;2021.08.04 02:30;4;18,25;18,125;17,875;539;202;0;
8701;2021.08.04 02:45;4;18,25;18,0625;17,875;539;202;0;
8702;2021.08.04 03:00;4;18,1875;18;17,875;540;202;0;
8703;2021.08.04 03:15;4;18,125;18;17,8125;540;202;0;
8704;2021.08.04 03:30;4;18,125;17,9375;17,75;540;202;0;
8705;2021.08.04 03:45;4;18,0625;17,875;17,75;541;202;0;
8706;2021.08.04 04:00;4;18;17,875;17,75;541;202;0;
8707;2021.08.04 04:15;4;18;17,875;17,625;541;202;0;
8708;2021.08.04 04:30;4;18;17,8125;17,625;541;202;0;
8709;2021.08.04 04:45;4;17,875;17,75;17,5625;541;202;0;
8710;2021.08.04 05:00;4;17,875;17,6875;17,5;541;202;0;
8711;2021.08.04 05:15;4;17,75;17,625;17,5;542;202;0;
8712;2021.08.04 05:30;4;17,75;17,625;17,5;542;202;0;
8713;2021.08.04 05:45;4;17,75;17,625;17,5;542;202;0;
8714;2021.08.04 06:00;4;17,75;17,5625;17,5;543;202;0;
8715;2021.08.04 06:15;4;17,75;17,5625;17,5;543;202;0;
8716;2021.08.04 06:30;4;17,75;17,5625;17,5;544;202;0;
8717;2021.08.04 06:45;4;18,125;17,875;18,375;547;202;0;
8718;2021.08.04 07:00;4;18,6875;18,375;19,125;550;202;0;
8719;2021.08.04 07:15;4;19,125;18,75;19,4375;552;202;0;
8720;2021.08.04 07:30;4;19,25;19;19,375;552;202;0;
8721;2021.08.04 07:45;4;19,25;19;19;551;202;0;
8722;2021.08.04 08:00;4;19,25;19;18,875;551;202;0;
8723;2021.08.04 08:15;4;19,125;18,9375;18,75;550;202;0;
8724;2021.08.04 08:30;4;19,125;18,875;18,6875;550;202;0;
8725;2021.08.04 08:45;4;19,125;18,875;18,625;550;202;0;
8726;2021.08.04 09:00;4;19,125;18,875;18,5;547;202;0;
8727;2021.08.04 09:15;4;19,125;18,8125;18,5;547;202;0;
8728;2021.08.04 09:30;4;19,125;18,8125;18,5;547;202;0;
8729;2021.08.04 09:45;4;19,125;18,875;18,5625;548;202;0;
8730;2021.08.04 10:00;4;19,25;18,875;18,625;548;202;0;
8731;2021.08.04 10:15;4;19,25;18,9375;18,625;548;202;0;
8732;2021.08.04 10:30;4;19,25;19;18,625;548;202;0;
8733;2021.08.04 10:45;4;19,25;18,9375;18,5625;548;202;0;
8734;2021.08.04 11:00;4;19,25;18,9375;18,5625;548;202;0;
8735;2021.08.04 11:15;4;19,25;18,9375;18,625;548;202;0;
8736;2021.08.04 11:30;4;19,25;18,9375;18,625;548;202;0;
8737;2021.08.04 11:45;4;19,25;19;18,625;549;202;0;
8738;2021.08.04 12:00;4;19,5;19,125;18,875;550;202;0;
8739;2021.08.04 12:15;4;19,625;19,25;19;551;202;0;
8740;2021.08.04 12:30;4;19,75;19,375;19,125;551;202;0;
8741;2021.08.04 12:45;4;19,8125;19,5;19,1875;552;202;0;
8742;2021.08.04 13:00;4;19,875;19,5625;19,25;552;202;0;
8743;2021.08.04 13:15;4;20,125;19,75;19,6875;554;202;0;
8744;2021.08.04 13:30;4;20,75;20,25;21;557;202;0;
8745;2021.08.04 13:45;4;21,5;21;22,125;560;202;0;
8746;2021.08.04 14:00;4;22,1875;21,75;23,0625;562;202;0;
8747;2021.08.04 14:15;4;22,1875;22;22,125;559;202;0;
8748;2021.08.04 14:30;4;22;21,9375;21,5;557;202;0;
8749;2021.08.04 14:45;4;21,875;21,8125;21,25;555;202;0;
8750;2021.08.04 15:00;4;21,6875;21,625;21;553;202;0;
8751;2021.08.04 15:15;4;21,5;21,4375;20,75;552;202;0;
8752;2021.08.04 15:30;4;21,25;21,25;20,5;551;202;0;
8753;2021.08.04 15:45;4;21,125;21;20,375;550;202;0;
8754;2021.08.04 16:00;4;20,875;20,875;20,25;550;202;0;
8755;2021.08.04 16:15;4;20,75;20,6875;20,125;549;202;0;
8756;2021.08.04 16:30;4;20,625;20,5;19,9375;549;202;0;
8757;2021.08.04 16:45;4;20,5;20,375;19,875;549;202;0;
8758;2021.08.04 17:00;4;20,4375;20,375;19,875;549;202;0;
8759;2021.08.04 17:15;4;20,375;20,25;19,875;550;202;0;
8760;2021.08.04 17:30;4;20,625;20,375;20,4375;552;202;0;
8761;2021.08.04 17:45;4;21,125;20,875;21,25;554;202;0;
8762;2021.08.04 18:00;4;21,125;20,9375;20,875;554;202;0;
8763;2021.08.04 18:15;4;21,125;20,9375;20,625;554;202;0;
8764;2021.08.04 18:30;4;21,0625;20,875;20,375;553;202;0;
8765;2021.08.04 18:45;4;21,5;21,125;21,4375;555;202;0;
8766;2021.08.04 19:00;4;21,8125;21,625;22;556;202;0;
8767;2021.08.04 19:15;4;21,625;21,4375;21,125;553;202;0;
8768;2021.08.04 19:30;4;21,375;21,25;20,625;552;202;0;
8769;2021.08.04 19:45;4;21,125;21;20,3125;550;202;0;
8770;2021.08.04 20:00;4;20,875;20,75;20;548;202;0;
8771;2021.08.04 20:15;4;20,5;20,4375;19,625;547;202;0;
8772;2021.08.04 20:30;4;20,3125;20,125;19,375;546;202;0;
8773;2021.08.04 20:45;4;20;19,875;19,1875;545;202;0;
8774;2021.08.04 21:00;4;19,75;19,625;19;544;202;0;
8775;2021.08.04 21:15;4;19,5;19,4375;18,75;544;202;0;
8776;2021.08.04 21:30;4;19,375;19,25;18,625;543;202;0;
8777;2021.08.04 21:45;4;19,25;19,125;18,5625;543;202;0;
8778;2021.08.04 22:00;4;19,125;19;18,5;544;202;0;
8779;2021.08.04 22:15;4;19,125;18,9375;18,5;544;202;0;
8780;2021.08.04 22:30;4;18,9375;18,8125;18,375;544;202;0;
8781;2021.08.04 22:45;4;18,8125;18,75;18,3125;544;202;0;
8782;2021.08.04 23:00;4;18,6875;18,625;18,25;544;202;0;
8783;2021.08.04 23:15;4;18,625;18,5;18,125;544;202;0;
8784;2021.08.04 23:30;4;18,5;18,4375;18,125;544;202;0;
8785;2021.08.04 23:45;4;18,375;18,3125;17,9375;544;202;0;
8786;2021.08.05 00:00;4;18,25;18,25;17,875;544;202;0;
8787;2021.08.05 00:15;4;18,25;18,125;17,8125;544;202;0;
8788;2021.08.05 00:30;4;18,125;18;17,75;544;202;0;
8789;2021.08.05 00:45;4;18,0625;18;17,75;544;202;0;
8790;2021.08.05 01:00;4;18;17,9375;17,6875;544;202;0;
8791;2021.08.05 01:15;4;18;17,875;17,6875;545;202;0;
8792;2021.08.05 01:30;4;18;17,875;17,625;545;202;0;
8793;2021.08.05 01:45;4;17,9375;17,8125;17,5625;545;202;0;
8794;2021.08.05 02:00;4;17,875;17,75;17,5;545;202;0;
8795;2021.08.05 02:15;4;17,75;17,6875;17,5;545;202;0;
8796;2021.08.05 02:30;4;17,6875;17,625;17,375;545;202;0;
8797;2021.08.05 02:45;4;17,625;17,5;17,375;545;202;0;
8798;2021.08.05 03:00;4;17,625;17,5;17,3125;545;202;0;
8799;2021.08.05 03:15;4;17,5;17,4375;17,25;545;202;0;
8800;2021.08.05 03:30;4;17,4375;17,375;17,125;545;202;0;
8801;2021.08.05 03:45;4;17,3125;17,25;17;544;202;0;
8802;2021.08.05 04:00;4;17,25;17,125;16,875;544;202;0;
8803;2021.08.05 04:15;4;17,125;17,0625;16,8125;544;202;0;
8804;2021.08.05 04:30;4;17;17;16,75;543;202;0;
8805;2021.08.05 04:45;4;16,875;16,875;16,625;543;202;0;
8806;2021.08.05 05:00;4;16,875;16,75;16,5;543;202;0;
8807;2021.08.05 05:15;4;16,8125;16,75;16,5625;543;202;0;
8808;2021.08.05 05:30;4;16,8125;16,75;16,625;544;202;0;
8809;2021.08.05 05:45;4;17;16,75;16,875;545;202;0;
8810;2021.08.05 06:00;4;17,25;17;17,125;547;202;0;
8811;2021.08.05 06:15;4;17,5;17,25;17,375;549;202;0;
8812;2021.08.05 06:30;4;17,625;17,375;17,4375;550;202;0;
8813;2021.08.05 06:45;4;17,75;17,5;17,5;550;202;0;
8814;2021.08.05 07:00;4;17,8125;17,5625;17,5;551;202;0;
8815;2021.08.05 07:15;4;17,875;17,625;17,5;551;202;0;
8816;2021.08.05 07:30;4;17,875;17,625;17,5;551;202;0;
8817;2021.08.05 07:45;4;17,875;17,625;17,5625;552;202;0;
8818;2021.08.05 08:00;4;17,875;17,75;17,625;552;202;0;
8819;2021.08.05 08:15;4;18;17,75;17,625;553;202;0;
8820;2021.08.05 08:30;4;18;17,8125;17,6875;554;202;0;
8821;2021.08.05 08:45;4;18,125;17,875;17,875;555;202;0;
8822;2021.08.05 09:00;4;18,5;18,125;18,3125;557;202;0;
8823;2021.08.05 09:15;4;18,75;18,4375;18,625;559;202;0;
8824;2021.08.05 09:30;4;19;18,75;18,875;561;202;0;
8825;2021.08.05 09:45;4;19,375;19;19,25;562;202;0;
8826;2021.08.05 10:00;4;19,6875;19,375;19,625;564;202;0;
8827;2021.08.05 10:15;4;20;19,6875;19,875;564;202;0;
8828;2021.08.05 10:30;4;20,1875;19,875;20;564;202;0;
8829;2021.08.05 10:45;4;20,25;20;20;562;202;0;
8830;2021.08.05 11:00;4;20,375;20,125;20,125;562;202;0;
8831;2021.08.05 11:15;4;20,5;20,25;20,25;561;202;0;
8832;2021.08.05 11:30;4;20,75;20,5;20,5;562;202;0;
8833;2021.08.05 11:45;4;21,125;20,75;20,875;562;202;0;
8834;2021.08.05 12:00;4;21,5625;21,125;21,375;563;202;0;
8835;2021.08.05 12:15;4;21,8125;21,5;21,625;562;202;0;
8836;2021.08.05 12:30;4;22,0625;21,75;21,875;561;202;0;
8837;2021.08.05 12:45;4;22,375;22,125;22,25;560;202;0;
8838;2021.08.05 13:00;4;22,625;22,375;22,5;559;202;0;
8839;2021.08.05 13:15;4;23,125;22,75;23;560;202;0;
8840;2021.08.05 13:30;4;23,3125;23;23,125;558;202;0;
8841;2021.08.05 13:45;4;23,5625;23,25;23,25;557;202;0;
8842;2021.08.05 14:00;4;23,75;23,5;23,5;557;202;0;
8843;2021.08.05 14:15;4;24;23,75;23,75;556;202;0;
8844;2021.08.05 14:30;4;24,25;23,875;23,875;555;202;0;
8845;2021.08.05 14:45;4;24,5;24,125;24;554;202;0;
8846;2021.08.05 15:00;4;24,625;24,375;24,25;553;202;0;
8847;2021.08.05 15:15;4;24,8125;24,5;24,375;553;202;0;
8848;2021.08.05 15:30;4;25;24,6875;24,5;552;202;0;
8849;2021.08.05 15:45;4;25,125;24,875;24,625;552;202;0;
8850;2021.08.05 16:00;4;25,25;25;24,875;552;202;0;
8851;2021.08.05 16:15;4;25,375;25,125;25;551;202;0;
8852;2021.08.05 16:30;4;25,4375;25,1875;25;551;202;0;
8853;2021.08.05 16:45;4;25,5;25,25;25,125;551;202;0;
8854;2021.08.05 17:00;4;25,3125;25,1875;24,6875;549;202;0;
8855;2021.08.05 17:15;4;25,125;25;24,375;548;202;0;
8856;2021.08.05 17:30;4;24,875;24,75;24,125;548;202;0;
8857;2021.08.05 17:45;4;24,625;24,5;23,625;546;202;0;
8858;2021.08.05 18:00;4;24,25;24,125;23,25;545;202;0;
8859;2021.08.05 18:15;4;23,9375;23,875;23;544;202;0;
8860;2021.08.05 18:30;4;23,625;23,625;22,8125;543;202;0;
8861;2021.08.05 18:45;4;23,375;23,375;22,5625;542;202;0;
8862;2021.08.05 19:00;4;23,125;23,0625;22,25;541;202;0;
8863;2021.08.05 19:15;4;22,875;22,8125;22,125;541;202;0;
8864;2021.08.05 19:30;4;22,625;22,625;21,8125;540;202;0;
8865;2021.08.05 19:45;4;22,375;22,3125;21,5625;540;202;0;
8866;2021.08.05 20:00;4;22,25;22,125;21,4375;540;202;0;
8867;2021.08.05 20:15;4;22;21,875;21,25;539;202;0;
8868;2021.08.05 20:30;4;21,75;21,625;21;538;202;0;
8869;2021.08.05 20:45;4;21,375;21,375;20,625;536;202;0;
8870;2021.08.05 21:00;4;21;21;20,25;535;202;0;
8871;2021.08.05 21:15;4;20,75;20,75;20;534;202;0;
8872;2021.08.05 21:30;4;20,4375;20,4375;19,6875;533;202;0;
8873;2021.08.05 21:45;4;20,1875;20,125;19,5;532;202;0;
8874;2021.08.05 22:00;4;20;20;19,5;532;202;0;
8875;2021.08.05 22:15;4;19,875;19,8125;19,375;532;202;0;
8876;2021.08.05 22:30;4;19,6875;19,625;19,25;532;202;0;
8877;2021.08.05 22:45;4;19,5625;19,5;19,0625;532;202;0;
8878;2021.08.05 23:00;4;19,5;19,375;19;532;202;0;
8879;2021.08.05 23:15;4;19,375;19,25;19;533;202;0;
8880;2021.08.05 23:30;4;19,25;19,125;18,875;533;202;0;
8881;2021.08.05 23:45;4;19,125;19,0625;18,75;533;202;0;
8882;2021.08.06 00:00;4;19;18,9375;18,625;534;202;0;
8883;2021.08.06 00:15;4;18,875;18,8125;18,5;534;202;0;
8884;2021.08.06 00:30;4;18,75;18,6875;18,375;534;202;0;
8885;2021.08.06 00:45;4;18,625;18,5625;18,25;533;202;0;
8886;2021.08.06 01:00;4;18,5;18,375;18,125;534;202;0;
8887;2021.08.06 01:15;4;18,375;18,375;18,125;534;202;0;
8888;2021.08.06 01:30;4;18,375;18,25;18;534;202;0;
8889;2021.08.06 01:45;4;18,375;18,25;18,125;535;202;0;
8890;2021.08.06 02:00;4;18,25;18,25;18;536;202;0;
8891;2021.08.06 02:15;4;18,25;18,125;18;536;202;0;
8892;2021.08.06 02:30;4;18,25;18,125;18;537;202;0;
8893;2021.08.06 02:45;4;18,1875;18,125;18;537;202;0;
8894;2021.08.06 03:00;4;18,125;18,0625;18;538;202;0;
8895;2021.08.06 03:15;4;18,0625;18;17,875;538;202;0;
8896;2021.08.06 03:30;4;18;17,9375;17,75;538;202;0;
8897;2021.08.06 03:45;4;18;17,875;17,75;538;202;0;
8898;2021.08.06 04:00;4;17,9375;17,875;17,75;539;202;0;
8899;2021.08.06 04:15;4;17,875;17,8125;17,6875;539;202;0;
8900;2021.08.06 04:30;4;17,75;17,75;17,625;539;202;0;
8901;2021.08.06 04:45;4;17,75;17,6875;17,5625;539;202;0;
8902;2021.08.06 05:00;4;17,625;17,625;17,5;539;202;0;
8903;2021.08.06 05:15;4;17,6875;17,625;17,5;540;202;0;
8904;2021.08.06 05:30;4;17,75;17,625;17,625;541;202;0;
8905;2021.08.06 05:45;4;17,875;17,6875;17,75;542;202;0;
8906;2021.08.06 06:00;4;17,875;17,75;17,75;542;202;0;
8907;2021.08.06 06:15;4;17,9375;17,75;17,75;543;202;0;
8908;2021.08.06 06:30;4;18,1875;17,9375;18,125;545;202;0;
8909;2021.08.06 06:45;4;18,875;18,4375;19;548;202;0;
8910;2021.08.06 07:00;4;19,125;18,75;19,125;549;202;0;
8911;2021.08.06 07:15;4;19,5;19,0625;19,375;550;202;0;
8912;2021.08.06 07:30;4;19,625;19,3125;19,5;550;202;0;
8913;2021.08.06 07:45;4;19,875;19,5;19,625;550;202;0;
8914;2021.08.06 08:00;4;20,3125;19,875;20,125;551;202;0;
8915;2021.08.06 08:15;4;20,5;20,125;20,25;551;202;0;
8916;2021.08.06 08:30;4;20,9375;20,5;20,6875;551;202;0;
8917;2021.08.06 08:45;4;21,3125;20,875;21,0625;552;202;0;
8918;2021.08.06 09:00;4;21,5;21,125;21,25;552;202;0;
8919;2021.08.06 09:15;4;21,8125;21,375;21,5;552;202;0;
8920;2021.08.06 09:30;4;22,0625;21,6875;21,75;552;202;0;
8921;2021.08.06 09:45;4;22,3125;21,9375;22;552;202;0;
8922;2021.08.06 10:00;4;22,625;22,25;22,375;552;202;0;
8923;2021.08.06 10:15;4;23;22,625;22,75;553;202;0;
8924;2021.08.06 10:30;4;23,375;22,9375;23,125;553;202;0;
8925;2021.08.06 10:45;4;23,6875;23,25;23,375;553;202;0;
8926;2021.08.06 11:00;4;24,1875;23,75;24;555;202;0;
8927;2021.08.06 11:15;4;24,625;24,125;24,4375;555;202;0;
8928;2021.08.06 11:30;4;25;24,625;24,875;556;202;0;
8929;2021.08.06 11:45;4;25,4375;25;25,25;556;202;0;
8930;2021.08.06 12:00;4;25,875;25,375;25,75;556;202;0;
8931;2021.08.06 12:15;4;26,25;25,8125;26,125;556;202;0;
8932;2021.08.06 12:30;4;26,625;26,25;26,5;556;202;0;
8933;2021.08.06 12:45;4;27;26,625;26,875;555;202;0;
8934;2021.08.06 13:00;4;27,375;27;27,25;555;202;0;
8935;2021.08.06 13:15;4;27,6875;27,25;27,5;554;202;0;
8936;2021.08.06 13:30;4;28;27,625;27,875;554;202;0;
8937;2021.08.06 13:45;4;28,375;28;28,375;554;202;0;
8938;2021.08.06 14:00;4;28,75;28,375;28,6875;555;202;0;
8939;2021.08.06 14:15;4;29;28,625;28,8125;555;202;0;
8940;2021.08.06 14:30;4;29,25;28,875;28,875;554;202;0;
8941;2021.08.06 14:45;4;29,1875;28,9375;28,75;553;202;0;
8942;2021.08.06 15:00;4;29,0625;28,875;28,5;552;202;0;
8943;2021.08.06 15:15;4;28,9375;28,75;28,3125;551;202;0;
8944;2021.08.06 15:30;4;28,875;28,6875;28,25;550;202;0;
8945;2021.08.06 15:45;4;28,875;28,6875;28,25;550;202;0;
8946;2021.08.06 16:00;4;28,875;28,625;28,25;550;202;0;
8947;2021.08.06 16:15;4;28,75;28,625;28,1875;549;202;0;
8948;2021.08.06 16:30;4;28,75;28,5625;28,125;549;202;0;
8949;2021.08.06 16:45;4;28,625;28,5;28;548;202;0;
8950;2021.08.06 17:00;4;28,375;28,375;27,75;547;202;0;
8951;2021.08.06 17:15;4;28,125;28,125;27,25;546;202;0;
8952;2021.08.06 17:30;4;27,75;27,8125;26,875;546;202;0;
8953;2021.08.06 17:45;4;27,4375;27,5;26,5;544;202;0;
8954;2021.08.06 18:00;4;27,0625;27,125;26,25;543;202;0;
8955;2021.08.06 18:15;4;26,5625;26,625;25,8125;541;202;0;
8956;2021.08.06 18:30;4;26,25;26,3125;25,4375;540;202;0;
8957;2021.08.06 18:45;4;25,8125;25,9375;25,125;539;202;0;
8958;2021.08.06 19:00;4;25,3125;25,5;24,625;537;202;0;
8959;2021.08.06 19:15;4;24,875;25;24,125;535;202;0;
8960;2021.08.06 19:30;4;24,375;24,5;23,625;534;202;0;
8961;2021.08.06 19:45;4;24;24,125;23,375;532;202;0;
8962;2021.08.06 20:00;4;23,625;23,75;23;532;202;0;
8963;2021.08.06 20:15;4;23,25;23,375;22,6875;531;202;0;
8964;2021.08.06 20:30;4;22,875;23;22,5;530;202;0;
8965;2021.08.06 20:45;4;22,625;22,75;22,25;530;202;0;
8966;2021.08.06 21:00;4;22,375;22,5;22;530;202;0;
8967;2021.08.06 21:15;4;22,1875;22,25;21,75;529;202;0;
8968;2021.08.06 21:30;4;22;22;21,625;529;202;0;
8969;2021.08.06 21:45;4;21,75;21,75;21,375;529;202;0;
8970;2021.08.06 22:00;4;21,5;21,5;21,125;529;202;0;
8971;2021.08.06 22:15;4;21,1875;21,25;20,8125;528;202;0;
8972;2021.08.06 22:30;4;20,9375;21;20,5;528;202;0;
8973;2021.08.06 22:45;4;20,75;20,75;20,375;528;202;0;
8974;2021.08.06 23:00;4;20,625;20,625;20,375;528;202;0;
8975;2021.08.06 23:15;4;20,5;20,5;20,25;528;202;0;
8976;2021.08.06 23:30;4;20,25;20,3125;20;528;202;0;
8977;2021.08.06 23:45;4;20,125;20,125;19,875;528;202;0;
8978;2021.08.07 00:00;4;19,875;19,9375;19,6875;528;202;0;
8979;2021.08.07 00:15;4;19,6875;19,75;19,5;528;202;0;
8980;2021.08.07 00:30;4;19,5;19,5;19,25;527;202;0;
8981;2021.08.07 00:45;4;19,3125;19,375;19,0625;527;202;0;
8982;2021.08.07 01:00;4;19,125;19,1875;18,875;527;202;0;
8983;2021.08.07 01:15;4;19;19;18,75;527;202;0;
8984;2021.08.07 01:30;4;18,875;18,875;18,75;528;202;0;
8985;2021.08.07 01:45;4;18,75;18,75;18,625;528;202;0;
8986;2021.08.07 02:00;4;18,75;18,75;18,625;529;202;0;
8987;2021.08.07 02:15;4;18,75;18,6875;18,625;530;202;0;
8988;2021.08.07 02:30;4;18,625;18,625;18,5;530;202;0;
8989;2021.08.07 02:45;4;18,625;18,625;18,5625;531;202;0;
8990;2021.08.07 03:00;4;18,625;18,5625;18,5;532;202;0;
8991;2021.08.07 03:15;4;18,5;18,5;18,4375;532;202;0;
8992;2021.08.07 03:30;4;18,5;18,5;18,5;533;202;0;
8993;2021.08.07 03:45;4;18,5;18,375;18,375;534;202;0;
8994;2021.08.07 04:00;4;18,4375;18,375;18,375;534;202;0;
8995;2021.08.07 04:15;4;18,3125;18,25;18,25;534;202;0;
8996;2021.08.07 04:30;4;18,25;18,25;18,125;534;202;0;
8997;2021.08.07 04:45;4;18,125;18,125;18;534;202;0;
8998;2021.08.07 05:00;4;18;18;17,875;534;202;0;
8999;2021.08.07 05:15;4;18,0625;18;18;535;202;0;
9000;2021.08.07 05:30;4;18,125;18;18;536;202;0;
9001;2021.08.07 05:45;4;18,125;18,0625;18,125;538;202;0;
9002;2021.08.07 06:00;4;18,1875;18,125;18,1875;538;202;0;
9003;2021.08.07 06:15;4;18,25;18,125;18,25;539;202;0;
9004;2021.08.07 06:30;4;18,375;18,25;18,25;540;202;0;
9005;2021.08.07 06:45;4;18,4375;18,3125;18,375;542;202;0;
9006;2021.08.07 07:00;4;18,625;18,5;18,625;543;202;0;
9007;2021.08.07 07:15;4;19;18,75;19;546;202;0;
9008;2021.08.07 07:30;4;19,4375;19;19,5;549;202;0;
9009;2021.08.07 07:45;4;20;19,5;20,125;552;202;0;
9010;2021.08.07 08:00;4;20,375;20;20,4375;553;202;0;
9011;2021.08.07 08:15;4;20,75;20,3125;20,625;554;202;0;
9012;2021.08.07 08:30;4;21,125;20,6875;21;554;202;0;
9013;2021.08.07 08:45;4;21,4375;21;21,3125;555;202;0;
9014;2021.08.07 09:00;4;21,75;21,375;21,625;555;202;0;
9015;2021.08.07 09:15;4;22,125;21,75;21,9375;554;202;0;
9016;2021.08.07 09:30;4;22,5;22;22,25;554;202;0;
9017;2021.08.07 09:45;4;22,625;22,25;22,3125;553;202;0;
9018;2021.08.07 10:00;4;22,75;22,375;22,4375;553;202;0;
9019;2021.08.07 10:15;4;22,9375;22,625;22,625;553;202;0;
9020;2021.08.07 10:30;4;23,0625;22,75;22,625;552;202;0;
9021;2021.08.07 10:45;4;23,125;22,875;22,75;552;202;0;
9022;2021.08.07 11:00;4;23,625;23,125;23,25;553;202;0;
9023;2021.08.07 11:15;4;24,0625;23,5625;23,875;555;202;0;
9024;2021.08.07 11:30;4;24,5;24;24,3125;556;202;0;
9025;2021.08.07 11:45;4;24,625;24,25;24,375;555;202;0;
9026;2021.08.07 12:00;4;24,625;24,375;24,125;553;202;0;
9027;2021.08.07 12:15;4;24,3125;24,25;23,75;551;202;0;
9028;2021.08.07 12:30;4;23,875;23,875;23,1875;549;202;0;
9029;2021.08.07 12:45;4;23,5;23,5;22,75;548;202;0;
9030;2021.08.07 13:00;4;23,0625;23,0625;22,25;546;202;0;
9031;2021.08.07 13:15;4;22,5625;22,625;21,75;544;202;0;
9032;2021.08.07 13:30;4;22,125;22,125;21,25;543;202;0;
9033;2021.08.07 13:45;4;21,625;21,75;20,8125;541;202;0;
9034;2021.08.07 14:00;4;21,25;21,3125;20,5;540;202;0;
9035;2021.08.07 14:15;4;20,875;21;20,25;539;202;0;
9036;2021.08.07 14:30;4;20,625;20,625;20;538;202;0;
9037;2021.08.07 14:45;4;20,375;20,375;19,75;538;202;0;
9038;2021.08.07 15:00;4;20,125;20,125;19,5;537;202;0;
9039;2021.08.07 15:15;4;19,9375;19,9375;19,375;538;202;0;
9040;2021.08.07 15:30;4;19,75;19,75;19,25;538;202;0;
9041;2021.08.07 15:45;4;19,6875;19,625;19,1875;538;202;0;
9042;2021.08.07 16:00;4;19,8125;19,625;19,375;540;202;0;
9043;2021.08.07 16:15;4;20,375;19,9375;20,5;544;202;0;
9044;2021.08.07 16:30;4;20,75;20,375;20,875;545;202;0;
9045;2021.08.07 16:45;4;21;20,625;21;546;202;0;
9046;2021.08.07 17:00;4;21;20,75;20,875;545;202;0;
9047;2021.08.07 17:15;4;20,875;20,6875;20,5;544;202;0;
9048;2021.08.07 17:30;4;20,6875;20,5625;20,3125;543;202;0;
9049;2021.08.07 17:45;4;20,5;20,375;20,125;542;202;0;
9050;2021.08.07 18:00;4;20,375;20,25;19,875;542;202;0;
9051;2021.08.07 18:15;4;20,125;20,0625;19,75;541;202;0;
9052;2021.08.07 18:30;4;20;19,875;19,625;541;202;0;
9053;2021.08.07 18:45;4;20,125;19,875;19,75;542;202;0;
9054;2021.08.07 19:00;4;20,5625;20,3125;20,3125;545;202;0;
9055;2021.08.07 19:15;4;20,875;20,75;20,875;546;202;0;
9056;2021.08.07 19:30;4;20,875;20,75;20,5;545;202;0;
9057;2021.08.07 19:45;4;20,75;20,625;20,25;544;202;0;
9058;2021.08.07 20:00;4;20,5;20,4375;20;543;202;0;
9059;2021.08.07 20:15;4;20,375;20,25;19,875;542;202;0;
9060;2021.08.07 20:30;4;20,125;20;19,625;541;202;0;
9061;2021.08.07 20:45;4;19,875;19,8125;19,4375;540;202;0;
9062;2021.08.07 21:00;4;19,6875;19,625;19,25;540;202;0;
9063;2021.08.07 21:15;4;19,5;19,4375;19,125;539;202;0;
9064;2021.08.07 21:30;4;19,25;19,25;18,875;538;202;0;
9065;2021.08.07 21:45;4;19;19;18,625;537;202;0;
9066;2021.08.07 22:00;4;18,75;18,6875;18,375;535;202;0;
9067;2021.08.07 22:15;4;18,5;18,4375;18,125;534;202;0;
9068;2021.08.07 22:30;4;18,25;18,25;17,9375;533;202;0;
9069;2021.08.07 22:45;4;18;18;17,75;532;202;0;
9070;2021.08.07 23:00;4;17,875;17,875;17,625;531;202;0;
9071;2021.08.07 23:15;4;17,75;17,6875;17,5;531;202;0;
9072;2021.08.07 23:30;4;17,625;17,5625;17,5;531;202;0;
9073;2021.08.07 23:45;4;17,5;17,4375;17,375;531;202;0;
9074;2021.08.08 00:00;4;17,4375;17,375;17,25;531;202;0;
9075;2021.08.08 00:15;4;17,375;17,3125;17,25;531;202;0;
9076;2021.08.08 00:30;4;17,3125;17,25;17,1875;532;202;0;
9077;2021.08.08 00:45;4;17,3125;17,25;17,1875;532;202;0;
9078;2021.08.08 01:00;4;17,375;17,25;17,25;533;202;0;
9079;2021.08.08 01:15;4;17,375;17,25;17,25;533;202;0;
9080;2021.08.08 01:30;4;17,3125;17,25;17,25;534;202;0;
9081;2021.08.08 01:45;4;17,3125;17,25;17,25;534;202;0;
9082;2021.08.08 02:00;4;17,25;17,1875;17,1875;535;202;0;
9083;2021.08.08 02:15;4;17,25;17,125;17,125;535;202;0;
9084;2021.08.08 02:30;4;17,25;17,125;17,125;535;202;0;
9085;2021.08.08 02:45;4;17,25;17,125;17,125;536;202;0;
9086;2021.08.08 03:00;4;17,25;17,125;17,125;536;202;0;
9087;2021.08.08 03:15;4;17,1875;17,125;17,125;537;202;0;
9088;2021.08.08 03:30;4;17,125;17,0625;17,0625;537;202;0;
9089;2021.08.08 03:45;4;17,125;17;17;537;202;0;
9090;2021.08.08 04:00;4;17,125;17;17;537;202;0;
9091;2021.08.08 04:15;4;17;16,9375;16,9375;537;202;0;
9092;2021.08.08 04:30;4;16,9375;16,875;16,875;536;202;0;
9093;2021.08.08 04:45;4;16,875;16,75;16,75;536;202;0;
9094;2021.08.08 05:00;4;16,8125;16,75;16,75;536;202;0;
9095;2021.08.08 05:15;4;16,75;16,6875;16,6875;536;202;0;
9096;2021.08.08 05:30;4;16,75;16,6875;16,6875;537;202;0;
9097;2021.08.08 05:45;4;16,75;16,625;16,625;537;202;0;
9098;2021.08.08 06:00;4;16,75;16,625;16,6875;537;202;0;
9099;2021.08.08 06:15;4;16,8125;16,6875;16,75;538;202;0;
9100;2021.08.08 06:30;4;16,875;16,75;16,75;539;202;0;
9101;2021.08.08 06:45;4;16,875;16,75;16,75;539;202;0;
9102;2021.08.08 07:00;4;17;16,875;16,875;541;202;0;
9103;2021.08.08 07:15;4;17,1875;17;17;542;202;0;
9104;2021.08.08 07:30;4;17,4375;17,1875;17,25;544;202;0;
9105;2021.08.08 07:45;4;17,6875;17,4375;17,5625;546;202;0;
9106;2021.08.08 08:00;4;17,875;17,625;17,75;547;202;0;
9107;2021.08.08 08:15;4;18,125;17,875;18;548;202;0;
9108;2021.08.08 08:30;4;18,25;18,0625;18,125;548;202;0;
9109;2021.08.08 08:45;4;18,4375;18,25;18,375;549;202;0;
9110;2021.08.08 09:00;4;18,6875;18,625;18,625;550;202;0;
9111;2021.08.08 09:15;4;19;18,875;19;550;202;0;
9112;2021.08.08 09:30;4;19,25;19,25;19,375;551;202;0;
9113;2021.08.08 09:45;4;19,5;19,5;19,625;551;202;0;
9114;2021.08.08 10:00;4;19,875;19,9375;20;553;202;0;
9115;2021.08.08 10:15;4;20,25;20,3125;20,375;553;202;0;
9116;2021.08.08 10:30;4;20,5625;20,625;20,75;554;202;0;
9117;2021.08.08 10:45;4;20,9375;21;21,125;554;202;0;
9118;2021.08.08 11:00;4;21,3125;21,4375;21,5;554;202;0;
9119;2021.08.08 11:15;4;21,6875;21,875;21,8125;554;202;0;
9120;2021.08.08 11:30;4;22,0625;22,25;22,25;554;202;0;
9121;2021.08.08 11:45;4;22,375;22,625;22,5;553;202;0;
9122;2021.08.08 12:00;4;22,8125;23;23;554;202;0;
9123;2021.08.08 12:15;4;23,125;23,375;23,3125;554;202;0;
9124;2021.08.08 12:30;4;23,5;23,75;23,625;554;202;0;
9125;2021.08.08 12:45;4;23,875;24,125;24;554;202;0;
9126;2021.08.08 13:00;4;24;24,375;24,125;553;202;0;
9127;2021.08.08 13:15;4;24,375;24,6875;24,4375;553;202;0;
9128;2021.08.08 13:30;4;24,5625;24,875;24,625;553;202;0;
9129;2021.08.08 13:45;4;24,6875;25;24,625;552;202;0;
9130;2021.08.08 14:00;4;24,8125;25,125;24,75;552;202;0;
9131;2021.08.08 14:15;4;24,875;25,25;24,75;551;202;0;
9132;2021.08.08 14:30;4;24,9375;25,25;24,75;551;202;0;
9133;2021.08.08 14:45;4;25;25,3125;24,8125;550;202;0;
9134;2021.08.08 15:00;4;25;25,375;24,875;550;202;0;
9135;2021.08.08 15:15;4;25;25,25;24,75;549;202;0;
9136;2021.08.08 15:30;4;24,9375;25,1875;24,625;548;202;0;
9137;2021.08.08 15:45;4;24,8125;25;24,375;546;202;0;
9138;2021.08.08 16:00;4;24,75;24,875;24,25;545;202;0;
9139;2021.08.08 16:15;4;24,6875;24,875;24,25;545;202;0;
9140;2021.08.08 16:30;4;24,625;24,75;24,25;545;202;0;
9141;2021.08.08 16:45;4;24,5625;24,6875;24,25;544;202;0;
9142;2021.08.08 17:00;4;24,5;24,5625;24,125;544;202;0;
9143;2021.08.08 17:15;4;24,3125;24,375;23,9375;543;202;0;
9144;2021.08.08 17:30;4;24,125;24,125;23,75;542;202;0;
9145;2021.08.08 17:45;4;24;24;23,5;541;202;0;
9146;2021.08.08 18:00;4;23,75;23,75;23,3125;540;202;0;
9147;2021.08.08 18:15;4;23,5;23,5;23,125;539;202;0;
9148;2021.08.08 18:30;4;23,25;23,25;22,875;538;202;0;
9149;2021.08.08 18:45;4;23;23,0625;22,6875;537;202;0;
9150;2021.08.08 19:00;4;22,875;22,875;22,5;536;202;0;
9151;2021.08.08 19:15;4;22,625;22,625;22,3125;536;202;0;
9152;2021.08.08 19:30;4;22,375;22,4375;22,125;535;202;0;
9153;2021.08.08 19:45;4;22,125;22,125;21,875;533;202;0;
9154;2021.08.08 20:00;4;22;21,875;21,625;532;202;0;
9155;2021.08.08 20:15;4;21,75;21,75;21,4375;531;202;0;
9156;2021.08.08 20:30;4;21,5;21,5;21,1875;530;202;0;
9157;2021.08.08 20:45;4;21,25;21,25;20,9375;529;202;0;
9158;2021.08.08 21:00;4;21;20,9375;20,625;528;202;0;
9159;2021.08.08 21:15;4;20,75;20,625;20,375;527;202;0;
9160;2021.08.08 21:30;4;20,5;20,375;20,125;526;202;0;
9161;2021.08.08 21:45;4;20,25;20,125;19,875;525;202;0;
9162;2021.08.08 22:00;4;20,0625;19,9375;19,75;525;202;0;
9163;2021.08.08 22:15;4;19,875;19,75;19,5625;524;202;0;
9164;2021.08.08 22:30;4;19,6875;19,5625;19,375;524;202;0;
9165;2021.08.08 22:45;4;19,4375;19,375;19,125;523;202;0;
9166;2021.08.08 23:00;4;19,25;19,125;19;522;202;0;
9167;2021.08.08 23:15;4;19;18,875;18,75;521;202;0;
9168;2021.08.08 23:30;4;18,75;18,625;18,4375;520;202;0;
9169;2021.08.08 23:45;4;18,5;18,375;18,1875;520;202;0;
9170;2021.08.09 00:00;4;18,25;18,125;18;519;202;0;
9171;2021.08.09 00:15;4;18,0625;17,9375;17,8125;518;202;0;
9172;2021.08.09 00:30;4;17,8125;17,6875;17,5;517;202;0;
9173;2021.08.09 00:45;4;17,5625;17,5;17,3125;516;202;0;
9174;2021.08.09 01:00;4;17,3125;17,1875;17;515;202;0;
9175;2021.08.09 01:15;4;17,125;17;16,8125;515;202;0;
9176;2021.08.09 01:30;4;16,875;16,75;16,625;514;202;0;
9177;2021.08.09 01:45;4;16,625;16,5;16,375;513;202;0;
9178;2021.08.09 02:00;4;16,4375;16,3125;16,125;513;202;0;
9179;2021.08.09 02:15;4;16,25;16,125;16;512;202;0;
9180;2021.08.09 02:30;4;16,125;15,9375;15,875;512;202;0;
9181;2021.08.09 02:45;4;15,875;15,75;15,6875;511;202;0;
9182;2021.08.09 03:00;4;15,75;15,625;15,5;511;202;0;
9183;2021.08.09 03:15;4;15,625;15,5;15,4375;511;202;0;
9184;2021.08.09 03:30;4;15,4375;15,3125;15,3125;510;202;0;
9185;2021.08.09 03:45;4;15,25;15,125;15,125;510;202;0;
9186;2021.08.09 04:00;4;15,125;15;14,9375;509;202;0;
9187;2021.08.09 04:15;4;15;14,875;14,8125;509;202;0;
9188;2021.08.09 04:30;4;14,8125;14,625;14,625;509;202;0;
9189;2021.08.09 04:45;4;14,75;14,5;14,5;509;202;0;
9190;2021.08.09 05:00;4;14,625;14,5;14,5;509;202;0;
9191;2021.08.09 05:15;4;14,5;14,375;14,375;509;202;0;
9192;2021.08.09 05:30;4;14,5;14,3125;14,375;509;202;0;
9193;2021.08.09 05:45;4;14,5;14,3125;14,4375;510;202;0;
9194;2021.08.09 06:00;4;14,625;14,375;14,5;511;202;0;
9195;2021.08.09 06:15;4;14,625;14,4375;14,625;513;202;0;
9196;2021.08.09 06:30;4;14,75;14,5;14,75;514;202;0;
9197;2021.08.09 06:45;4;14,875;14,625;14,875;515;202;0;
9198;2021.08.09 07:00;4;15;14,75;15;517;202;0;
9199;2021.08.09 07:15;4;15,25;15;15,1875;518;202;0;
9200;2021.08.09 07:30;4;15,375;15,125;15,375;519;202;0;
9201;2021.08.09 07:45;4;15,625;15,375;15,6875;521;202;0;
9202;2021.08.09 08:00;4;15,875;15,6875;16;522;202;0;
9203;2021.08.09 08:15;4;16,125;16;16,25;524;202;0;
9204;2021.08.09 08:30;4;16,5;16,3125;16,625;526;202;0;
9205;2021.08.09 08:45;4;16,875;16,75;17;528;202;0;
9206;2021.08.09 09:00;4;17,25;17,125;17,4375;530;202;0;
9207;2021.08.09 09:15;4;17,75;17,625;18;532;202;0;
9208;2021.08.09 09:30;4;18,25;18,125;18,5;534;202;0;
9209;2021.08.09 09:45;4;18,9375;18,625;19;537;202;0;
9210;2021.08.09 10:00;4;19,5625;19,1875;19,5;539;202;0;
9211;2021.08.09 10:15;4;20,1875;19,75;20;540;202;0;
9212;2021.08.09 10:30;4;20,75;20,25;20,5;542;202;0;
9213;2021.08.09 10:45;4;21,4375;20,9375;21,125;544;202;0;
9214;2021.08.09 11:00;4;22;21,5;21,625;545;202;0;
9215;2021.08.09 11:15;4;22,5625;22;22,125;546;202;0;
9216;2021.08.09 11:30;4;23;22,5;22,5625;547;202;0;
9217;2021.08.09 11:45;4;23,5;23;23;548;202;0;
9218;2021.08.09 12:00;4;24;23,5;23,5;549;202;0;
9219;2021.08.09 12:15;4;24,5;24;23,875;550;202;0;
9220;2021.08.09 12:30;4;24,875;24,375;24,125;551;202;0;
9221;2021.08.09 12:45;4;25,25;24,75;24,5;551;202;0;
9222;2021.08.09 13:00;4;25,625;25,125;24,75;552;202;0;
9223;2021.08.09 13:15;4;26;25,5;25,125;552;202;0;
9224;2021.08.09 13:30;4;26,4375;25,875;25,5;553;202;0;
9225;2021.08.09 13:45;4;26,625;26,1875;25,75;553;202;0;
9226;2021.08.09 14:00;4;26,875;26,4375;25,875;553;202;0;
9227;2021.08.09 14:15;4;27,125;26,6875;26,125;553;202;0;
9228;2021.08.09 14:30;4;27,3125;26,875;26,25;553;202;0;
9229;2021.08.09 14:45;4;27,4375;27;26,375;553;202;0;
9230;2021.08.09 15:00;4;27,5;27,125;26,4375;553;202;0;
9231;2021.08.09 15:15;4;27,5;27,1875;26,375;552;202;0;
9232;2021.08.09 15:30;4;27,5;27,25;26,375;552;202;0;
9233;2021.08.09 15:45;4;27,5625;27,25;26,375;551;202;0;
9234;2021.08.09 16:00;4;27,6875;27,3125;26,5625;551;202;0;
9235;2021.08.09 16:15;4;27,75;27,375;26,75;551;202;0;
9236;2021.08.09 16:30;4;27,8125;27,5;26,875;551;202;0;
9237;2021.08.09 16:45;4;27,75;27,5;26,875;551;202;0;
9238;2021.08.09 17:00;4;27,5;27,375;26,6875;550;202;0;
9239;2021.08.09 17:15;4;27,1875;27,125;26,375;548;202;0;
9240;2021.08.09 17:30;4;26,875;26,8125;26,125;547;202;0;
9241;2021.08.09 17:45;4;26,5;26,5;25,75;545;202;0;
9242;2021.08.09 18:00;4;26,125;26,125;25,375;543;202;0;
9243;2021.08.09 18:15;4;25,75;25,75;25,125;542;202;0;
9244;2021.08.09 18:30;4;25,375;25,4375;24,8125;541;202;0;
9245;2021.08.09 18:45;4;24,9375;25,0625;24,4375;539;202;0;
9246;2021.08.09 19:00;4;24,5;24,625;24,0625;536;202;0;
9247;2021.08.09 19:15;4;24,125;24,25;23,625;534;202;0;
9248;2021.08.09 19:30;4;23,6875;23,8125;23,3125;532;202;0;
9249;2021.08.09 19:45;4;23,375;23,4375;23;531;202;0;
9250;2021.08.09 20:00;4;23;23,0625;22,6875;529;202;0;
9251;2021.08.09 20:15;4;22,625;22,75;22,375;528;202;0;
9252;2021.08.09 20:30;4;22,375;22,375;22,125;526;202;0;
9253;2021.08.09 20:45;4;22;22,125;21,75;525;202;0;
9254;2021.08.09 21:00;4;21,75;21,75;21,5;524;202;0;
9255;2021.08.09 21:15;4;21,375;21,5;21,25;523;202;0;
9256;2021.08.09 21:30;4;21,125;21,1875;20,9375;522;202;0;
9257;2021.08.09 21:45;4;20,875;20,875;20,75;521;202;0;
9258;2021.08.09 22:00;4;20,625;20,625;20,375;520;202;0;
9259;2021.08.09 22:15;4;20,375;20,375;20,25;519;202;0;
9260;2021.08.09 22:30;4;20,125;20,125;20;518;202;0;
9261;2021.08.09 22:45;4;19,875;19,875;19,75;517;202;0;
9262;2021.08.09 23:00;4;19,625;19,625;19,5;517;202;0;
9263;2021.08.09 23:15;4;19,375;19,375;19,3125;516;202;0;
9264;2021.08.09 23:30;4;19,1875;19,1875;19,125;515;202;0;
9265;2021.08.09 23:45;4;19;19;18,875;515;202;0;
9266;2021.08.10 00:00;4;18,75;18,75;18,6875;514;202;0;
9267;2021.08.10 00:15;4;18,5625;18,5625;18,5;514;202;0;
9268;2021.08.10 00:30;4;18,375;18,375;18,3125;513;202;0;
9269;2021.08.10 00:45;4;18,1875;18,125;18,125;513;202;0;
9270;2021.08.10 01:00;4;18;18;18;513;202;0;
9271;2021.08.10 01:15;4;17,8125;17,8125;17,8125;512;202;0;
9272;2021.08.10 01:30;4;17,625;17,625;17,625;512;202;0;
9273;2021.08.10 01:45;4;17,5625;17,5;17,5;512;202;0;
9274;2021.08.10 02:00;4;17,375;17,375;17,5;512;202;0;
9275;2021.08.10 02:15;4;17,25;17,25;17,375;512;202;0;
9276;2021.08.10 02:30;4;17,125;17,125;17,25;512;202;0;
9277;2021.08.10 02:45;4;17;17;17,125;512;202;0;
9278;2021.08.10 03:00;4;16,875;16,875;17;512;202;0;
9279;2021.08.10 03:15;4;16,75;16,75;16,875;512;202;0;
9280;2021.08.10 03:30;4;16,75;16,625;16,75;512;202;0;
9281;2021.08.10 03:45;4;16,625;16,625;16,75;512;202;0;
9282;2021.08.10 04:00;4;16,5;16,5;16,5625;512;202;0;
9283;2021.08.10 04:15;4;16,375;16,375;16,5;512;202;0;
9284;2021.08.10 04:30;4;16,3125;16,25;16,375;512;202;0;
9285;2021.08.10 04:45;4;16,25;16,1875;16,25;512;202;0;
9286;2021.08.10 05:00;4;16,125;16,125;16,25;512;202;0;
9287;2021.08.10 05:15;4;16,125;16,0625;16,1875;513;202;0;
9288;2021.08.10 05:30;4;16,0625;16;16,125;513;202;0;
9289;2021.08.10 05:45;4;16,0625;16;16,125;514;202;0;
9290;2021.08.10 06:00;4;16,125;16;16,1875;515;202;0;
9291;2021.08.10 06:15;4;16,25;16,125;16,3125;516;202;0;
9292;2021.08.10 06:30;4;16,375;16,1875;16,375;518;202;0;
9293;2021.08.10 06:45;4;16,5;16,3125;16,5;519;202;0;
9294;2021.08.10 07:00;4;16,625;16,4375;16,625;520;202;0;
9295;2021.08.10 07:15;4;16,8125;16,625;16,75;521;202;0;
9296;2021.08.10 07:30;4;17;16,75;17;523;202;0;
9297;2021.08.10 07:45;4;17,25;17;17,25;524;202;0;
9298;2021.08.10 08:00;4;17,5625;17,3125;17,5625;526;202;0;
9299;2021.08.10 08:15;4;17,875;17,625;17,875;527;202;0;
9300;2021.08.10 08:30;4;18,3125;18;18,25;529;202;0;
9301;2021.08.10 08:45;4;18,75;18,375;18,6875;531;202;0;
9302;2021.08.10 09:00;4;19,25;18,8125;19,125;533;202;0;
9303;2021.08.10 09:15;4;19,75;19,25;19,625;535;202;0;
9304;2021.08.10 09:30;4;20,25;19,75;20;537;202;0;
9305;2021.08.10 09:45;4;20,75;20,25;20,5;539;202;0;
9306;2021.08.10 10:00;4;21,25;20,75;21;541;202;0;
9307;2021.08.10 10:15;4;21,75;21,25;21,4375;542;202;0;
9308;2021.08.10 10:30;4;22,25;21,75;21,875;544;202;0;
9309;2021.08.10 10:45;4;22,875;22,3125;22,5;546;202;0;
9310;2021.08.10 11:00;4;23,4375;22,875;23,0625;548;202;0;
9311;2021.08.10 11:15;4;24;23,375;23,5;550;202;0;
9312;2021.08.10 11:30;4;24,625;24;24,0625;552;202;0;
9313;2021.08.10 11:45;4;25,125;24,5;24,625;554;202;0;
9314;2021.08.10 12:00;4;25,75;25,125;25,125;555;202;0;
9315;2021.08.10 12:15;4;26,1875;25,625;25,5;556;202;0;
9316;2021.08.10 12:30;4;26,75;26,125;26,125;558;202;0;
9317;2021.08.10 12:45;4;27,375;26,75;26,75;560;202;0;
9318;2021.08.10 13:00;4;27,8125;27,25;27,125;561;202;0;
9319;2021.08.10 13:15;4;28,25;27,625;27,5;562;202;0;
9320;2021.08.10 13:30;4;28,625;28,0625;27,75;563;202;0;
9321;2021.08.10 13:45;4;29;28,4375;28;563;202;0;
9322;2021.08.10 14:00;4;29,3125;28,75;28,1875;563;202;0;
9323;2021.08.10 14:15;4;29,625;29,0625;28,4375;563;202;0;
9324;2021.08.10 14:30;4;29,875;29,375;28,6875;563;202;0;
9325;2021.08.10 14:45;4;30,125;29,625;29;563;202;0;
9326;2021.08.10 15:00;4;30,375;29,875;29,25;564;202;0;
9327;2021.08.10 15:15;4;30,625;30,125;29,5;564;202;0;
9328;2021.08.10 15:30;4;30,875;30,375;29,75;564;202;0;
9329;2021.08.10 15:45;4;31;30,5625;30;565;202;0;
9330;2021.08.10 16:00;4;31,25;30,75;30,25;565;202;0;
9331;2021.08.10 16:15;4;31,125;30,875;30,25;565;202;0;
9332;2021.08.10 16:30;4;31;30,75;30;564;202;0;
9333;2021.08.10 16:45;4;30,75;30,5;29,75;562;202;0;
9334;2021.08.10 17:00;4;30,25;30,1875;29,25;560;202;0;
9335;2021.08.10 17:15;4;29,875;29,8125;28,875;557;202;0;
9336;2021.08.10 17:30;4;29,25;29,375;28,375;555;202;0;
9337;2021.08.10 17:45;4;28,8125;28,875;28;552;202;0;
9338;2021.08.10 18:00;4;28,3125;28,375;27,5625;550;202;0;
9339;2021.08.10 18:15;4;27,875;28;27,25;548;202;0;
9340;2021.08.10 18:30;4;27,375;27,5;26,75;545;202;0;
9341;2021.08.10 18:45;4;26,875;27,0625;26,375;543;202;0;
9342;2021.08.10 19:00;4;26,375;26,625;26;541;202;0;
9343;2021.08.10 19:15;4;26;26,125;25,625;539;202;0;
9344;2021.08.10 19:30;4;25,5625;25,75;25,25;537;202;0;
9345;2021.08.10 19:45;4;25,125;25,3125;24,9375;535;202;0;
9346;2021.08.10 20:00;4;24,75;24,9375;24,625;533;202;0;
9347;2021.08.10 20:15;4;24,4375;24,625;24,375;532;202;0;
9348;2021.08.10 20:30;4;24,125;24,25;24,125;531;202;0;
9349;2021.08.10 20:45;4;23,8125;24;23,875;529;202;0;
9350;2021.08.10 21:00;4;23,5;23,625;23,5;528;202;0;
9351;2021.08.10 21:15;4;23,25;23,375;23,3125;528;202;0;
9352;2021.08.10 21:30;4;23;23,125;23,0625;527;202;0;
9353;2021.08.10 21:45;4;22,75;22,875;22,875;526;202;0;
9354;2021.08.10 22:00;4;22,5;22,625;22,625;526;202;0;
9355;2021.08.10 22:15;4;22,25;22,375;22,375;525;202;0;
9356;2021.08.10 22:30;4;22;22,125;22,1875;524;202;0;
9357;2021.08.10 22:45;4;21,875;21,875;22;524;202;0;
9358;2021.08.10 23:00;4;21,625;21,75;21,75;524;202;0;
9359;2021.08.10 23:15;4;21,375;21,5;21,5;523;202;0;
9360;2021.08.10 23:30;4;21,25;21,3125;21,375;523;202;0;
9361;2021.08.10 23:45;4;21,0625;21,125;21,25;523;202;0;
9362;2021.08.11 00:00;4;20,875;21;21,0625;522;202;0;
9363;2021.08.11 00:15;4;20,6875;20,75;20,875;522;202;0;
9364;2021.08.11 00:30;4;20,5;20,625;20,6875;522;202;0;
9365;2021.08.11 00:45;4;20,375;20,375;20,5;521;202;0;
9366;2021.08.11 01:00;4;20,25;20,3125;20,4375;521;202;0;
9367;2021.08.11 01:15;4;20,125;20,125;20,3125;521;202;0;
9368;2021.08.11 01:30;4;20;20;20,125;521;202;0;
9369;2021.08.11 01:45;4;19,8125;19,875;20;521;202;0;
9370;2021.08.11 02:00;4;19,75;19,75;19,875;521;202;0;
9371;2021.08.11 02:15;4;19,625;19,625;19,75;521;202;0;
9372;2021.08.11 02:30;4;19,5;19,5;19,6875;521;202;0;
9373;2021.08.11 02:45;4;19,375;19,375;19,5625;521;202;0;
9374;2021.08.11 03:00;4;19,25;19,3125;19,5;521;202;0;
9375;2021.08.11 03:15;4;19,125;19,125;19,3125;521;202;0;
9376;2021.08.11 03:30;4;19,0625;19,0625;19,25;521;202;0;
9377;2021.08.11 03:45;4;18,9375;19;19,125;521;202;0;
9378;2021.08.11 04:00;4;18,875;18,875;19,0625;522;202;0;
9379;2021.08.11 04:15;4;18,75;18,75;19;521;202;0;
9380;2021.08.11 04:30;4;18,75;18,75;18,875;522;202;0;
9381;2021.08.11 04:45;4;18,625;18,625;18,75;522;202;0;
9382;2021.08.11 05:00;4;18,5;18,5;18,625;522;202;0;
9383;2021.08.11 05:15;4;18,5;18,5;18,625;523;202;0;
9384;2021.08.11 05:30;4;18,5;18,5;18,625;523;202;0;
9385;2021.08.11 05:45;4;18,625;18,5;18,6875;525;202;0;
9386;2021.08.11 06:00;4;18,625;18,5;18,75;525;202;0;
9387;2021.08.11 06:15;4;18,6875;18,625;18,75;526;202;0;
9388;2021.08.11 06:30;4;18,75;18,625;18,875;527;202;0;
9389;2021.08.11 06:45;4;18,875;18,75;18,875;528;202;0;
9390;2021.08.11 07:00;4;19;18,875;19;529;202;0;
9391;2021.08.11 07:15;4;19,1875;19;19,25;531;202;0;
9392;2021.08.11 07:30;4;19,5;19,25;19,5;532;202;0;
9393;2021.08.11 07:45;4;19,75;19,5;19,75;534;202;0;
9394;2021.08.11 08:00;4;20;19,75;20;535;202;0;
9395;2021.08.11 08:15;4;20,375;20,0625;20,375;537;202;0;
9396;2021.08.11 08:30;4;20,75;20,4375;20,75;539;202;0;
9397;2021.08.11 08:45;4;21,25;20,875;21,1875;541;202;0;
9398;2021.08.11 09:00;4;21,625;21,25;21,625;543;202;0;
9399;2021.08.11 09:15;4;22,0625;21,6875;22;545;202;0;
9400;2021.08.11 09:30;4;22,5;22,125;22,375;547;202;0;
9401;2021.08.11 09:45;4;23;22,625;22,875;548;202;0;
9402;2021.08.11 10:00;4;23,5625;23,125;23,375;550;202;0;
9403;2021.08.11 10:15;4;24,0625;23,625;23,875;552;202;0;
9404;2021.08.11 10:30;4;24,625;24,125;24,3125;554;202;0;
9405;2021.08.11 10:45;4;25,25;24,6875;24,875;556;202;0;
9406;2021.08.11 11:00;4;25,75;25,1875;25,3125;558;202;0;
9407;2021.08.11 11:15;4;26,25;25,6875;25,75;559;202;0;
9408;2021.08.11 11:30;4;26,75;26,25;26,25;561;202;0;
9409;2021.08.11 11:45;4;27,25;26,6875;26,625;562;202;0;
9410;2021.08.11 12:00;4;27,75;27,1875;27,125;563;202;0;
9411;2021.08.11 12:15;4;28,25;27,625;27,5;564;202;0;
9412;2021.08.11 12:30;4;28,75;28,125;27,9375;565;202;0;
9413;2021.08.11 12:45;4;29,125;28,5625;28,25;566;202;0;
9414;2021.08.11 13:00;4;29,4375;28,875;28,5;566;202;0;
9415;2021.08.11 13:15;4;29,75;29,25;28,8125;566;202;0;
9416;2021.08.11 13:30;4;30,125;29,625;29,125;567;202;0;
9417;2021.08.11 13:45;4;30,5;29,9375;29,5;568;202;0;
9418;2021.08.11 14:00;4;30,75;30,25;29,625;568;202;0;
9419;2021.08.11 14:15;4;31,0625;30,5;30;568;202;0;
9420;2021.08.11 14:30;4;31,375;30,875;30,25;569;202;0;
9421;2021.08.11 14:45;4;31,625;31,125;30,5;569;202;0;
9422;2021.08.11 15:00;4;31,75;31,25;30,625;569;202;0;
9423;2021.08.11 15:15;4;32;31,5;30,875;570;202;0;
9424;2021.08.11 15:30;4;32,25;31,75;31,1875;570;202;0;
9425;2021.08.11 15:45;4;32,4375;32;31,5;571;202;0;
9426;2021.08.11 16:00;4;32,5;32,125;31,625;572;202;0;
9427;2021.08.11 16:15;4;32,4375;32,125;31,625;571;202;0;
9428;2021.08.11 16:30;4;32,25;32,0625;31,375;570;202;0;
9429;2021.08.11 16:45;4;32;31,875;31;568;202;0;
9430;2021.08.11 17:00;4;31,625;31,5;30,625;566;202;0;
9431;2021.08.11 17:15;4;31,25;31,1875;30,3125;564;202;0;
9432;2021.08.11 17:30;4;30,75;30,8125;30;562;202;0;
9433;2021.08.11 17:45;4;30,375;30,375;29,625;560;202;0;
9434;2021.08.11 18:00;4;29,9375;30;29,3125;559;202;0;
9435;2021.08.11 18:15;4;29,5;29,625;29;557;202;0;
9436;2021.08.11 18:30;4;29;29,1875;28,625;555;202;0;
9437;2021.08.11 18:45;4;28,625;28,75;28,25;553;202;0;
9438;2021.08.11 19:00;4;28,1875;28,375;27,8125;551;202;0;
9439;2021.08.11 19:15;4;27,75;27,9375;27,5;549;202;0;
9440;2021.08.11 19:30;4;27,3125;27,5;27,125;547;202;0;
9441;2021.08.11 19:45;4;26,875;27,125;26,75;545;202;0;
9442;2021.08.11 20:00;4;26,5;26,75;26,4375;544;202;0;
9443;2021.08.11 20:15;4;26,125;26,375;26,125;542;202;0;
9444;2021.08.11 20:30;4;25,75;26;25,75;541;202;0;
9445;2021.08.11 20:45;4;25,4375;25,625;25,5;539;202;0;
9446;2021.08.11 21:00;4;25,125;25,3125;25,1875;538;202;0;
9447;2021.08.11 21:15;4;24,875;25;25;537;202;0;
9448;2021.08.11 21:30;4;24,625;24,75;24,75;537;202;0;
9449;2021.08.11 21:45;4;24,375;24,5;24,5;536;202;0;
9450;2021.08.11 22:00;4;24,125;24,25;24,25;535;202;0;
9451;2021.08.11 22:15;4;24;24,0625;24,125;535;202;0;
9452;2021.08.11 22:30;4;23,75;23,875;23,9375;534;202;0;
9453;2021.08.11 22:45;4;23,625;23,6875;23,75;534;202;0;
9454;2021.08.11 23:00;4;23,375;23,5;23,625;534;202;0;
9455;2021.08.11 23:15;4;23,25;23,3125;23,375;534;202;0;
9456;2021.08.11 23:30;4;23;23,125;23,25;533;202;0;
9457;2021.08.11 23:45;4;22,875;22,875;23;533;202;0;
9458;2021.08.12 00:00;4;22,6875;22,75;22,875;532;202;0;
9459;2021.08.12 00:15;4;22,5;22,625;22,6875;532;202;0;
9460;2021.08.12 00:30;4;22,375;22,4375;22,5625;532;202;0;
9461;2021.08.12 00:45;4;22,25;22,375;22,4375;532;202;0;
9462;2021.08.12 01:00;4;22,125;22,25;22,3125;533;202;0;
9463;2021.08.12 01:15;4;22,0625;22,125;22,25;532;202;0;
9464;2021.08.12 01:30;4;21,875;21,9375;22,125;532;202;0;
9465;2021.08.12 01:45;4;21,75;21,8125;22;532;202;0;
9466;2021.08.12 02:00;4;21,5625;21,625;21,75;531;202;0;
9467;2021.08.12 02:15;4;21,4375;21,5;21,625;531;202;0;
9468;2021.08.12 02:30;4;21,25;21,3125;21,4375;531;202;0;
9469;2021.08.12 02:45;4;21,125;21,1875;21,3125;530;202;0;
9470;2021.08.12 03:00;4;21;21;21,125;530;202;0;
9471;2021.08.12 03:15;4;20,75;20,875;21;530;202;0;
9472;2021.08.12 03:30;4;20,6875;20,75;20,875;530;202;0;
9473;2021.08.12 03:45;4;20,5;20,5625;20,6875;529;202;0;
9474;2021.08.12 04:00;4;20,375;20,4375;20,5625;529;202;0;
9475;2021.08.12 04:15;4;20,25;20,25;20,4375;529;202;0;
9476;2021.08.12 04:30;4;20,125;20,125;20,25;529;202;0;
9477;2021.08.12 04:45;4;20;20;20,125;528;202;0;
9478;2021.08.12 05:00;4;19,875;19,875;20,0625;529;202;0;
9479;2021.08.12 05:15;4;19,75;19,75;20;528;202;0;
9480;2021.08.12 05:30;4;19,75;19,75;19,875;529;202;0;
9481;2021.08.12 05:45;4;19,75;19,75;19,875;530;202;0;
9482;2021.08.12 06:00;4;19,75;19,75;19,9375;530;202;0;
9483;2021.08.12 06:15;4;19,875;19,75;20;531;202;0;
9484;2021.08.12 06:30;4;20;19,875;20,0625;532;202;0;
9485;2021.08.12 06:45;4;20,0625;20;20,125;534;202;0;
9486;2021.08.12 07:00;4;20,25;20,0625;20,3125;535;202;0;
9487;2021.08.12 07:15;4;20,375;20,25;20,4375;536;202;0;
9488;2021.08.12 07:30;4;20,5;20,375;20,5625;536;202;0;
9489;2021.08.12 07:45;4;20,75;20,5625;20,75;537;202;0;
9490;2021.08.12 08:00;4;21,0625;20,8125;21,0625;538;202;0;
9491;2021.08.12 08:15;4;21,375;21,125;21,375;540;202;0;
9492;2021.08.12 08:30;4;21,75;21,5;21,75;542;202;0;
9493;2021.08.12 08:45;4;22,25;21,875;22,125;544;202;0;
9494;2021.08.12 09:00;4;22,625;22,3125;22,5625;545;202;0;
9495;2021.08.12 09:15;4;23,125;22,75;23;547;202;0;
9496;2021.08.12 09:30;4;23,6875;23,25;23,5;549;202;0;
9497;2021.08.12 09:45;4;24,125;23,75;24;551;202;0;
9498;2021.08.12 10:00;4;24,625;24,1875;24,375;552;202;0;
9499;2021.08.12 10:15;4;25,25;24,75;24,9375;554;202;0;
9500;2021.08.12 10:30;4;25,75;25,25;25,4375;556;202;0;
9501;2021.08.12 10:45;4;26,25;25,75;25,875;558;202;0;
9502;2021.08.12 11:00;4;26,75;26,25;26,375;559;202;0;
9503;2021.08.12 11:15;4;27,25;26,75;26,75;561;202;0;
9504;2021.08.12 11:30;4;27,75;27,25;27,1875;562;202;0;
9505;2021.08.12 11:45;4;28,25;27,6875;27,625;563;202;0;
9506;2021.08.12 12:00;4;28,6875;28,125;28,125;565;202;0;
9507;2021.08.12 12:15;4;29,1875;28,625;28,5;566;202;0;
9508;2021.08.12 12:30;4;29,625;29,0625;29;567;202;0;
9509;2021.08.12 12:45;4;30,125;29,5;29,375;569;202;0;
9510;2021.08.12 13:00;4;30,5;29,9375;29,75;570;202;0;
9511;2021.08.12 13:15;4;30,75;30,25;29,9375;571;202;0;
9512;2021.08.12 13:30;4;30,875;30,5;30;571;202;0;
9513;2021.08.12 13:45;4;31,1875;30,75;30,25;572;202;0;
9514;2021.08.12 14:00;4;31,5;31;30,625;573;202;0;
9515;2021.08.12 14:15;4;31,75;31,25;30,75;573;202;0;
9516;2021.08.12 14:30;4;32;31,5;30,9375;574;202;0;
9517;2021.08.12 14:45;4;32,25;31,75;31,1875;574;202;0;
9518;2021.08.12 15:00;4;32,4375;32;31,375;574;202;0;
9519;2021.08.12 15:15;4;32,625;32,1875;31,625;575;202;0;
9520;2021.08.12 15:30;4;32,75;32,375;31,875;576;202;0;
9521;2021.08.12 15:45;4;32,875;32,5;32;577;202;0;
9522;2021.08.12 16:00;4;32,75;32,5;31,9375;577;202;0;
9523;2021.08.12 16:15;4;32,5;32,375;31,75;576;202;0;
9524;2021.08.12 16:30;4;32,25;32,125;31,5;575;202;0;
9525;2021.08.12 16:45;4;31,875;31,875;31,1875;574;202;0;
9526;2021.08.12 17:00;4;31,375;31,4375;30,75;572;202;0;
9527;2021.08.12 17:15;4;30,875;31;30,25;570;202;0;
9528;2021.08.12 17:30;4;30,25;30,5;29,75;568;202;0;
9529;2021.08.12 17:45;4;29,6875;29,9375;29,1875;565;202;0;
9530;2021.08.12 18:00;4;29,0625;29,375;28,5;562;202;0;
9531;2021.08.12 18:15;4;28,5625;28,875;28,0625;560;202;0;
9532;2021.08.12 18:30;4;28;28,3125;27,625;558;202;0;
9533;2021.08.12 18:45;4;27,625;27,875;27,25;556;202;0;
9534;2021.08.12 19:00;4;27,125;27,375;26,75;554;202;0;
9535;2021.08.12 19:15;4;26,75;27;26,375;553;202;0;
9536;2021.08.12 19:30;4;26,5;26,6875;26,1875;552;202;0;
9537;2021.08.12 19:45;4;26,1875;26,375;26;551;202;0;
9538;2021.08.12 20:00;4;26;26,125;25,875;550;202;0;
9539;2021.08.12 20:15;4;25,75;25,875;25,625;550;202;0;
9540;2021.08.12 20:30;4;25,5;25,625;25,4375;549;202;0;
9541;2021.08.12 20:45;4;25,25;25,375;25,1875;548;202;0;
9542;2021.08.12 21:00;4;25;25,125;25;547;202;0;
9543;2021.08.12 21:15;4;24,625;24,875;24,625;546;202;0;
9544;2021.08.12 21:30;4;24,4375;24,625;24,4375;546;202;0;
9545;2021.08.12 21:45;4;24,25;24,375;24,25;545;202;0;
9546;2021.08.12 22:00;4;24;24,125;24,0625;544;202;0;
9547;2021.08.12 22:15;4;23,8125;23,9375;23,875;544;202;0;
9548;2021.08.12 22:30;4;23,625;23,75;23,75;544;202;0;
9549;2021.08.12 22:45;4;23,5;23,625;23,625;543;202;0;
9550;2021.08.12 23:00;4;23,375;23,5;23,5;543;202;0;
9551;2021.08.12 23:15;4;23,25;23,375;23,375;543;202;0;
9552;2021.08.12 23:30;4;23,125;23,25;23,25;543;202;0;
9553;2021.08.12 23:45;4;23;23,0625;23,125;543;202;0;
9554;2021.08.13 00:00;4;22,875;22,875;22,9375;543;202;0;
9555;2021.08.13 00:15;4;22,6875;22,75;22,8125;542;202;0;
9556;2021.08.13 00:30;4;22,5625;22,625;22,625;542;202;0;
9557;2021.08.13 00:45;4;22,375;22,5;22,5;541;202;0;
9558;2021.08.13 01:00;4;22,25;22,375;22,375;541;202;0;
9559;2021.08.13 01:15;4;22,125;22,1875;22,25;541;202;0;
9560;2021.08.13 01:30;4;21,875;22;22,0625;540;202;0;
9561;2021.08.13 01:45;4;21,75;21,875;21,875;540;202;0;
9562;2021.08.13 02:00;4;21,625;21,75;21,875;539;202;0;
9563;2021.08.13 02:15;4;21,5;21,5625;21,6875;539;202;0;
9564;2021.08.13 02:30;4;21,375;21,375;21,5;538;202;0;
9565;2021.08.13 02:45;4;21,1875;21,25;21,375;538;202;0;
9566;2021.08.13 03:00;4;21,0625;21,125;21,25;538;202;0;
9567;2021.08.13 03:15;4;20,875;21;21,125;537;202;0;
9568;2021.08.13 03:30;4;20,75;20,875;20,875;537;202;0;
9569;2021.08.13 03:45;4;20,625;20,6875;20,75;536;202;0;
9570;2021.08.13 04:00;4;20,5;20,5;20,625;536;202;0;
9571;2021.08.13 04:15;4;20,375;20,375;20,5;535;202;0;
9572;2021.08.13 04:30;4;20,1875;20,25;20,375;535;202;0;
9573;2021.08.13 04:45;4;20;20,125;20,1875;535;202;0;
9574;2021.08.13 05:00;4;19,9375;20;20;534;202;0;
9575;2021.08.13 05:15;4;19,875;19,875;20;534;202;0;
9576;2021.08.13 05:30;4;19,75;19,75;19,875;535;202;0;
9577;2021.08.13 05:45;4;19,75;19,75;19,875;535;202;0;
9578;2021.08.13 06:00;4;19,875;19,75;19,9375;536;202;0;
9579;2021.08.13 06:15;4;19,875;19,875;20;537;202;0;
9580;2021.08.13 06:30;4;20;19,875;20,0625;539;202;0;
9581;2021.08.13 06:45;4;20,125;20;20,1875;540;202;0;
9582;2021.08.13 07:00;4;20,25;20,125;20,25;541;202;0;
9583;2021.08.13 07:15;4;20,375;20,25;20,375;541;202;0;
9584;2021.08.13 07:30;4;20,5;20,375;20,5;542;202;0;
9585;2021.08.13 07:45;4;20,6875;20,5;20,6875;543;202;0;
9586;2021.08.13 08:00;4;20,875;20,6875;20,875;545;202;0;
9587;2021.08.13 08:15;4;21,125;20,875;21,125;546;202;0;
9588;2021.08.13 08:30;4;21,375;21,125;21,375;547;202;0;
9589;2021.08.13 08:45;4;21,6875;21,4375;21,625;548;202;0;
9590;2021.08.13 09:00;4;22,0625;21,75;22;550;202;0;
9591;2021.08.13 09:15;4;22,375;22,125;22,375;552;202;0;
9592;2021.08.13 09:30;4;22,75;22,4375;22,75;553;202;0;
9593;2021.08.13 09:45;4;23,1875;22,875;23,125;554;202;0;
9594;2021.08.13 10:00;4;23,625;23,25;23,5;555;202;0;
9595;2021.08.13 10:15;4;24;23,625;23,875;557;202;0;
9596;2021.08.13 10:30;4;24,5;24,0625;24,3125;558;202;0;
9597;2021.08.13 10:45;4;25;24,5625;24,75;560;202;0;
9598;2021.08.13 11:00;4;25,375;25;25,125;561;202;0;
9599;2021.08.13 11:15;4;25,875;25,4375;25,5625;563;202;0;
9600;2021.08.13 11:30;4;26,375;25,875;25,875;563;202;0;
9601;2021.08.13 11:45;4;26,75;26,375;26,375;564;202;0;
9602;2021.08.13 12:00;4;27,25;26,75;26,75;565;202;0;
9603;2021.08.13 12:15;4;27,6875;27,25;27,125;566;202;0;
9604;2021.08.13 12:30;4;28,1875;27,6875;27,625;567;202;0;
9605;2021.08.13 12:45;4;28,625;28,125;27,9375;568;202;0;
9606;2021.08.13 13:00;4;29;28,5;28,25;569;202;0;
9607;2021.08.13 13:15;4;29,5;29;28,875;570;202;0;
9608;2021.08.13 13:30;4;30;29,375;29,25;571;202;0;
9609;2021.08.13 13:45;4;30,375;29,8125;29,625;572;202;0;
9610;2021.08.13 14:00;4;30,8125;30,25;30;573;202;0;
9611;2021.08.13 14:15;4;31,125;30,625;30,375;574;202;0;
9612;2021.08.13 14:30;4;31,375;30,875;30,5625;575;202;0;
9613;2021.08.13 14:45;4;31,625;31,125;30,75;575;202;0;
9614;2021.08.13 15:00;4;31,875;31,375;31;576;202;0;
9615;2021.08.13 15:15;4;32,0625;31,625;31,125;577;202;0;
9616;2021.08.13 15:30;4;32,25;31,8125;31,3125;577;202;0;
9617;2021.08.13 15:45;4;32,375;32;31,5;578;202;0;
9618;2021.08.13 16:00;4;32,5625;32,1875;31,625;578;202;0;
9619;2021.08.13 16:15;4;32,6875;32,375;31,8125;579;202;0;
9620;2021.08.13 16:30;4;32,6875;32,375;31,875;579;202;0;
9621;2021.08.13 16:45;4;32,5625;32,375;31,75;578;202;0;
9622;2021.08.13 17:00;4;32,25;32,125;31,375;576;202;0;
9623;2021.08.13 17:15;4;31,8125;31,8125;30,875;574;202;0;
9624;2021.08.13 17:30;4;31,375;31,4375;30,5;572;202;0;
9625;2021.08.13 17:45;4;30,9375;31;30,125;570;202;0;
9626;2021.08.13 18:00;4;30,5625;30,625;29,8125;568;202;0;
9627;2021.08.13 18:15;4;30,1875;30,25;29,5625;567;202;0;
9628;2021.08.13 18:30;4;29,8125;29,875;29,3125;565;202;0;
9629;2021.08.13 18:45;4;29,375;29,5;29;564;202;0;
9630;2021.08.13 19:00;4;29;29,125;28,625;562;202;0;
9631;2021.08.13 19:15;4;28,5625;28,75;28,375;560;202;0;
9632;2021.08.13 19:30;4;28,1875;28,375;28;559;202;0;
9633;2021.08.13 19:45;4;27,75;27,9375;27,625;556;202;0;
9634;2021.08.13 20:00;4;27,375;27,5625;27,25;555;202;0;
9635;2021.08.13 20:15;4;27;27,25;27;553;202;0;
9636;2021.08.13 20:30;4;26,6875;26,875;26,6875;552;202;0;
9637;2021.08.13 20:45;4;26,375;26,5625;26,375;551;202;0;
9638;2021.08.13 21:00;4;26,0625;26,25;26,125;550;202;0;
9639;2021.08.13 21:15;4;25,8125;26;25,875;549;202;0;
9640;2021.08.13 21:30;4;25,5;25,6875;25,625;548;202;0;
9641;2021.08.13 21:45;4;25,375;25,5;25,5;547;202;0;
9642;2021.08.13 22:00;4;25,125;25,25;25,25;546;202;0;
9643;2021.08.13 22:15;4;24,875;25;25;546;202;0;
9644;2021.08.13 22:30;4;24,625;24,75;24,8125;546;202;0;
9645;2021.08.13 22:45;4;24,4375;24,5625;24,625;545;202;0;
9646;2021.08.13 23:00;4;24,25;24,375;24,375;544;202;0;
9647;2021.08.13 23:15;4;24;24,125;24,125;544;202;0;
9648;2021.08.13 23:30;4;23,75;23,875;24;543;202;0;
9649;2021.08.13 23:45;4;23,5625;23,6875;23,75;542;202;0;
9650;2021.08.14 00:00;4;23,375;23,5;23,5625;542;202;0;
9651;2021.08.14 00:15;4;23,1875;23,25;23,375;541;202;0;
9652;2021.08.14 00:30;4;23;23,125;23,25;541;202;0;
9653;2021.08.14 00:45;4;22,875;22,9375;23,0625;540;202;0;
9654;2021.08.14 01:00;4;22,75;22,75;22,875;540;202;0;
9655;2021.08.14 01:15;4;22,5;22,625;22,75;540;202;0;
9656;2021.08.14 01:30;4;22,375;22,5;22,625;539;202;0;
9657;2021.08.14 01:45;4;22,25;22,3125;22,5;539;202;0;
9658;2021.08.14 02:00;4;22,125;22,25;22,375;539;202;0;
9659;2021.08.14 02:15;4;22;22,125;22,25;539;202;0;
9660;2021.08.14 02:30;4;21,875;21,9375;22,0625;539;202;0;
9661;2021.08.14 02:45;4;21,75;21,8125;22;539;202;0;
9662;2021.08.14 03:00;4;21,625;21,6875;21,8125;538;202;0;
9663;2021.08.14 03:15;4;21,5;21,5;21,625;538;202;0;
9664;2021.08.14 03:30;4;21,375;21,375;21,5;538;202;0;
9665;2021.08.14 03:45;4;21,25;21,25;21,375;538;202;0;
9666;2021.08.14 04:00;4;21,125;21,125;21,3125;538;202;0;
9667;2021.08.14 04:15;4;21;21,0625;21,25;538;202;0;
9668;2021.08.14 04:30;4;20,9375;20,9375;21,125;538;202;0;
9669;2021.08.14 04:45;4;20,875;20,875;21;538;202;0;
9670;2021.08.14 05:00;4;20,75;20,8125;21;538;202;0;
9671;2021.08.14 05:15;4;20,75;20,75;20,875;539;202;0;
9672;2021.08.14 05:30;4;20,6875;20,6875;20,875;539;202;0;
9673;2021.08.14 05:45;4;20,75;20,6875;20,875;540;202;0;
9674;2021.08.14 06:00;4;20,75;20,75;20,875;541;202;0;
9675;2021.08.14 06:15;4;20,875;20,75;21;542;202;0;
9676;2021.08.14 06:30;4;20,9375;20,875;21;543;202;0;
9677;2021.08.14 06:45;4;21,0625;20,9375;21,125;544;202;0;
9678;2021.08.14 07:00;4;21,1875;21,0625;21,25;545;202;0;
9679;2021.08.14 07:15;4;21,375;21,1875;21,375;546;202;0;
9680;2021.08.14 07:30;4;21,5625;21,375;21,625;547;202;0;
9681;2021.08.14 07:45;4;21,75;21,5625;21,8125;548;202;0;
9682;2021.08.14 08:00;4;22,0625;21,8125;22,125;550;202;0;
9683;2021.08.14 08:15;4;22,375;22,125;22,5;551;202;0;
9684;2021.08.14 08:30;4;22,875;22,5;22,8125;553;202;0;
9685;2021.08.14 08:45;4;23,25;22,875;23,25;555;202;0;
9686;2021.08.14 09:00;4;23,6875;23,3125;23,625;557;202;0;
9687;2021.08.14 09:15;4;24,125;23,75;24;559;202;0;
9688;2021.08.14 09:30;4;24,625;24,1875;24,5;561;202;0;
9689;2021.08.14 09:45;4;25,125;24,6875;24,9375;563;202;0;
9690;2021.08.14 10:00;4;25,625;25,125;25,375;565;202;0;
9691;2021.08.14 10:15;4;26,125;25,6875;25,9375;567;202;0;
9692;2021.08.14 10:30;4;26,6875;26,25;26,375;568;202;0;
9693;2021.08.14 10:45;4;27,1875;26,6875;26,8125;570;202;0;
9694;2021.08.14 11:00;4;27,6875;27,1875;27,25;571;202;0;
9695;2021.08.14 11:15;4;28,125;27,625;27,625;572;202;0;
9696;2021.08.14 11:30;4;28,5;28;27,9375;573;202;0;
9697;2021.08.14 11:45;4;29;28,5;28,375;574;202;0;
9698;2021.08.14 12:00;4;29,3125;28,875;28,625;574;202;0;
9699;2021.08.14 12:15;4;29,75;29,25;29;575;202;0;
9700;2021.08.14 12:30;4;30,125;29,625;29,3125;575;202;0;
9701;2021.08.14 12:45;4;30,5;30;29,625;576;202;0;
9702;2021.08.14 13:00;4;30,875;30,3125;30;576;202;0;
9703;2021.08.14 13:15;4;31,1875;30,625;30,3125;577;202;0;
9704;2021.08.14 13:30;4;31,5625;31;30,6875;578;202;0;
9705;2021.08.14 13:45;4;31,875;31,375;30,9375;578;202;0;
9706;2021.08.14 14:00;4;32,1875;31,625;31,25;579;202;0;
9707;2021.08.14 14:15;4;32,5;32;31,5;579;202;0;
9708;2021.08.14 14:30;4;32,75;32,25;31,75;579;202;0;
9709;2021.08.14 14:45;4;33;32,5;32;580;202;0;
9710;2021.08.14 15:00;4;33,125;32,625;32;580;202;0;
9711;2021.08.14 15:15;4;33,3125;32,875;32,25;580;202;0;
9712;2021.08.14 15:30;4;33,5;33,125;32,5;581;202;0;
9713;2021.08.14 15:45;4;33,75;33,3125;32,8125;582;202;0;
9714;2021.08.14 16:00;4;33,875;33,5;33;582;202;0;
9715;2021.08.14 16:15;4;33,875;33,5625;33;582;202;0;
9716;2021.08.14 16:30;4;33,75;33,5;32,75;581;202;0;
9717;2021.08.14 16:45;4;33,4375;33,3125;32,5;579;202;0;
9718;2021.08.14 17:00;4;33,125;33;32,1875;577;202;0;
9719;2021.08.14 17:15;4;32,75;32,75;31,875;576;202;0;
9720;2021.08.14 17:30;4;32,3125;32,375;31,375;574;202;0;
9721;2021.08.14 17:45;4;31,875;32;31,0625;572;202;0;
9722;2021.08.14 18:00;4;31,5;31,5625;30,75;570;202;0;
9723;2021.08.14 18:15;4;31,125;31,25;30,5;568;202;0;
9724;2021.08.14 18:30;4;30,75;30,875;30,25;567;202;0;
9725;2021.08.14 18:45;4;30,4375;30,5625;30;566;202;0;
9726;2021.08.14 19:00;4;30,125;30,25;29,75;564;202;0;
9727;2021.08.14 19:15;4;29,6875;29,875;29,375;562;202;0;
9728;2021.08.14 19:30;4;29,3125;29,5;29,0625;561;202;0;
9729;2021.08.14 19:45;4;29;29,125;28,75;560;202;0;
9730;2021.08.14 20:00;4;28,625;28,8125;28,5;558;202;0;
9731;2021.08.14 20:15;4;28,3125;28,5;28,25;557;202;0;
9732;2021.08.14 20:30;4;28;28,125;28;556;202;0;
9733;2021.08.14 20:45;4;27,6875;27,875;27,75;555;202;0;
9734;2021.08.14 21:00;4;27,375;27,5625;27,4375;554;202;0;
9735;2021.08.14 21:15;4;27,125;27,3125;27,25;554;202;0;
9736;2021.08.14 21:30;4;26,875;27;27;553;202;0;
9737;2021.08.14 21:45;4;26,625;26,75;26,75;552;202;0;
9738;2021.08.14 22:00;4;26,375;26,5;26,5;551;202;0;
9739;2021.08.14 22:15;4;26,25;26,375;26,375;551;202;0;
9740;2021.08.14 22:30;4;26;26,125;26,125;551;202;0;
9741;2021.08.14 22:45;4;25,75;25,875;25,9375;550;202;0;
9742;2021.08.14 23:00;4;25,625;25,75;25,75;550;202;0;
9743;2021.08.14 23:15;4;25,4375;25,5;25,625;549;202;0;
9744;2021.08.14 23:30;4;25,25;25,375;25,4375;549;202;0;
9745;2021.08.14 23:45;4;25,125;25,1875;25,25;549;202;0;
9746;2021.08.15 00:00;4;25;25,0625;25,125;549;202;0;
9747;2021.08.15 00:15;4;24,75;24,875;25;548;202;0;
9748;2021.08.15 00:30;4;24,625;24,75;24,875;548;202;0;
9749;2021.08.15 00:45;4;24,5;24,625;24,75;548;202;0;
9750;2021.08.15 01:00;4;24,375;24,5;24,625;548;202;0;
9751;2021.08.15 01:15;4;24,25;24,3125;24,4375;548;202;0;
9752;2021.08.15 01:30;4;24,125;24,1875;24,25;548;202;0;
9753;2021.08.15 01:45;4;24;24;24,125;547;202;0;
9754;2021.08.15 02:00;4;23,8125;23,875;24;547;202;0;
9755;2021.08.15 02:15;4;23,6875;23,75;23,875;547;202;0;
9756;2021.08.15 02:30;4;23,5;23,625;23,75;547;202;0;
9757;2021.08.15 02:45;4;23,375;23,4375;23,5625;546;202;0;
9758;2021.08.15 03:00;4;23,25;23,25;23,375;546;202;0;
9759;2021.08.15 03:15;4;23,125;23,125;23,25;546;202;0;
9760;2021.08.15 03:30;4;23;23,0625;23,1875;546;202;0;
9761;2021.08.15 03:45;4;22,8125;22,875;23,0625;545;202;0;
9762;2021.08.15 04:00;4;22,6875;22,75;22,875;545;202;0;
9763;2021.08.15 04:15;4;22,5625;22,625;22,75;545;202;0;
9764;2021.08.15 04:30;4;22,4375;22,5;22,625;544;202;0;
9765;2021.08.15 04:45;4;22,375;22,375;22,5625;544;202;0;
9766;2021.08.15 05:00;4;22,1875;22,25;22,375;544;202;0;
9767;2021.08.15 05:15;4;22,0625;22,125;22,25;543;202;0;
9768;2021.08.15 05:30;4;22;22;22,1875;544;202;0;
9769;2021.08.15 05:45;4;22;22;22,125;544;202;0;
9770;2021.08.15 06:00;4;22;22;22,1875;544;202;0;
9771;2021.08.15 06:15;4;22;22;22,25;545;202;0;
9772;2021.08.15 06:30;4;22,125;22;22,25;546;202;0;
9773;2021.08.15 06:45;4;22,1875;22,125;22,375;547;202;0;
9774;2021.08.15 07:00;4;22,25;22,1875;22,375;548;202;0;
9775;2021.08.15 07:15;4;22,375;22,3125;22,5;549;202;0;
9776;2021.08.15 07:30;4;22,5625;22,4375;22,625;549;202;0;
9777;2021.08.15 07:45;4;22,75;22,625;22,8125;550;202;0;
9778;2021.08.15 08:00;4;23,0625;22,875;23,0625;552;202;0;
9779;2021.08.15 08:15;4;23,375;23,125;23,375;553;202;0;
9780;2021.08.15 08:30;4;23,75;23,5;23,75;555;202;0;
9781;2021.08.15 08:45;4;24,125;23,875;24,125;557;202;0;
9782;2021.08.15 09:00;4;24,5;24,1875;24,4375;558;202;0;
9783;2021.08.15 09:15;4;25;24,625;24,875;560;202;0;
9784;2021.08.15 09:30;4;25,5;25,125;25,375;562;202;0;
9785;2021.08.15 09:45;4;25,875;25,5625;25,75;564;202;0;
9786;2021.08.15 10:00;4;26,3125;25,9375;26,125;565;202;0;
9787;2021.08.15 10:15;4;26,75;26,375;26,5;567;202;0;
9788;2021.08.15 10:30;4;27,1875;26,75;26,875;568;202;0;
9789;2021.08.15 10:45;4;27,625;27,25;27,25;569;202;0;
9790;2021.08.15 11:00;4;28,125;27,625;27,6875;571;202;0;
9791;2021.08.15 11:15;4;28,5;28,125;28,0625;572;202;0;
9792;2021.08.15 11:30;4;29;28,5;28,5;573;202;0;
9793;2021.08.15 11:45;4;29,4375;29;28,875;574;202;0;
9794;2021.08.15 12:00;4;30;29,5;29,375;576;202;0;
9795;2021.08.15 12:15;4;30,375;29,875;29,75;576;202;0;
9796;2021.08.15 12:30;4;30,75;30,25;30,0625;577;202;0;
9797;2021.08.15 12:45;4;31,1875;30,6875;30,5;578;202;0;
9798;2021.08.15 13:00;4;31,5;31,0625;30,75;579;202;0;
9799;2021.08.15 13:15;4;31,875;31,375;31;579;202;0;
9800;2021.08.15 13:30;4;32,125;31,6875;31,1875;580;202;0;
9801;2021.08.15 13:45;4;32,375;31,9375;31,375;580;202;0;
9802;2021.08.15 14:00;4;32,625;32,25;31,625;580;202;0;
9803;2021.08.15 14:15;4;32,875;32,4375;31,875;580;202;0;
9804;2021.08.15 14:30;4;33,125;32,625;32,0625;580;202;0;
9805;2021.08.15 14:45;4;33,25;32,875;32,25;580;202;0;
9806;2021.08.15 15:00;4;33,4375;33;32,4375;581;202;0;
9807;2021.08.15 15:15;4;33,5;33,1875;32,625;581;202;0;
9808;2021.08.15 15:30;4;33,6875;33,3125;32,75;581;202;0;
9809;2021.08.15 15:45;4;33,75;33,375;32,75;581;202;0;
9810;2021.08.15 16:00;4;33,6875;33,4375;32,75;581;202;0;
9811;2021.08.15 16:15;4;33,625;33,375;32,75;580;202;0;
9812;2021.08.15 16:30;4;33,625;33,375;32,75;580;202;0;
9813;2021.08.15 16:45;4;33,5;33,375;32,6875;580;202;0;
9814;2021.08.15 17:00;4;33,375;33,25;32,5625;579;202;0;
9815;2021.08.15 17:15;4;33,125;33,0625;32,375;578;202;0;
9816;2021.08.15 17:30;4;32,8125;32,8125;32,125;577;202;0;
9817;2021.08.15 17:45;4;32,5;32,5;31,8125;576;202;0;
9818;2021.08.15 18:00;4;32,1875;32,1875;31,5;574;202;0;
9819;2021.08.15 18:15;4;31,875;31,9375;31,3125;573;202;0;
9820;2021.08.15 18:30;4;31,5625;31,625;31;572;202;0;
9821;2021.08.15 18:45;4;31,25;31,3125;30,75;571;202;0;
9822;2021.08.15 19:00;4;30,875;31;30,5;569;202;0;
9823;2021.08.15 19:15;4;30,5625;30,6875;30,1875;568;202;0;
9824;2021.08.15 19:30;4;30,25;30,375;29,875;567;202;0;
9825;2021.08.15 19:45;4;30;30,125;29,75;566;202;0;
9826;2021.08.15 20:00;4;29,75;29,875;29,4375;565;202;0;
9827;2021.08.15 20:15;4;29,5;29,625;29,25;564;202;0;
9828;2021.08.15 20:30;4;29,25;29,375;29,0625;564;202;0;
9829;2021.08.15 20:45;4;29,0625;29,125;28,875;563;202;0;
9830;2021.08.15 21:00;4;28,8125;28,875;28,6875;563;202;0;
9831;2021.08.15 21:15;4;28,625;28,6875;28,5;562;202;0;
9832;2021.08.15 21:30;4;28,5;28,5;28,375;562;202;0;
9833;2021.08.15 21:45;4;28,25;28,375;28,25;561;202;0;
9834;2021.08.15 22:00;4;28,125;28,25;28,125;561;202;0;
9835;2021.08.15 22:15;4;28;28,125;28;561;202;0;
9836;2021.08.15 22:30;4;27,875;27,9375;27,875;561;202;0;
9837;2021.08.15 22:45;4;27,75;27,75;27,75;560;202;0;
9838;2021.08.15 23:00;4;27,625;27,625;27,625;560;202;0;
9839;2021.08.15 23:15;4;27,5;27,5;27,5;560;202;0;
9840;2021.08.15 23:30;4;27,375;27,375;27,375;560;202;0;
9841;2021.08.15 23:45;4;27,25;27,3125;27,3125;560;202;0;
9842;2021.08.16 00:00;4;27,125;27,25;27,25;560;202;0;
9843;2021.08.16 00:15;4;27;27,125;27,125;560;202;0;
9844;2021.08.16 00:30;4;26,875;27;27;559;202;0;
9845;2021.08.16 00:45;4;26,625;26,75;26,5625;557;202;0;
9846;2021.08.16 01:00;4;26,4375;26,5;26,3125;555;202;0;
9847;2021.08.16 01:15;4;26,5;26,5;26,375;555;202;0;
9848;2021.08.16 01:30;4;26,5;26,5;26,375;555;202;0;
9849;2021.08.16 01:45;4;26,375;26,4375;26,375;555;202;0;
9850;2021.08.16 02:00;4;26,3125;26,375;26,3125;555;202;0;
9851;2021.08.16 02:15;4;26,1875;26,25;26,1875;554;202;0;
9852;2021.08.16 02:30;4;26;26,125;26;553;202;0;
9853;2021.08.16 02:45;4;25,875;26;25,875;552;202;0;
9854;2021.08.16 03:00;4;25,8125;25,875;25,75;551;202;0;
9855;2021.08.16 03:15;4;25,75;25,75;25,6875;550;202;0;
9856;2021.08.16 03:30;4;25,625;25,625;25,5625;550;202;0;
9857;2021.08.16 03:45;4;25,4375;25,5;25,375;549;202;0;
9858;2021.08.16 04:00;4;25,3125;25,375;25,25;548;202;0;
9859;2021.08.16 04:15;4;25,25;25,25;25,25;548;202;0;
9860;2021.08.16 04:30;4;25,125;25,125;25,125;547;202;0;
9861;2021.08.16 04:45;4;25;25;25;547;202;0;
9862;2021.08.16 05:00;4;24,875;24,875;24,875;547;202;0;
9863;2021.08.16 05:15;4;24,75;24,8125;24,8125;546;202;0;
9864;2021.08.16 05:30;4;24,75;24,75;24,75;546;202;0;
9865;2021.08.16 05:45;4;24,625;24,625;24,6875;546;202;0;
9866;2021.08.16 06:00;4;24,5;24,5625;24,625;545;202;0;
9867;2021.08.16 06:15;4;24,4375;24,5;24,5;545;202;0;
9868;2021.08.16 06:30;4;24,375;24,375;24,4375;545;202;0;
9869;2021.08.16 06:45;4;24,375;24,375;24,375;545;202;0;
9870;2021.08.16 07:00;4;24,3125;24,3125;24,375;545;202;0;
9871;2021.08.16 07:15;4;24,25;24,25;24,25;545;202;0;
9872;2021.08.16 07:30;4;24,1875;24,1875;24,25;545;202;0;
9873;2021.08.16 07:45;4;24;24,0625;24;544;202;0;
9874;2021.08.16 08:00;4;23,875;23,9375;23,875;543;202;0;
9875;2021.08.16 08:15;4;23,875;23,875;23,75;542;202;0;
9876;2021.08.16 08:30;4;23,75;23,75;23,75;543;202;0;
9877;2021.08.16 08:45;4;23,6875;23,75;23,75;543;202;0;
9878;2021.08.16 09:00;4;23,5;23,5;23,5;541;202;0;
9879;2021.08.16 09:15;4;23,375;23,375;23,375;541;202;0;
9880;2021.08.16 09:30;4;23,125;23,25;23,125;539;202;0;
9881;2021.08.16 09:45;4;22,9375;23;22,875;538;202;0;
9882;2021.08.16 10:00;4;22,75;22,875;22,6875;536;202;0;
9883;2021.08.16 10:15;4;22,75;22,75;22,625;536;202;0;
9884;2021.08.16 10:30;4;22,625;22,6875;22,625;536;202;0;
9885;2021.08.16 10:45;4;22,5625;22,625;22,5;535;202;0;
9886;2021.08.16 11:00;4;22,5;22,5;22,375;535;202;0;
9887;2021.08.16 11:15;4;22,4375;22,4375;22,375;535;202;0;
9888;2021.08.16 11:30;4;22,375;22,375;22,375;535;202;0;
9889;2021.08.16 11:45;4;22,375;22,375;22,3125;535;202;0;
9890;2021.08.16 12:00;4;22,375;22,3125;22,25;535;202;0;
9891;2021.08.16 12:15;4;22,375;22,25;22,25;535;202;0;
9892;2021.08.16 12:30;4;22,375;22,375;22,25;535;202;0;
9893;2021.08.16 12:45;4;22,5;22,375;22,375;535;202;0;
9894;2021.08.16 13:00;4;22,5625;22,4375;22,375;535;202;0;
9895;2021.08.16 13:15;4;22,625;22,5;22,4375;536;202;0;
9896;2021.08.16 13:30;4;22,6875;22,5625;22,375;535;202;0;
9897;2021.08.16 13:45;4;22,8125;22,625;22,4375;536;202;0;
9898;2021.08.16 14:00;4;23,0625;22,875;22,625;536;202;0;
9899;2021.08.16 14:15;4;23,375;23,125;22,875;537;202;0;
9900;2021.08.16 14:30;4;23,6875;23,375;23,125;538;202;0;
9901;2021.08.16 14:45;4;24;23,6875;23,4375;539;202;0;
9902;2021.08.16 15:00;4;24,375;24;23,75;540;202;0;
9903;2021.08.16 15:15;4;24,625;24,25;23,875;541;202;0;
9904;2021.08.16 15:30;4;24,6875;24,375;24;541;202;0;
9905;2021.08.16 15:45;4;24,625;24,375;23,875;540;202;0;
9906;2021.08.16 16:00;4;24,5;24,3125;23,625;538;202;0;
9907;2021.08.16 16:15;4;24,5;24,25;23,625;538;202;0;
9908;2021.08.16 16:30;4;24,5;24,25;23,625;537;202;0;
9909;2021.08.16 16:45;4;24,375;24,25;23,5;536;202;0;
9910;2021.08.16 17:00;4;24,25;24,125;23,375;534;202;0;
9911;2021.08.16 17:15;4;24;23,9375;23,25;533;202;0;
9912;2021.08.16 17:30;4;23,8125;23,75;23;531;202;0;
9913;2021.08.16 17:45;4;23,5625;23,5;22,8125;530;202;0;
9914;2021.08.16 18:00;4;23,3125;23,25;22,625;528;202;0;
9915;2021.08.16 18:15;4;23,125;23,0625;22,5;527;202;0;
9916;2021.08.16 18:30;4;22,875;22,875;22,3125;526;202;0;
9917;2021.08.16 18:45;4;22,625;22,625;22,125;524;202;0;
9918;2021.08.16 19:00;4;22,375;22,375;22;523;202;0;
9919;2021.08.16 19:15;4;22,1875;22,1875;21,75;522;202;0;
9920;2021.08.16 19:30;4;22;22;21,625;521;202;0;
9921;2021.08.16 19:45;4;21,875;21,875;21,5;520;202;0;
9922;2021.08.16 20:00;4;21,6875;21,6875;21,375;519;202;0;
9923;2021.08.16 20:15;4;21,5625;21,5;21,25;518;202;0;
9924;2021.08.16 20:30;4;21,5;21,4375;21,25;518;202;0;
9925;2021.08.16 20:45;4;21,375;21,3125;21,125;518;202;0;
9926;2021.08.16 21:00;4;21,25;21,25;21,0625;517;202;0;
9927;2021.08.16 21:15;4;21,125;21,125;20,9375;517;202;0;
9928;2021.08.16 21:30;4;21,0625;21;20,875;517;202;0;
9929;2021.08.16 21:45;4;21;20,9375;20,75;516;202;0;
9930;2021.08.16 22:00;4;20,9375;20,875;20,75;516;202;0;
9931;2021.08.16 22:15;4;20,875;20,8125;20,6875;516;202;0;
9932;2021.08.16 22:30;4;20,8125;20,75;20,625;516;202;0;
9933;2021.08.16 22:45;4;20,75;20,6875;20,625;516;202;0;
9934;2021.08.16 23:00;4;20,625;20,625;20,5;516;202;0;
9935;2021.08.16 23:15;4;20,625;20,5;20,5;516;202;0;
9936;2021.08.16 23:30;4;20,5;20,5;20,375;516;202;0;
9937;2021.08.16 23:45;4;20,5;20,375;20,375;515;202;0;
9938;2021.08.17 00:00;4;20,375;20,375;20,25;515;202;0;
9939;2021.08.17 00:15;4;20,25;20,25;20,1875;515;202;0;
9940;2021.08.17 00:30;4;20,1875;20,125;20,0625;515;202;0;
9941;2021.08.17 00:45;4;20,125;20,0625;20;515;202;0;
9942;2021.08.17 01:00;4;20;20;19,9375;514;202;0;
9943;2021.08.17 01:15;4;20;19,9375;19,875;514;202;0;
9944;2021.08.17 01:30;4;19,9375;19,875;19,75;514;202;0;
9945;2021.08.17 01:45;4;19,875;19,875;19,75;514;202;0;
9946;2021.08.17 02:00;4;19,875;19,8125;19,6875;514;202;0;
9947;2021.08.17 02:15;4;19,75;19,75;19,625;514;202;0;
9948;2021.08.17 02:30;4;19,75;19,6875;19,5625;514;202;0;
9949;2021.08.17 02:45;4;19,625;19,625;19,5;514;202;0;
9950;2021.08.17 03:00;4;19,5;19,5;19,4375;514;202;0;
9951;2021.08.17 03:15;4;19,5;19,4375;19,375;514;202;0;
9952;2021.08.17 03:30;4;19,375;19,375;19,25;513;202;0;
9953;2021.08.17 03:45;4;19,25;19,25;19,1875;513;202;0;
9954;2021.08.17 04:00;4;19,25;19,1875;19,125;513;202;0;
9955;2021.08.17 04:15;4;19,125;19,125;19;513;202;0;
9956;2021.08.17 04:30;4;19,0625;19;18,875;512;202;0;
9957;2021.08.17 04:45;4;18,875;18,875;18,75;512;202;0;
9958;2021.08.17 05:00;4;18,75;18,75;18,625;511;202;0;
9959;2021.08.17 05:15;4;18,625;18,625;18,5625;511;202;0;
9960;2021.08.17 05:30;4;18,5625;18,5;18,5;511;202;0;
9961;2021.08.17 05:45;4;18,5;18,5;18,4375;511;202;0;
9962;2021.08.17 06:00;4;18,4375;18,375;18,375;511;202;0;
9963;2021.08.17 06:15;4;18,375;18,375;18,375;511;202;0;
9964;2021.08.17 06:30;4;18,4375;18,375;18,375;512;202;0;
9965;2021.08.17 06:45;4;18,5;18,375;18,4375;512;202;0;
9966;2021.08.17 07:00;4;18,5625;18,5;18,5;513;202;0;
9967;2021.08.17 07:15;4;18,75;18,625;18,75;514;202;0;
9968;2021.08.17 07:30;4;18,875;18,75;18,875;515;202;0;
9969;2021.08.17 07:45;4;19;18,875;19;516;202;0;
9970;2021.08.17 08:00;4;19,125;19;19,0625;516;202;0;
9971;2021.08.17 08:15;4;19,25;19,125;19,125;516;202;0;
9972;2021.08.17 08:30;4;19,375;19,1875;19,125;516;202;0;
9973;2021.08.17 08:45;4;19,5;19,375;19,3125;517;202;0;
9974;2021.08.17 09:00;4;19,75;19,5625;19,5625;518;202;0;
9975;2021.08.17 09:15;4;20;19,75;19,75;519;202;0;
9976;2021.08.17 09:30;4;20,25;20;20;520;202;0;
9977;2021.08.17 09:45;4;20,5;20,1875;20,125;520;202;0;
9978;2021.08.17 10:00;4;20,6875;20,375;20,375;521;202;0;
9979;2021.08.17 10:15;4;20,875;20,625;20,625;522;202;0;
9980;2021.08.17 10:30;4;21,125;20,8125;20,75;523;202;0;
9981;2021.08.17 10:45;4;21,4375;21,0625;21;524;202;0;
9982;2021.08.17 11:00;4;21,875;21,4375;21,5;526;202;0;
9983;2021.08.17 11:15;4;22,1875;21,8125;21,875;527;202;0;
9984;2021.08.17 11:30;4;22,5;22,125;22,125;528;202;0;
9985;2021.08.17 11:45;4;22,8125;22,4375;22,375;529;202;0;
9986;2021.08.17 12:00;4;23;22,625;22,4375;529;202;0;
9987;2021.08.17 12:15;4;23,125;22,75;22,5;530;202;0;
9988;2021.08.17 12:30;4;23,25;22,875;22,625;530;202;0;
9989;2021.08.17 12:45;4;23,375;23,0625;22,75;530;202;0;
9990;2021.08.17 13:00;4;23,75;23,375;23,125;532;202;0;
9991;2021.08.17 13:15;4;24,125;23,625;23,5;533;202;0;
9992;2021.08.17 13:30;4;24,375;24;23,75;534;202;0;
9993;2021.08.17 13:45;4;24,75;24,25;24;535;202;0;
9994;2021.08.17 14:00;4;25;24,5625;24,25;535;202;0;
9995;2021.08.17 14:15;4;25,125;24,75;24,375;535;202;0;
9996;2021.08.17 14:30;4;25,1875;24,875;24,375;535;202;0;
9997;2021.08.17 14:45;4;25,125;24,875;24,3125;535;202;0;
9998;2021.08.17 15:00;4;25,125;24,875;24,25;534;202;0;
9999;2021.08.17 15:15;4;25,125;24,875;24,25;534;202;0;
10000;2021.08.17 15:30;4;25,1875;24,875;24,25;534;202;0;
10001;2021.08.17 15:45;4;25,25;25;24,375;534;202;0;
10002;2021.08.17 16:00;4;25,4375;25,125;24,5625;535;202;0;
10003;2021.08.17 16:15;4;25,5;25,25;24,625;535;202;0;
10004;2021.08.17 16:30;4;25,5;25,25;24,75;535;202;0;
10005;2021.08.17 16:45;4;25,5;25,25;24,75;535;202;0;
10006;2021.08.17 17:00;4;25,4375;25,25;24,75;534;202;0;
10007;2021.08.17 17:15;4;25,25;25,125;24,5625;533;202;0;
10008;2021.08.17 17:30;4;25;24,9375;24,375;532;202;0;
10009;2021.08.17 17:45;4;24,75;24,6875;24,125;531;202;0;
10010;2021.08.17 18:00;4;24,4375;24,4375;23,875;529;202;0;
10011;2021.08.17 18:15;4;24,125;24,125;23,625;528;202;0;
10012;2021.08.17 18:30;4;23,75;23,875;23,3125;527;202;0;
10013;2021.08.17 18:45;4;23,5;23,5;23;525;202;0;
10014;2021.08.17 19:00;4;23,125;23,1875;22,75;523;202;0;
10015;2021.08.17 19:15;4;22,75;22,875;22,375;522;202;0;
10016;2021.08.17 19:30;4;22,5;22,5;22,125;520;202;0;
10017;2021.08.17 19:45;4;22,125;22,25;21,9375;519;202;0;
10018;2021.08.17 20:00;4;21,875;22;21,6875;518;202;0;
10019;2021.08.17 20:15;4;21,5625;21,6875;21,4375;517;202;0;
10020;2021.08.17 20:30;4;21,3125;21,375;21,1875;515;202;0;
10021;2021.08.17 20:45;4;21,0625;21,125;20,9375;514;202;0;
10022;2021.08.17 21:00;4;20,875;21;20,75;513;202;0;
10023;2021.08.17 21:15;4;20,75;20,75;20,625;512;202;0;
10024;2021.08.17 21:30;4;20,625;20,625;20,5;511;202;0;
10025;2021.08.17 21:45;4;20,4375;20,5;20,375;511;202;0;
10026;2021.08.17 22:00;4;20,25;20,3125;20,25;510;202;0;
10027;2021.08.17 22:15;4;20,125;20,125;20,0625;509;202;0;
10028;2021.08.17 22:30;4;20;20;19,875;509;202;0;
10029;2021.08.17 22:45;4;19,875;19,875;19,8125;509;202;0;
10030;2021.08.17 23:00;4;19,75;19,75;19,75;509;202;0;
10031;2021.08.17 23:15;4;19,6875;19,6875;19,6875;508;202;0;
10032;2021.08.17 23:30;4;19,5625;19,5625;19,5625;508;202;0;
10033;2021.08.17 23:45;4;19,4375;19,5;19,4375;507;202;0;
10034;2021.08.18 00:00;4;19,25;19,3125;19,25;507;202;0;
10035;2021.08.18 00:15;4;19,125;19,125;19,125;506;202;0;
10036;2021.08.18 00:30;4;18,9375;19;18,9375;505;202;0;
10037;2021.08.18 00:45;4;18,75;18,75;18,75;505;202;0;
10038;2021.08.18 01:00;4;18,5625;18,625;18,625;504;202;0;
10039;2021.08.18 01:15;4;18,375;18,4375;18,375;503;202;0;
10040;2021.08.18 01:30;4;18,25;18,3125;18,25;503;202;0;
10041;2021.08.18 01:45;4;18,125;18,125;18,125;502;202;0;
10042;2021.08.18 02:00;4;18;18,0625;18,0625;502;202;0;
10043;2021.08.18 02:15;4;17,9375;17,9375;18;502;202;0;
10044;2021.08.18 02:30;4;17,875;17,875;17,875;501;202;0;
10045;2021.08.18 02:45;4;17,8125;17,8125;17,875;501;202;0;
10046;2021.08.18 03:00;4;17,75;17,75;17,8125;501;202;0;
10047;2021.08.18 03:15;4;17,625;17,625;17,75;501;202;0;
10048;2021.08.18 03:30;4;17,5625;17,5625;17,625;500;202;0;
10049;2021.08.18 03:45;4;17,5;17,5;17,5;501;202;0;
10050;2021.08.18 04:00;4;17,375;17,375;17,4375;500;202;0;
10051;2021.08.18 04:15;4;17,1875;17,1875;17,25;500;202;0;
10052;2021.08.18 04:30;4;17;17;17,125;499;202;0;
10053;2021.08.18 04:45;4;16,875;16,875;16,875;499;202;0;
10054;2021.08.18 05:00;4;16,625;16,6875;16,75;499;202;0;
10055;2021.08.18 05:15;4;16,5;16,5;16,625;498;202;0;
10056;2021.08.18 05:30;4;16,375;16,4375;16,5;498;202;0;
10057;2021.08.18 05:45;4;16,375;16,375;16,5;499;202;0;
10058;2021.08.18 06:00;4;16,375;16,3125;16,5;499;202;0;
10059;2021.08.18 06:15;4;16,375;16,3125;16,5;500;202;0;
10060;2021.08.18 06:30;4;16,375;16,375;16,5;501;202;0;
10061;2021.08.18 06:45;4;16,5;16,375;16,5625;501;202;0;
10062;2021.08.18 07:00;4;16,625;16,5;16,625;502;202;0;
10063;2021.08.18 07:15;4;16,75;16,625;16,75;503;202;0;
10064;2021.08.18 07:30;4;17;16,75;17;504;202;0;
10065;2021.08.18 07:45;4;17,25;17;17,25;506;202;0;
10066;2021.08.18 08:00;4;17,625;17,375;17,625;508;202;0;
10067;2021.08.18 08:15;4;18;17,6875;18;510;202;0;
10068;2021.08.18 08:30;4;18,375;18,125;18,375;511;202;0;
10069;2021.08.18 08:45;4;18,8125;18,4375;18,6875;513;202;0;
10070;2021.08.18 09:00;4;19,1875;18,875;19,0625;514;202;0;
10071;2021.08.18 09:15;4;19,5625;19,1875;19,375;516;202;0;
10072;2021.08.18 09:30;4;20;19,5625;19,75;518;202;0;
10073;2021.08.18 09:45;4;20,4375;20;20,125;519;202;0;
10074;2021.08.18 10:00;4;20,875;20,375;20,5625;521;202;0;
10075;2021.08.18 10:15;4;21,25;20,8125;20,875;523;202;0;
10076;2021.08.18 10:30;4;21,8125;21,25;21,375;525;202;0;
10077;2021.08.18 10:45;4;22,375;21,8125;22;527;202;0;
10078;2021.08.18 11:00;4;22,875;22,375;22,4375;529;202;0;
10079;2021.08.18 11:15;4;23,3125;22,8125;22,875;530;202;0;
10080;2021.08.18 11:30;4;23,75;23,25;23,125;532;202;0;
10081;2021.08.18 11:45;4;24,125;23,625;23,5;533;202;0;
10082;2021.08.18 12:00;4;24,5;24;23,8125;534;202;0;
10083;2021.08.18 12:15;4;24,875;24,375;24,125;535;202;0;
10084;2021.08.18 12:30;4;25,1875;24,6875;24,375;536;202;0;
10085;2021.08.18 12:45;4;25,5;25;24,625;538;202;0;
10086;2021.08.18 13:00;4;25,875;25,375;25;539;202;0;
10087;2021.08.18 13:15;4;26,25;25,75;25,375;540;202;0;
10088;2021.08.18 13:30;4;26,5625;26;25,6875;541;202;0;
10089;2021.08.18 13:45;4;26,8125;26,3125;25,875;542;202;0;
10090;2021.08.18 14:00;4;27;26,5;26,0625;542;202;0;
10091;2021.08.18 14:15;4;27,125;26,6875;26,125;542;202;0;
10092;2021.08.18 14:30;4;27,25;26,8125;26,1875;543;202;0;
10093;2021.08.18 14:45;4;27,25;26,875;26,125;542;202;0;
10094;2021.08.18 15:00;4;27,125;26,875;26,125;542;202;0;
10095;2021.08.18 15:15;4;27,125;26,8125;26,125;541;202;0;
10096;2021.08.18 15:30;4;27,0625;26,75;26,125;541;202;0;
10097;2021.08.18 15:45;4;27;26,75;26,125;540;202;0;
10098;2021.08.18 16:00;4;26,9375;26,6875;26,125;540;202;0;
10099;2021.08.18 16:15;4;26,875;26,625;26,125;540;202;0;
10100;2021.08.18 16:30;4;26,875;26,625;26,125;540;202;0;
10101;2021.08.18 16:45;4;26,75;26,625;26,125;540;202;0;
10102;2021.08.18 17:00;4;26,75;26,5625;26,0625;540;202;0;
10103;2021.08.18 17:15;4;26,625;26,5;26;539;202;0;
10104;2021.08.18 17:30;4;26,375;26,375;25,8125;538;202;0;
10105;2021.08.18 17:45;4;26,1875;26,125;25,625;537;202;0;
10106;2021.08.18 18:00;4;25,9375;25,9375;25,375;536;202;0;
10107;2021.08.18 18:15;4;25,625;25,6875;25,125;535;202;0;
10108;2021.08.18 18:30;4;25,4375;25,5;25;534;202;0;
10109;2021.08.18 18:45;4;25,25;25,25;24,75;533;202;0;
10110;2021.08.18 19:00;4;25;25;24,5625;532;202;0;
10111;2021.08.18 19:15;4;24,75;24,75;24,375;531;202;0;
10112;2021.08.18 19:30;4;24,5;24,5;24,125;530;202;0;
10113;2021.08.18 19:45;4;24,25;24,25;24;529;202;0;
10114;2021.08.18 20:00;4;24;24,0625;23,75;528;202;0;
10115;2021.08.18 20:15;4;23,6875;23,75;23,5;527;202;0;
10116;2021.08.18 20:30;4;23,4375;23,5;23,25;526;202;0;
10117;2021.08.18 20:45;4;23,1875;23,25;23;525;202;0;
10118;2021.08.18 21:00;4;22,9375;23;22,75;525;202;0;
10119;2021.08.18 21:15;4;22,75;22,75;22,5625;524;202;0;
10120;2021.08.18 21:30;4;22,5;22,5625;22,375;523;202;0;
10121;2021.08.18 21:45;4;22,3125;22,375;22,25;523;202;0;
10122;2021.08.18 22:00;4;22,125;22,125;22,0625;522;202;0;
10123;2021.08.18 22:15;4;22;22;22;522;202;0;
10124;2021.08.18 22:30;4;21,875;21,875;21,875;522;202;0;
10125;2021.08.18 22:45;4;21,8125;21,875;21,875;522;202;0;
10126;2021.08.18 23:00;4;21,75;21,75;21,75;522;202;0;
10127;2021.08.18 23:15;4;21,625;21,625;21,6875;522;202;0;
10128;2021.08.18 23:30;4;21,5625;21,5625;21,625;522;202;0;
10129;2021.08.18 23:45;4;21,5;21,5;21,5625;522;202;0;
10130;2021.08.19 00:00;4;21,375;21,375;21,5;522;202;0;
10131;2021.08.19 00:15;4;21,3125;21,3125;21,375;522;202;0;
10132;2021.08.19 00:30;4;21,25;21,25;21,25;522;202;0;
10133;2021.08.19 00:45;4;21,125;21,125;21,25;522;202;0;
10134;2021.08.19 01:00;4;21,0625;21,0625;21,125;521;202;0;
10135;2021.08.19 01:15;4;21;21;21;521;202;0;
10136;2021.08.19 01:30;4;20,9375;20,875;21;521;202;0;
10137;2021.08.19 01:45;4;20,875;20,875;20,875;521;202;0;
10138;2021.08.19 02:00;4;20,75;20,75;20,75;521;202;0;
10139;2021.08.19 02:15;4;20,6875;20,6875;20,6875;521;202;0;
10140;2021.08.19 02:30;4;20,625;20,625;20,625;521;202;0;
10141;2021.08.19 02:45;4;20,625;20,625;20,625;521;202;0;
10142;2021.08.19 03:00;4;20,5625;20,5;20,625;521;202;0;
10143;2021.08.19 03:15;4;20,5;20,5;20,5;521;202;0;
10144;2021.08.19 03:30;4;20,5;20,4375;20,5;521;202;0;
10145;2021.08.19 03:45;4;20,4375;20,375;20,5;521;202;0;
10146;2021.08.19 04:00;4;20,375;20,375;20,375;521;202;0;
10147;2021.08.19 04:15;4;20,25;20,25;20,3125;521;202;0;
10148;2021.08.19 04:30;4;20,25;20,25;20,25;521;202;0;
10149;2021.08.19 04:45;4;20,1875;20,125;20,25;521;202;0;
10150;2021.08.19 05:00;4;20,125;20,125;20,125;521;202;0;
10151;2021.08.19 05:15;4;20,125;20,0625;20,125;520;202;0;
10152;2021.08.19 05:30;4;20,0625;20;20,125;521;202;0;
10153;2021.08.19 05:45;4;20;20;20,0625;521;202;0;
10154;2021.08.19 06:00;4;20;20;20,0625;521;202;0;
10155;2021.08.19 06:15;4;20;20;20;521;202;0;
10156;2021.08.19 06:30;4;20;19,9375;20;521;202;0;
10157;2021.08.19 06:45;4;20;20;20;521;202;0;
10158;2021.08.19 07:00;4;20;20;20;521;202;0;
10159;2021.08.19 07:15;4;20;20;20;522;202;0;
10160;2021.08.19 07:30;4;20,0625;20;20;522;202;0;
10161;2021.08.19 07:45;4;20,125;20;20;522;202;0;
10162;2021.08.19 08:00;4;20,125;20;20;522;202;0;
10163;2021.08.19 08:15;4;20,25;20,125;20,0625;523;202;0;
10164;2021.08.19 08:30;4;20,25;20,125;20,125;523;202;0;
10165;2021.08.19 08:45;4;20,375;20,25;20,25;524;202;0;
10166;2021.08.19 09:00;4;20,5;20,375;20,3125;524;202;0;
10167;2021.08.19 09:15;4;20,75;20,5;20,5;525;202;0;
10168;2021.08.19 09:30;4;21;20,75;20,75;526;202;0;
10169;2021.08.19 09:45;4;21,25;21;21;528;202;0;
10170;2021.08.19 10:00;4;21,625;21,3125;21,375;529;202;0;
10171;2021.08.19 10:15;4;21,875;21,625;21,5625;530;202;0;
10172;2021.08.19 10:30;4;22,125;21,8125;21,625;531;202;0;
10173;2021.08.19 10:45;4;22,25;22;21,75;531;202;0;
10174;2021.08.19 11:00;4;22,375;22,125;21,875;532;202;0;
10175;2021.08.19 11:15;4;22,5625;22,25;22;533;202;0;
10176;2021.08.19 11:30;4;22,6875;22,375;22,125;533;202;0;
10177;2021.08.19 11:45;4;22,875;22,5625;22,25;534;202;0;
10178;2021.08.19 12:00;4;23,1875;22,875;22,5625;535;202;0;
10179;2021.08.19 12:15;4;23,5625;23,125;22,9375;537;202;0;
10180;2021.08.19 12:30;4;23,9375;23,5;23,3125;538;202;0;
10181;2021.08.19 12:45;4;24,25;23,8125;23,5;539;202;0;
10182;2021.08.19 13:00;4;24,375;24;23,6875;539;202;0;
10183;2021.08.19 13:15;4;24,5;24,1875;23,75;540;202;0;
10184;2021.08.19 13:30;4;24,625;24,375;23,875;540;202;0;
10185;2021.08.19 13:45;4;24,75;24,4375;24;540;202;0;
10186;2021.08.19 14:00;4;24,875;24,5625;24,0625;540;202;0;
10187;2021.08.19 14:15;4;25;24,6875;24,1875;541;202;0;
10188;2021.08.19 14:30;4;25,1875;24,875;24,375;541;202;0;
10189;2021.08.19 14:45;4;25,375;25;24,5;542;202;0;
10190;2021.08.19 15:00;4;25,5;25,125;24,625;543;202;0;
10191;2021.08.19 15:15;4;25,5;25,25;24,6875;542;202;0;
10192;2021.08.19 15:30;4;25,5;25,25;24,625;542;202;0;
10193;2021.08.19 15:45;4;25,5;25,25;24,6875;542;202;0;
10194;2021.08.19 16:00;4;25,5;25,25;24,75;542;202;0;
10195;2021.08.19 16:15;4;25,625;25,375;24,75;543;202;0;
10196;2021.08.19 16:30;4;25,625;25,375;24,875;543;202;0;
10197;2021.08.19 16:45;4;25,625;25,375;24,875;543;202;0;
10198;2021.08.19 17:00;4;25,625;25,375;24,875;542;202;0;
10199;2021.08.19 17:15;4;25,5;25,375;24,8125;542;202;0;
10200;2021.08.19 17:30;4;25,3125;25,1875;24,625;541;202;0;
10201;2021.08.19 17:45;4;25,125;25;24,5;540;202;0;
10202;2021.08.19 18:00;4;24,875;24,75;24,3125;539;202;0;
10203;2021.08.19 18:15;4;24,5;24,5;24,0625;538;202;0;
10204;2021.08.19 18:30;4;24,25;24,25;23,8125;537;202;0;
10205;2021.08.19 18:45;4;23,875;23,875;23,5;535;202;0;
10206;2021.08.19 19:00;4;23,5625;23,625;23,25;534;202;0;
10207;2021.08.19 19:15;4;23,25;23,25;22,9375;533;202;0;
10208;2021.08.19 19:30;4;22,875;22,9375;22,625;532;202;0;
10209;2021.08.19 19:45;4;22,625;22,625;22,375;530;202;0;
10210;2021.08.19 20:00;4;22,375;22,375;22,125;529;202;0;
10211;2021.08.19 20:15;4;22,0625;22,0625;21,875;528;202;0;
10212;2021.08.19 20:30;4;21,8125;21,875;21,625;528;202;0;
10213;2021.08.19 20:45;4;21,625;21,625;21,5;527;202;0;
10214;2021.08.19 21:00;4;21,5;21,5;21,375;527;202;0;
10215;2021.08.19 21:15;4;21,4375;21,375;21,375;527;202;0;
10216;2021.08.19 21:30;4;21,375;21,3125;21,25;527;202;0;
10217;2021.08.19 21:45;4;21,25;21,1875;21,125;527;202;0;
10218;2021.08.19 22:00;4;21,125;21,0625;21;527;202;0;
10219;2021.08.19 22:15;4;20,875;20,875;20,875;526;202;0;
10220;2021.08.19 22:30;4;20,75;20,75;20,6875;526;202;0;
10221;2021.08.19 22:45;4;20,5625;20,5625;20,5;525;202;0;
10222;2021.08.19 23:00;4;20,375;20,375;20,375;525;202;0;
10223;2021.08.19 23:15;4;20,25;20,25;20,1875;524;202;0;
10224;2021.08.19 23:30;4;20,0625;20,0625;20;523;202;0;
10225;2021.08.19 23:45;4;19,875;19,9375;19,875;523;202;0;
10226;2021.08.20 00:00;4;19,75;19,75;19,75;523;202;0;
10227;2021.08.20 00:15;4;19,625;19,625;19,625;522;202;0;
10228;2021.08.20 00:30;4;19,4375;19,5;19,5;521;202;0;
10229;2021.08.20 00:45;4;19,25;19,25;19,25;520;202;0;
10230;2021.08.20 01:00;4;19,125;19,125;19,125;520;202;0;
10231;2021.08.20 01:15;4;19;19;19;519;202;0;
10232;2021.08.20 01:30;4;18,8125;18,875;18,875;519;202;0;
10233;2021.08.20 01:45;4;18,6875;18,6875;18,75;519;202;0;
10234;2021.08.20 02:00;4;18,625;18,5625;18,625;519;202;0;
10235;2021.08.20 02:15;4;18,5;18,5;18,5;518;202;0;
10236;2021.08.20 02:30;4;18,3125;18,3125;18,375;518;202;0;
10237;2021.08.20 02:45;4;18,125;18,1875;18,25;517;202;0;
10238;2021.08.20 03:00;4;18;18;18,125;517;202;0;
10239;2021.08.20 03:15;4;17,9375;17,875;18;517;202;0;
10240;2021.08.20 03:30;4;17,875;17,875;17,9375;517;202;0;
10241;2021.08.20 03:45;4;17,875;17,875;17,9375;517;202;0;
10242;2021.08.20 04:00;4;17,75;17,75;17,875;517;202;0;
10243;2021.08.20 04:15;4;17,75;17,6875;17,8125;517;202;0;
10244;2021.08.20 04:30;4;17,6875;17,625;17,75;518;202;0;
10245;2021.08.20 04:45;4;17,625;17,625;17,75;518;202;0;
10246;2021.08.20 05:00;4;17,5;17,5;17,625;518;202;0;
10247;2021.08.20 05:15;4;17,5;17,5;17,625;518;202;0;
10248;2021.08.20 05:30;4;17,5;17,4375;17,5625;518;202;0;
10249;2021.08.20 05:45;4;17,5;17,5;17,625;519;202;0;
10250;2021.08.20 06:00;4;17,625;17,5;17,625;520;202;0;
10251;2021.08.20 06:15;4;17,6875;17,625;17,75;521;202;0;
10252;2021.08.20 06:30;4;17,8125;17,625;17,8125;522;202;0;
10253;2021.08.20 06:45;4;17,9375;17,75;17,9375;523;202;0;
10254;2021.08.20 07:00;4;18,125;17,875;18,0625;524;202;0;
10255;2021.08.20 07:15;4;18,25;18;18,1875;525;202;0;
10256;2021.08.20 07:30;4;18,4375;18,25;18,375;526;202;0;
10257;2021.08.20 07:45;4;18,625;18,4375;18,5625;527;202;0;
10258;2021.08.20 08:00;4;18,875;18,625;18,75;528;202;0;
10259;2021.08.20 08:15;4;19,125;18,875;19;529;202;0;
10260;2021.08.20 08:30;4;19,5;19,125;19,3125;531;202;0;
10261;2021.08.20 08:45;4;19,875;19,5;19,6875;533;202;0;
10262;2021.08.20 09:00;4;20,375;19,9375;20,1875;536;202;0;
10263;2021.08.20 09:15;4;20,875;20,4375;20,6875;538;202;0;
10264;2021.08.20 09:30;4;21,375;20,875;21,125;540;202;0;
10265;2021.08.20 09:45;4;21,8125;21,375;21,625;541;202;0;
10266;2021.08.20 10:00;4;22,25;21,8125;22;543;202;0;
10267;2021.08.20 10:15;4;22,6875;22,25;22,375;544;202;0;
10268;2021.08.20 10:30;4;23,125;22,6875;22,75;545;202;0;
10269;2021.08.20 10:45;4;23,625;23,125;23,1875;546;202;0;
10270;2021.08.20 11:00;4;24,0625;23,5625;23,625;548;202;0;
10271;2021.08.20 11:15;4;24,5;24;24,0625;550;202;0;
10272;2021.08.20 11:30;4;25;24,5;24,5;551;202;0;
10273;2021.08.20 11:45;4;25,375;24,875;24,875;552;202;0;
10274;2021.08.20 12:00;4;25,875;25,375;25,25;554;202;0;
10275;2021.08.20 12:15;4;26,1875;25,75;25,5625;554;202;0;
10276;2021.08.20 12:30;4;26,625;26,125;25,875;555;202;0;
10277;2021.08.20 12:45;4;26,9375;26,4375;26,125;556;202;0;
10278;2021.08.20 13:00;4;27,25;26,75;26,4375;557;202;0;
10279;2021.08.20 13:15;4;27,625;27,125;26,8125;558;202;0;
10280;2021.08.20 13:30;4;27,9375;27,4375;27,0625;559;202;0;
10281;2021.08.20 13:45;4;28,25;27,75;27,3125;560;202;0;
10282;2021.08.20 14:00;4;28,4375;28;27,5;560;202;0;
10283;2021.08.20 14:15;4;28,625;28,25;27,625;561;202;0;
10284;2021.08.20 14:30;4;28,8125;28,375;27,8125;561;202;0;
10285;2021.08.20 14:45;4;29;28,5625;28;561;202;0;
10286;2021.08.20 15:00;4;29,0625;28,6875;28;561;202;0;
10287;2021.08.20 15:15;4;29,125;28,8125;28,125;561;202;0;
10288;2021.08.20 15:30;4;29,25;28,875;28,25;561;202;0;
10289;2021.08.20 15:45;4;29,25;29;28,25;561;202;0;
10290;2021.08.20 16:00;4;29,375;29;28,375;561;202;0;
10291;2021.08.20 16:15;4;29,375;29,125;28,4375;561;202;0;
10292;2021.08.20 16:30;4;29,375;29,125;28,375;560;202;0;
10293;2021.08.20 16:45;4;29,25;29,0625;28,375;560;202;0;
10294;2021.08.20 17:00;4;29,125;29;28,3125;559;202;0;
10295;2021.08.20 17:15;4;28,875;28,8125;28,125;558;202;0;
10296;2021.08.20 17:30;4;28,5625;28,5;27,8125;556;202;0;
10297;2021.08.20 17:45;4;28,1875;28,1875;27,5;555;202;0;
10298;2021.08.20 18:00;4;27,75;27,8125;27,125;552;202;0;
10299;2021.08.20 18:15;4;27,375;27,375;26,75;551;202;0;
10300;2021.08.20 18:30;4;26,875;27;26,4375;549;202;0;
10301;2021.08.20 18:45;4;26,5;26,625;26,0625;547;202;0;
10302;2021.08.20 19:00;4;26,0625;26,125;25,625;545;202;0;
10303;2021.08.20 19:15;4;25,625;25,75;25,3125;543;202;0;
10304;2021.08.20 19:30;4;25,25;25,375;25;541;202;0;
10305;2021.08.20 19:45;4;24,875;25;24,625;540;202;0;
10306;2021.08.20 20:00;4;24,5;24,625;24,3125;538;202;0;
10307;2021.08.20 20:15;4;24,125;24,25;24;537;202;0;
10308;2021.08.20 20:30;4;23,875;23,9375;23,75;536;202;0;
10309;2021.08.20 20:45;4;23,5;23,625;23,5;535;202;0;
10310;2021.08.20 21:00;4;23,25;23,375;23,25;534;202;0;
10311;2021.08.20 21:15;4;22,9375;23,0625;23;532;202;0;
10312;2021.08.20 21:30;4;22,75;22,8125;22,75;532;202;0;
10313;2021.08.20 21:45;4;22,5;22,5625;22,5;531;202;0;
10314;2021.08.20 22:00;4;22,25;22,3125;22,3125;530;202;0;
10315;2021.08.20 22:15;4;22;22,0625;22,125;529;202;0;
10316;2021.08.20 22:30;4;21,75;21,875;21,875;529;202;0;
10317;2021.08.20 22:45;4;21,5;21,625;21,625;528;202;0;
10318;2021.08.20 23:00;4;21,3125;21,375;21,4375;527;202;0;
10319;2021.08.20 23:15;4;21,125;21,1875;21,25;527;202;0;
10320;2021.08.20 23:30;4;20,875;20,9375;21;526;202;0;
10321;2021.08.20 23:45;4;20,625;20,75;20,75;525;202;0;
10322;2021.08.21 00:00;4;20,5;20,5;20,625;525;202;0;
10323;2021.08.21 00:15;4;20,25;20,3125;20,375;524;202;0;
10324;2021.08.21 00:30;4;20,125;20,125;20,1875;524;202;0;
10325;2021.08.21 00:45;4;19,875;19,9375;20;523;202;0;
10326;2021.08.21 01:00;4;19,75;19,75;19,8125;523;202;0;
10327;2021.08.21 01:15;4;19,625;19,625;19,6875;523;202;0;
10328;2021.08.21 01:30;4;19,4375;19,5;19,625;522;202;0;
10329;2021.08.21 01:45;4;19,25;19,3125;19,4375;522;202;0;
10330;2021.08.21 02:00;4;19,1875;19,25;19,375;522;202;0;
10331;2021.08.21 02:15;4;19;19;19,1875;521;202;0;
10332;2021.08.21 02:30;4;18,875;18,875;19;521;202;0;
10333;2021.08.21 02:45;4;18,75;18,75;18,9375;521;202;0;
10334;2021.08.21 03:00;4;18,625;18,625;18,75;520;202;0;
10335;2021.08.21 03:15;4;18,5;18,5;18,625;520;202;0;
10336;2021.08.21 03:30;4;18,3125;18,375;18,5;520;202;0;
10337;2021.08.21 03:45;4;18,25;18,25;18,375;519;202;0;
10338;2021.08.21 04:00;4;18,0625;18,125;18,25;519;202;0;
10339;2021.08.21 04:15;4;18;18;18,125;519;202;0;
10340;2021.08.21 04:30;4;17,8125;17,875;18;519;202;0;
10341;2021.08.21 04:45;4;17,75;17,75;17,875;519;202;0;
10342;2021.08.21 05:00;4;17,625;17,625;17,8125;518;202;0;
10343;2021.08.21 05:15;4;17,5;17,5;17,75;518;202;0;
10344;2021.08.21 05:30;4;17,4375;17,4375;17,625;518;202;0;
10345;2021.08.21 05:45;4;17,375;17,375;17,625;519;202;0;
10346;2021.08.21 06:00;4;17,4375;17,375;17,625;519;202;0;
10347;2021.08.21 06:15;4;17,5;17,4375;17,625;521;202;0;
10348;2021.08.21 06:30;4;17,625;17,5;17,75;522;202;0;
10349;2021.08.21 06:45;4;17,75;17,625;17,8125;523;202;0;
10350;2021.08.21 07:00;4;17,875;17,75;18;525;202;0;
10351;2021.08.21 07:15;4;18,125;17,875;18,125;526;202;0;
10352;2021.08.21 07:30;4;18,3125;18,125;18,375;527;202;0;
10353;2021.08.21 07:45;4;18,5;18,3125;18,5625;529;202;0;
10354;2021.08.21 08:00;4;18,8125;18,5625;18,8125;530;202;0;
10355;2021.08.21 08:15;4;19,125;18,875;19,125;532;202;0;
10356;2021.08.21 08:30;4;19,5;19,125;19,5;534;202;0;
10357;2021.08.21 08:45;4;19,9375;19,5625;19,875;536;202;0;
10358;2021.08.21 09:00;4;20,375;20;20,3125;537;202;0;
10359;2021.08.21 09:15;4;20,8125;20,375;20,75;539;202;0;
10360;2021.08.21 09:30;4;21,375;20,875;21,25;542;202;0;
10361;2021.08.21 09:45;4;21,875;21,375;21,75;544;202;0;
10362;2021.08.21 10:00;4;22,25;21,875;22,1875;545;202;0;
10363;2021.08.21 10:15;4;22,875;22,375;22,625;547;202;0;
10364;2021.08.21 10:30;4;23,5;22,875;23,1875;550;202;0;
10365;2021.08.21 10:45;4;24,125;23,5;23,8125;552;202;0;
10366;2021.08.21 11:00;4;24,6875;24,125;24,375;554;202;0;
10367;2021.08.21 11:15;4;25,25;24,6875;24,875;555;202;0;
10368;2021.08.21 11:30;4;25,875;25,3125;25,5;557;202;0;
10369;2021.08.21 11:45;4;26,5;25,875;26;558;202;0;
10370;2021.08.21 12:00;4;27;26,4375;26,5;560;202;0;
10371;2021.08.21 12:15;4;27,5;26,9375;26,9375;561;202;0;
10372;2021.08.21 12:30;4;28;27,375;27,375;562;202;0;
10373;2021.08.21 12:45;4;28,5;27,875;27,75;563;202;0;
10374;2021.08.21 13:00;4;28,8125;28,25;28,125;564;202;0;
10375;2021.08.21 13:15;4;29,125;28,625;28,375;564;202;0;
10376;2021.08.21 13:30;4;29,4375;29;28,625;565;202;0;
10377;2021.08.21 13:45;4;29,75;29,25;28,875;565;202;0;
10378;2021.08.21 14:00;4;30;29,5;29;565;202;0;
10379;2021.08.21 14:15;4;29,5625;29,625;29,25;567;202;0;
10380;2021.08.21 14:30;4;29,5;29,625;29,5;568;202;0;
10381;2021.08.21 14:45;4;29,5;29,75;29,5;569;202;0;
10382;2021.08.21 15:00;4;29,5;29,75;29,6875;569;202;0;
10383;2021.08.21 15:15;4;29,625;29,875;29,875;570;202;0;
10384;2021.08.21 15:30;4;29,75;30;30;570;202;0;
10385;2021.08.21 15:45;4;29,8125;30,125;30,125;570;202;0;
10386;2021.08.21 16:00;4;29,875;30,125;30,125;570;202;0;
10387;2021.08.21 16:15;4;29,9375;30,1875;30,125;570;202;0;
10388;2021.08.21 16:30;4;30;30,25;30,1875;570;202;0;
10389;2021.08.21 16:45;4;30;30,1875;29,9375;570;202;0;
10390;2021.08.21 17:00;4;30;30,125;29,75;569;202;0;
10391;2021.08.21 17:15;4;29,875;29,875;29,5;568;202;0;
10392;2021.08.21 17:30;4;29,75;29,75;29,1875;567;202;0;
10393;2021.08.21 17:45;4;29,625;29,5;28,8125;566;202;0;
10394;2021.08.21 18:00;4;29,375;29,25;28,5;564;202;0;
10395;2021.08.21 18:15;4;29,1875;29;28,25;562;202;0;
10396;2021.08.21 18:30;4;29;28,75;28;561;202;0;
10397;2021.08.21 18:45;4;28,75;28,4375;27,6875;559;202;0;
10398;2021.08.21 19:00;4;28,5;28,125;27,3125;558;202;0;
10399;2021.08.21 19:15;4;28,1875;27,75;27;556;202;0;
10400;2021.08.21 19:30;4;27,875;27,4375;26,625;554;202;0;
10401;2021.08.21 19:45;4;27,625;27,125;26,375;552;202;0;
10402;2021.08.21 20:00;4;27,375;26,75;26;550;202;0;
10403;2021.08.21 20:15;4;27,0625;26,5;25,75;549;202;0;
10404;2021.08.21 20:30;4;26,75;26,1875;25,4375;547;202;0;
10405;2021.08.21 20:45;4;26,5;25,875;25,125;546;202;0;
10406;2021.08.21 21:00;4;26,25;25,625;24,875;545;202;0;
10407;2021.08.21 21:15;4;26;25,375;24,8125;544;202;0;
10408;2021.08.21 21:30;4;25,75;25,25;24,625;543;202;0;
10409;2021.08.21 21:45;4;25,5625;25;24,5;542;202;0;
10410;2021.08.21 22:00;4;25,375;24,8125;24,25;541;202;0;
10411;2021.08.21 22:15;4;25,125;24,625;24,1875;540;202;0;
10412;2021.08.21 22:30;4;25;24,5;23,9375;539;202;0;
10413;2021.08.21 22:45;4;24,75;24,25;23,75;538;202;0;
10414;2021.08.21 23:00;4;24,5;24;23,5;537;202;0;
10415;2021.08.21 23:15;4;24,375;23,8125;23,25;536;202;0;
10416;2021.08.21 23:30;4;24,125;23,625;23,125;536;202;0;
10417;2021.08.21 23:45;4;23,9375;23,5;23;535;202;0;
10418;2021.08.22 00:00;4;23,75;23,3125;22,875;534;202;0;
10419;2021.08.22 00:15;4;23,625;23,1875;22,75;534;202;0;
10420;2021.08.22 00:30;4;23,5;23;22,625;533;202;0;
10421;2021.08.22 00:45;4;23,375;22,9375;22,625;533;202;0;
10422;2021.08.22 01:00;4;23,25;22,875;22,5625;533;202;0;
10423;2021.08.22 01:15;4;23,125;22,75;22,5;533;202;0;
10424;2021.08.22 01:30;4;23;22,625;22,375;533;202;0;
10425;2021.08.22 01:45;4;22,875;22,5625;22,3125;532;202;0;
10426;2021.08.22 02:00;4;22,8125;22,5;22,25;532;202;0;
10427;2021.08.22 02:15;4;22,75;22,375;22,125;532;202;0;
10428;2021.08.22 02:30;4;22,625;22,25;22;532;202;0;
10429;2021.08.22 02:45;4;22,5;22,125;21,75;531;202;0;
10430;2021.08.22 03:00;4;22,375;21,9375;21,625;531;202;0;
10431;2021.08.22 03:15;4;22,25;21,75;21,375;530;202;0;
10432;2021.08.22 03:30;4;22,0625;21,625;21,3125;530;202;0;
10433;2021.08.22 03:45;4;21,9375;21,5;21,125;529;202;0;
10434;2021.08.22 04:00;4;21,75;21,375;21;528;202;0;
10435;2021.08.22 04:15;4;21,625;21,125;20,75;528;202;0;
10436;2021.08.22 04:30;4;21,4375;21;20,625;527;202;0;
10437;2021.08.22 04:45;4;21,3125;20,875;20,5;527;202;0;
10438;2021.08.22 05:00;4;21,1875;20,75;20,4375;526;202;0;
10439;2021.08.22 05:15;4;21,0625;20,6875;20,375;526;202;0;
10440;2021.08.22 05:30;4;21;20,625;20,375;526;202;0;
10441;2021.08.22 05:45;4;20,875;20,625;20,375;526;202;0;
10442;2021.08.22 06:00;4;20,875;20,5625;20,375;526;202;0;
10443;2021.08.22 06:15;4;20,875;20,5625;20,5;527;202;0;
10444;2021.08.22 06:30;4;20,875;20,625;20,5;527;202;0;
10445;2021.08.22 06:45;4;20,875;20,625;20,625;527;202;0;
10446;2021.08.22 07:00;4;20,875;20,6875;20,75;528;202;0;
10447;2021.08.22 07:15;4;20,9375;20,75;20,75;529;202;0;
10448;2021.08.22 07:30;4;21;20,875;20,875;530;202;0;
10449;2021.08.22 07:45;4;21,0625;20,9375;21;530;202;0;
10450;2021.08.22 08:00;4;21,125;21,0625;21,25;532;202;0;
10451;2021.08.22 08:15;4;21,3125;21,25;21,5;533;202;0;
10452;2021.08.22 08:30;4;21,5;21,5;21,75;534;202;0;
10453;2021.08.22 08:45;4;21,625;21,6875;22,0625;536;202;0;
10454;2021.08.22 09:00;4;21,875;22;22,375;537;202;0;
10455;2021.08.22 09:15;4;22,125;22,25;22,75;539;202;0;
10456;2021.08.22 09:30;4;22,375;22,625;23,25;541;202;0;
10457;2021.08.22 09:45;4;22,75;23;23,6875;544;202;0;
10458;2021.08.22 10:00;4;23,0625;23,375;24,125;546;202;0;
10459;2021.08.22 10:15;4;23,4375;23,875;24,625;548;202;0;
10460;2021.08.22 10:30;4;23,8125;24,25;25;551;202;0;
10461;2021.08.22 10:45;4;24,125;24,5625;25,375;553;202;0;
10462;2021.08.22 11:00;4;24,5;24,875;25,5;554;202;0;
10463;2021.08.22 11:15;4;24,75;25,125;25,6875;556;202;0;
10464;2021.08.22 11:30;4;25;25,375;26;557;202;0;
10465;2021.08.22 11:45;4;25,25;25,625;26,1875;559;202;0;
10466;2021.08.22 12:00;4;25,5;25,875;26,4375;560;202;0;
10467;2021.08.22 12:15;4;25,75;26,1875;26,75;561;202;0;
10468;2021.08.22 12:30;4;26,0625;26,5;27;562;202;0;
10469;2021.08.22 12:45;4;26,3125;26,75;27,25;564;202;0;
10470;2021.08.22 13:00;4;26,625;27;27,625;565;202;0;
10471;2021.08.22 13:15;4;26,875;27,25;27,75;566;202;0;
10472;2021.08.22 13:30;4;27,125;27,5;27,9375;567;202;0;
10473;2021.08.22 13:45;4;27,25;27,6875;28,0625;567;202;0;
10474;2021.08.22 14:00;4;27,4375;27,8125;28;568;202;0;
10475;2021.08.22 14:15;4;27,5625;27,875;27,9375;568;202;0;
10476;2021.08.22 14:30;4;27,625;27,875;27,875;568;202;0;
10477;2021.08.22 14:45;4;27,75;28;27,9375;568;202;0;
10478;2021.08.22 15:00;4;27,875;28;28;567;202;0;
10479;2021.08.22 15:15;4;28;28,125;28,125;568;202;0;
10480;2021.08.22 15:30;4;28,125;28,25;28,1875;568;202;0;
10481;2021.08.22 15:45;4;28,25;28,375;28,25;568;202;0;
10482;2021.08.22 16:00;4;28,3125;28,4375;28,375;568;202;0;
10483;2021.08.22 16:15;4;28,375;28,5;28,3125;568;202;0;
10484;2021.08.22 16:30;4;28,375;28,5;28,3125;567;202;0;
10485;2021.08.22 16:45;4;28,375;28,5;28,25;567;202;0;
10486;2021.08.22 17:00;4;28,375;28,375;28,0625;566;202;0;
10487;2021.08.22 17:15;4;28,375;28,25;27,875;565;202;0;
10488;2021.08.22 17:30;4;28,25;28,125;27,5625;564;202;0;
10489;2021.08.22 17:45;4;28,0625;27,875;27,25;563;202;0;
10490;2021.08.22 18:00;4;27,875;27,625;27;561;202;0;
10491;2021.08.22 18:15;4;27,6875;27,375;26,6875;560;202;0;
10492;2021.08.22 18:30;4;27,5;27,1875;26,5;558;202;0;
10493;2021.08.22 18:45;4;27,25;27;26,1875;557;202;0;
10494;2021.08.22 19:00;4;27,0625;26,75;26;555;202;0;
10495;2021.08.22 19:15;4;26,875;26,4375;25,6875;554;202;0;
10496;2021.08.22 19:30;4;26,625;26,125;25,375;552;202;0;
10497;2021.08.22 19:45;4;26,3125;25,8125;25;551;202;0;
10498;2021.08.22 20:00;4;26;25,5;24,625;549;202;0;
10499;2021.08.22 20:15;4;25,75;25,125;24,3125;547;202;0;
10500;2021.08.22 20:30;4;25,4375;24,875;24;546;202;0;
10501;2021.08.22 20:45;4;25,125;24,5625;23,75;545;202;0;
10502;2021.08.22 21:00;4;24,875;24,3125;23,5625;543;202;0;
10503;2021.08.22 21:15;4;24,625;24,0625;23,375;542;202;0;
10504;2021.08.22 21:30;4;24,375;23,875;23,125;541;202;0;
10505;2021.08.22 21:45;4;24,125;23,625;23;540;202;0;
10506;2021.08.22 22:00;4;23,9375;23,4375;22,8125;539;202;0;
10507;2021.08.22 22:15;4;23,75;23,25;22,625;538;202;0;
10508;2021.08.22 22:30;4;23,5625;23,125;22,5;537;202;0;
10509;2021.08.22 22:45;4;23,375;22,9375;22,375;536;202;0;
10510;2021.08.22 23:00;4;23,1875;22,75;22,25;535;202;0;
10511;2021.08.22 23:15;4;23;22,625;22;534;202;0;
10512;2021.08.22 23:30;4;22,875;22,4375;21,9375;533;202;0;
10513;2021.08.22 23:45;4;22,6875;22,25;21,875;533;202;0;
10514;2021.08.23 00:00;4;22,5;22,125;21,75;532;202;0;
10515;2021.08.23 00:15;4;22,375;22;21,625;531;202;0;
10516;2021.08.23 00:30;4;22,25;21,875;21,5;530;202;0;
10517;2021.08.23 00:45;4;22,125;21,75;21,375;529;202;0;
10518;2021.08.23 01:00;4;22;21,625;21,25;529;202;0;
10519;2021.08.23 01:15;4;21,8125;21,4375;21;528;202;0;
10520;2021.08.23 01:30;4;21,625;21,25;20,8125;527;202;0;
10521;2021.08.23 01:45;4;21,5;21,125;20,625;526;202;0;
10522;2021.08.23 02:00;4;21,375;20,875;20,4375;526;202;0;
10523;2021.08.23 02:15;4;21,1875;20,75;20,3125;525;202;0;
10524;2021.08.23 02:30;4;21;20,625;20,1875;524;202;0;
10525;2021.08.23 02:45;4;20,875;20,5;20;524;202;0;
10526;2021.08.23 03:00;4;20,75;20,3125;19,875;523;202;0;
10527;2021.08.23 03:15;4;20,625;20,125;19,625;522;202;0;
10528;2021.08.23 03:30;4;20,375;19,9375;19,5;521;202;0;
10529;2021.08.23 03:45;4;20,25;19,75;19,3125;521;202;0;
10530;2021.08.23 04:00;4;20,0625;19,625;19,125;520;202;0;
10531;2021.08.23 04:15;4;19,875;19,375;18,875;519;202;0;
10532;2021.08.23 04:30;4;19,75;19,1875;18,75;518;202;0;
10533;2021.08.23 04:45;4;19,5;19;18,5;517;202;0;
10534;2021.08.23 05:00;4;19,3125;18,75;18,25;516;202;0;
10535;2021.08.23 05:15;4;19,125;18,625;18,125;516;202;0;
10536;2021.08.23 05:30;4;19;18,5;18;515;202;0;
10537;2021.08.23 05:45;4;18,8125;18,375;17,875;514;202;0;
10538;2021.08.23 06:00;4;18,6875;18,25;17,875;514;202;0;
10539;2021.08.23 06:15;4;18,625;18,1875;17,9375;514;202;0;
10540;2021.08.23 06:30;4;18,5;18,1875;18;514;202;0;
10541;2021.08.23 06:45;4;18,5;18,1875;18,125;515;202;0;
10542;2021.08.23 07:00;4;18,5;18,25;18,25;515;202;0;
10543;2021.08.23 07:15;4;18,5625;18,375;18,5;516;202;0;
10544;2021.08.23 07:30;4;18,625;18,5;18,6875;516;202;0;
10545;2021.08.23 07:45;4;18,75;18,625;18,875;517;202;0;
10546;2021.08.23 08:00;4;18,875;18,75;19,0625;518;202;0;
10547;2021.08.23 08:15;4;19;19;19,375;519;202;0;
10548;2021.08.23 08:30;4;19,125;19,1875;19,625;521;202;0;
10549;2021.08.23 08:45;4;19,375;19,4375;19,9375;522;202;0;
10550;2021.08.23 09:00;4;19,625;19,6875;20,25;523;202;0;
10551;2021.08.23 09:15;4;19,875;20;20,625;525;202;0;
10552;2021.08.23 09:30;4;20,125;20,25;20,875;527;202;0;
10553;2021.08.23 09:45;4;20,375;20,5625;21,25;528;202;0;
10554;2021.08.23 10:00;4;20,625;20,875;21,625;530;202;0;
10555;2021.08.23 10:15;4;20,875;21,1875;21,875;531;202;0;
10556;2021.08.23 10:30;4;21,1875;21,5;22,125;532;202;0;
10557;2021.08.23 10:45;4;21,4375;21,75;22,375;534;202;0;
10558;2021.08.23 11:00;4;21,75;22;22,75;535;202;0;
10559;2021.08.23 11:15;4;22;22,3125;23;537;202;0;
10560;2021.08.23 11:30;4;22,25;22,625;23,3125;538;202;0;
10561;2021.08.23 11:45;4;22,5;22,875;23,5625;539;202;0;
10562;2021.08.23 12:00;4;22,8125;23,125;23,8125;540;202;0;
10563;2021.08.23 12:15;4;23,125;23,4375;24,125;541;202;0;
10564;2021.08.23 12:30;4;23,375;23,6875;24,3125;542;202;0;
10565;2021.08.23 12:45;4;23,625;24;24,5625;543;202;0;
10566;2021.08.23 13:00;4;23,875;24,25;24,875;544;202;0;
10567;2021.08.23 13:15;4;24,0625;24,4375;25;545;202;0;
10568;2021.08.23 13:30;4;24,3125;24,625;25,125;545;202;0;
10569;2021.08.23 13:45;4;24,5;24,875;25,3125;546;202;0;
10570;2021.08.23 14:00;4;24,75;25,0625;25,4375;547;202;0;
10571;2021.08.23 14:15;4;24,875;25,25;25,5;547;202;0;
10572;2021.08.23 14:30;4;25;25,3125;25,5;547;202;0;
10573;2021.08.23 14:45;4;25,125;25,375;25,5;547;202;0;
10574;2021.08.23 15:00;4;25,1875;25,375;25,375;547;202;0;
10575;2021.08.23 15:15;4;25,25;25,4375;25,375;546;202;0;
10576;2021.08.23 15:30;4;25,375;25,5;25,5;546;202;0;
10577;2021.08.23 15:45;4;25,375;25,625;25,625;546;202;0;
10578;2021.08.23 16:00;4;25,5;25,625;25,625;546;202;0;
10579;2021.08.23 16:15;4;25,5625;25,75;25,75;546;202;0;
10580;2021.08.23 16:30;4;25,625;25,8125;25,875;546;202;0;
10581;2021.08.23 16:45;4;25,75;25,875;25,8125;546;202;0;
10582;2021.08.23 17:00;4;25,75;25,875;25,75;546;202;0;
10583;2021.08.23 17:15;4;25,75;25,875;25,75;545;202;0;
10584;2021.08.23 17:30;4;25,75;25,8125;25,625;545;202;0;
10585;2021.08.23 17:45;4;25,75;25,75;25,5;544;202;0;
10586;2021.08.23 18:00;4;25,75;25,6875;25,4375;544;202;0;
10587;2021.08.23 18:15;4;25,625;25,625;25,25;543;202;0;
10588;2021.08.23 18:30;4;25,5625;25,5;25,0625;542;202;0;
10589;2021.08.23 18:45;4;25,5;25,375;24,875;541;202;0;
10590;2021.08.23 19:00;4;25,375;25,25;24,75;541;202;0;
10591;2021.08.23 19:15;4;25,25;25,0625;24,625;540;202;0;
10592;2021.08.23 19:30;4;25,125;24,875;24,375;539;202;0;
10593;2021.08.23 19:45;4;25;24,625;24;537;202;0;
10594;2021.08.23 20:00;4;24,75;24,375;23,6875;536;202;0;
10595;2021.08.23 20:15;4;24,5;24,0625;23,375;535;202;0;
10596;2021.08.23 20:30;4;24,25;23,75;23,0625;533;202;0;
10597;2021.08.23 20:45;4;24;23,5;22,75;531;202;0;
10598;2021.08.23 21:00;4;23,75;23,25;22,5;530;202;0;
10599;2021.08.23 21:15;4;23,5;22,9375;22,25;529;202;0;
10600;2021.08.23 21:30;4;23,25;22,625;21,875;527;202;0;
10601;2021.08.23 21:45;4;23;22,375;21,6875;526;202;0;
10602;2021.08.23 22:00;4;22,75;22,125;21,375;524;202;0;
10603;2021.08.23 22:15;4;22,4375;21,8125;21,125;523;202;0;
10604;2021.08.23 22:30;4;22,1875;21,5625;20,875;522;202;0;
10605;2021.08.23 22:45;4;21,9375;21,375;20,6875;521;202;0;
10606;2021.08.23 23:00;4;21,6875;21,125;20,5;520;202;0;
10607;2021.08.23 23:15;4;21,5;20,875;20,25;519;202;0;
10608;2021.08.23 23:30;4;21,25;20,625;20,0625;518;202;0;
10609;2021.08.23 23:45;4;21;20,4375;19,875;517;202;0;
10610;2021.08.24 00:00;4;20,8125;20,25;19,625;516;202;0;
10611;2021.08.24 00:15;4;20,625;20;19,5;515;202;0;
10612;2021.08.24 00:30;4;20,375;19,75;19,25;514;202;0;
10613;2021.08.24 00:45;4;20,1875;19,625;19,125;513;202;0;
10614;2021.08.24 01:00;4;20;19,5;19;513;202;0;
10615;2021.08.24 01:15;4;19,875;19,375;19;512;202;0;
10616;2021.08.24 01:30;4;19,6875;19,1875;18,875;512;202;0;
10617;2021.08.24 01:45;4;19,5625;19,0625;18,75;512;202;0;
10618;2021.08.24 02:00;4;19,375;18,875;18,5625;511;202;0;
10619;2021.08.24 02:15;4;19,25;18,8125;18,5;511;202;0;
10620;2021.08.24 02:30;4;19,125;18,6875;18,375;511;202;0;
10621;2021.08.24 02:45;4;19;18,5625;18,25;510;202;0;
10622;2021.08.24 03:00;4;18,875;18,4375;18,125;510;202;0;
10623;2021.08.24 03:15;4;18,75;18,3125;18;510;202;0;
10624;2021.08.24 03:30;4;18,6875;18,25;18;510;202;0;
10625;2021.08.24 03:45;4;18,625;18,125;17,9375;510;202;0;
10626;2021.08.24 04:00;4;18,5;18,125;17,875;510;202;0;
10627;2021.08.24 04:15;4;18,4375;18;17,875;510;202;0;
10628;2021.08.24 04:30;4;18,375;18;17,8125;510;202;0;
10629;2021.08.24 04:45;4;18,3125;17,9375;17,8125;510;202;0;
10630;2021.08.24 05:00;4;18,25;17,9375;17,75;510;202;0;
10631;2021.08.24 05:15;4;18,25;17,875;17,75;510;202;0;
10632;2021.08.24 05:30;4;18,25;17,875;17,75;511;202;0;
10633;2021.08.24 05:45;4;18,1875;17,875;17,75;511;202;0;
10634;2021.08.24 06:00;4;18,1875;17,875;17,75;511;202;0;
10635;2021.08.24 06:15;4;18,1875;17,875;17,8125;511;202;0;
10636;2021.08.24 06:30;4;18,1875;17,875;17,875;512;202;0;
10637;2021.08.24 06:45;4;18,1875;17,9375;17,875;512;202;0;
10638;2021.08.24 07:00;4;18,1875;18;17,875;512;202;0;
10639;2021.08.24 07:15;4;18,25;18;18;513;202;0;
10640;2021.08.24 07:30;4;18,25;18;18;513;202;0;
10641;2021.08.24 07:45;4;18,25;18,125;18,125;514;202;0;
10642;2021.08.24 08:00;4;18,375;18,25;18,25;515;202;0;
10643;2021.08.24 08:15;4;18,5;18,375;18,5;516;202;0;
10644;2021.08.24 08:30;4;18,5625;18,5;18,75;517;202;0;
10645;2021.08.24 08:45;4;18,75;18,75;19,0625;518;202;0;
10646;2021.08.24 09:00;4;18,875;18,9375;19,25;519;202;0;
10647;2021.08.24 09:15;4;19,0625;19,125;19,5;521;202;0;
10648;2021.08.24 09:30;4;19,25;19,3125;19,625;522;202;0;
10649;2021.08.24 09:45;4;19,375;19,5;19,75;523;202;0;
10650;2021.08.24 10:00;4;19,5;19,625;19,875;524;202;0;
10651;2021.08.24 10:15;4;19,6875;19,75;19,9375;524;202;0;
10652;2021.08.24 10:30;4;19,8125;19,875;20;525;202;0;
10653;2021.08.24 10:45;4;19,9375;20;20,125;526;202;0;
10654;2021.08.24 11:00;4;20;20,125;20,25;527;202;0;
10655;2021.08.24 11:15;4;20,125;20,1875;20,375;527;202;0;
10656;2021.08.24 11:30;4;20,25;20,25;20,5;528;202;0;
10657;2021.08.24 11:45;4;20,375;20,375;20,625;529;202;0;
10658;2021.08.24 12:00;4;20,5;20,5625;20,75;529;202;0;
10659;2021.08.24 12:15;4;20,625;20,6875;20,875;530;202;0;
10660;2021.08.24 12:30;4;20,75;20,875;21,125;531;202;0;
10661;2021.08.24 12:45;4;20,9375;21,125;21,5;532;202;0;
10662;2021.08.24 13:00;4;21,125;21,375;21,8125;534;202;0;
10663;2021.08.24 13:15;4;21,375;21,625;22,125;535;202;0;
10664;2021.08.24 13:30;4;21,5625;21,8125;22,3125;536;202;0;
10665;2021.08.24 13:45;4;21,75;22;22,4375;537;202;0;
10666;2021.08.24 14:00;4;21,9375;22,125;22,5;538;202;0;
10667;2021.08.24 14:15;4;22,125;22,25;22,625;539;202;0;
10668;2021.08.24 14:30;4;22,25;22,375;22,625;539;202;0;
10669;2021.08.24 14:45;4;22,375;22,5;22,75;540;202;0;
10670;2021.08.24 15:00;4;22,4375;22,625;22,75;540;202;0;
10671;2021.08.24 15:15;4;22,5;22,6875;22,875;541;202;0;
10672;2021.08.24 15:30;4;22,625;22,75;22,875;541;202;0;
10673;2021.08.24 15:45;4;22,75;22,8125;22,9375;541;202;0;
10674;2021.08.24 16:00;4;22,75;22,875;23;542;202;0;
10675;2021.08.24 16:15;4;22,875;22,9375;23;542;202;0;
10676;2021.08.24 16:30;4;22,875;23;23;542;202;0;
10677;2021.08.24 16:45;4;22,9375;23;23;542;202;0;
10678;2021.08.24 17:00;4;23;23;23;542;202;0;
10679;2021.08.24 17:15;4;23;23;23;542;202;0;
10680;2021.08.24 17:30;4;23;23;22,9375;542;202;0;
10681;2021.08.24 17:45;4;23;23;22,875;542;202;0;
10682;2021.08.24 18:00;4;23;23;22,8125;541;202;0;
10683;2021.08.24 18:15;4;23;22,875;22,75;541;202;0;
10684;2021.08.24 18:30;4;22,9375;22,875;22,625;541;202;0;
10685;2021.08.24 18:45;4;22,875;22,75;22,5;540;202;0;
10686;2021.08.24 19:00;4;22,8125;22,625;22,375;540;202;0;
10687;2021.08.24 19:15;4;22,75;22,5625;22,25;539;202;0;
10688;2021.08.24 19:30;4;22,625;22,5;22,125;539;202;0;
10689;2021.08.24 19:45;4;22,625;22,375;22,0625;538;202;0;
10690;2021.08.24 20:00;4;22,5;22,3125;22;538;202;0;
10691;2021.08.24 20:15;4;22,4375;22,25;21,875;537;202;0;
10692;2021.08.24 20:30;4;22,375;22,125;21,75;537;202;0;
10693;2021.08.24 20:45;4;22,25;22;21,625;536;202;0;
10694;2021.08.24 21:00;4;22,125;21,8125;21,375;536;202;0;
10695;2021.08.24 21:15;4;22;21,625;21,125;535;202;0;
10696;2021.08.24 21:30;4;21,8125;21,4375;21;534;202;0;
10697;2021.08.24 21:45;4;21,625;21,1875;20,625;533;202;0;
10698;2021.08.24 22:00;4;21,375;20,9375;20,375;532;202;0;
10699;2021.08.24 22:15;4;21,1875;20,625;20;531;202;0;
10700;2021.08.24 22:30;4;20,875;20,375;19,625;529;202;0;
10701;2021.08.24 22:45;4;20,625;20,125;19,375;528;202;0;
10702;2021.08.24 23:00;4;20,375;19,8125;19,125;526;202;0;
10703;2021.08.24 23:15;4;20,125;19,5625;18,9375;525;202;0;
10704;2021.08.24 23:30;4;19,875;19,3125;18,6875;524;202;0;
10705;2021.08.24 23:45;4;19,625;19,0625;18,4375;523;202;0;
10706;2021.08.25 00:00;4;19,4375;18,875;18,25;521;202;0;
10707;2021.08.25 00:15;4;19,1875;18,625;18;520;202;0;
10708;2021.08.25 00:30;4;19;18,375;17,75;519;202;0;
10709;2021.08.25 00:45;4;18,75;18,25;17,6875;519;202;0;
10710;2021.08.25 01:00;4;18,625;18,0625;17,625;518;202;0;
10711;2021.08.25 01:15;4;18,4375;18;17,5625;517;202;0;
10712;2021.08.25 01:30;4;18,3125;17,875;17,625;517;202;0;
10713;2021.08.25 01:45;4;18,25;17,8125;17,625;517;202;0;
10714;2021.08.25 02:00;4;18,125;17,8125;17,625;517;202;0;
10715;2021.08.25 02:15;4;18,125;17,75;17,625;518;202;0;
10716;2021.08.25 02:30;4;18,125;17,75;17,625;518;202;0;
10717;2021.08.25 02:45;4;18,0625;17,75;17,625;518;202;0;
10718;2021.08.25 03:00;4;18;17,75;17,625;518;202;0;
10719;2021.08.25 03:15;4;18;17,75;17,625;518;202;0;
10720;2021.08.25 03:30;4;18;17,6875;17,625;518;202;0;
10721;2021.08.25 03:45;4;17,9375;17,625;17,5625;518;202;0;
10722;2021.08.25 04:00;4;17,875;17,625;17,5;518;202;0;
10723;2021.08.25 04:15;4;17,875;17,5625;17,5;518;202;0;
10724;2021.08.25 04:30;4;17,8125;17,5;17,4375;518;202;0;
10725;2021.08.25 04:45;4;17,75;17,5;17,375;518;202;0;
10726;2021.08.25 05:00;4;17,75;17,5;17,375;518;202;0;
10727;2021.08.25 05:15;4;17,6875;17,375;17,25;518;202;0;
10728;2021.08.25 05:30;4;17,625;17,375;17,25;518;202;0;
10729;2021.08.25 05:45;4;17,625;17,375;17,25;518;202;0;
10730;2021.08.25 06:00;4;17,625;17,375;17,25;519;202;0;
10731;2021.08.25 06:15;4;17,625;17,375;17,25;519;202;0;
10732;2021.08.25 06:30;4;17,625;17,375;17,25;519;202;0;
10733;2021.08.25 06:45;4;17,625;17,375;17,375;519;202;0;
10734;2021.08.25 07:00;4;17,625;17,4375;17,375;520;202;0;
10735;2021.08.25 07:15;4;17,6875;17,5;17,5;520;202;0;
10736;2021.08.25 07:30;4;17,75;17,5625;17,5625;521;202;0;
10737;2021.08.25 07:45;4;17,75;17,625;17,6875;522;202;0;
10738;2021.08.25 08:00;4;17,875;17,75;17,8125;522;202;0;
10739;2021.08.25 08:15;4;18;17,875;18;523;202;0;
10740;2021.08.25 08:30;4;18,125;18;18,1875;524;202;0;
10741;2021.08.25 08:45;4;18,25;18,125;18,375;525;202;0;
10742;2021.08.25 09:00;4;18,375;18,375;18,625;526;202;0;
10743;2021.08.25 09:15;4;18,625;18,625;18,875;528;202;0;
10744;2021.08.25 09:30;4;18,8125;18,875;19,25;529;202;0;
10745;2021.08.25 09:45;4;19,0625;19,125;19,625;531;202;0;
10746;2021.08.25 10:00;4;19,375;19,4375;19,9375;533;202;0;
10747;2021.08.25 10:15;4;19,625;19,75;20,25;534;202;0;
10748;2021.08.25 10:30;4;19,875;20,0625;20,625;536;202;0;
10749;2021.08.25 10:45;4;20,25;20,4375;21,125;538;202;0;
10750;2021.08.25 11:00;4;20,625;20,8125;21,5;540;202;0;
10751;2021.08.25 11:15;4;20,9375;21,125;21,75;541;202;0;
10752;2021.08.25 11:30;4;21,25;21,5;22,1875;543;202;0;
10753;2021.08.25 11:45;4;21,625;21,875;22,5;545;202;0;
10754;2021.08.25 12:00;4;22;22,25;22,9375;547;202;0;
10755;2021.08.25 12:15;4;22,375;22,6875;23,375;549;202;0;
10756;2021.08.25 12:30;4;22,75;23;23,75;550;202;0;
10757;2021.08.25 12:45;4;23,125;23,375;24,0625;552;202;0;
10758;2021.08.25 13:00;4;23,5;23,75;24,375;553;202;0;
10759;2021.08.25 13:15;4;23,8125;24,125;24,625;555;202;0;
10760;2021.08.25 13:30;4;24,125;24,375;24,9375;556;202;0;
10761;2021.08.25 13:45;4;24,4375;24,75;25,125;557;202;0;
10762;2021.08.25 14:00;4;24,75;25;25,375;558;202;0;
10763;2021.08.25 14:15;4;25;25,1875;25,5;558;202;0;
10764;2021.08.25 14:30;4;25,1875;25,375;25,625;559;202;0;
10765;2021.08.25 14:45;4;25,375;25,5;25,6875;559;202;0;
10766;2021.08.25 15:00;4;25,5;25,625;25,625;559;202;0;
10767;2021.08.25 15:15;4;25,5625;25,625;25,625;558;202;0;
10768;2021.08.25 15:30;4;25,625;25,625;25,5;558;202;0;
10769;2021.08.25 15:45;4;25,625;25,625;25,4375;557;202;0;
10770;2021.08.25 16:00;4;25,625;25,625;25,4375;557;202;0;
10771;2021.08.25 16:15;4;25,625;25,5625;25,375;556;202;0;
10772;2021.08.25 16:30;4;25,5;25,5;25,1875;556;202;0;
10773;2021.08.25 16:45;4;25,4375;25,375;25;555;202;0;
10774;2021.08.25 17:00;4;25,375;25,3125;24,9375;554;202;0;
10775;2021.08.25 17:15;4;25,25;25,25;24,75;553;202;0;
10776;2021.08.25 17:30;4;25,125;25,125;24,625;552;202;0;
10777;2021.08.25 17:45;4;25,0625;25;24,5625;551;202;0;
10778;2021.08.25 18:00;4;25;24,8125;24,375;550;202;0;
10779;2021.08.25 18:15;4;24,8125;24,625;24,125;549;202;0;
10780;2021.08.25 18:30;4;24,625;24,4375;23,875;547;202;0;
10781;2021.08.25 18:45;4;24,5;24,1875;23,625;546;202;0;
10782;2021.08.25 19:00;4;24,25;24;23,375;545;202;0;
10783;2021.08.25 19:15;4;24;23,75;23,125;543;202;0;
10784;2021.08.25 19:30;4;23,8125;23,5;22,875;542;202;0;
10785;2021.08.25 19:45;4;23,5625;23,25;22,625;540;202;0;
10786;2021.08.25 20:00;4;23,3125;22,9375;22,375;538;202;0;
10787;2021.08.25 20:15;4;23;22,625;22;537;202;0;
10788;2021.08.25 20:30;4;22,75;22,3125;21,75;535;202;0;
10789;2021.08.25 20:45;4;22,5;22;21,4375;534;202;0;
10790;2021.08.25 21:00;4;22,25;21,75;21,125;532;202;0;
10791;2021.08.25 21:15;4;22;21,5;20,875;531;202;0;
10792;2021.08.25 21:30;4;21,6875;21,25;20,625;530;202;0;
10793;2021.08.25 21:45;4;21,4375;21;20,375;529;202;0;
10794;2021.08.25 22:00;4;21,1875;20,75;20,125;527;202;0;
10795;2021.08.25 22:15;4;21;20,5;20;527;202;0;
10796;2021.08.25 22:30;4;20,75;20,25;19,75;526;202;0;
10797;2021.08.25 22:45;4;20,5;20,0625;19,5625;525;202;0;
10798;2021.08.25 23:00;4;20,3125;19,875;19,375;524;202;0;
10799;2021.08.25 23:15;4;20,125;19,625;19,1875;523;202;0;
10800;2021.08.25 23:30;4;19,875;19,5;19;522;202;0;
10801;2021.08.25 23:45;4;19,75;19,25;18,75;521;202;0;
10802;2021.08.26 00:00;4;19,5;19,0625;18,625;521;202;0;
10803;2021.08.26 00:15;4;19,375;18,875;18,375;520;202;0;
10804;2021.08.26 00:30;4;19,125;18,75;18,25;519;202;0;
10805;2021.08.26 00:45;4;19;18,5;18,125;519;202;0;
10806;2021.08.26 01:00;4;18,875;18,375;18;518;202;0;
10807;2021.08.26 01:15;4;18,625;18,25;17,875;517;202;0;
10808;2021.08.26 01:30;4;18,5;18,0625;17,625;517;202;0;
10809;2021.08.26 01:45;4;18,375;17,875;17,5;516;202;0;
10810;2021.08.26 02:00;4;18,1875;17,75;17,375;516;202;0;
10811;2021.08.26 02:15;4;18,0625;17,625;17,25;515;202;0;
10812;2021.08.26 02:30;4;17,875;17,5;17,125;515;202;0;
10813;2021.08.26 02:45;4;17,75;17,375;17;514;202;0;
10814;2021.08.26 03:00;4;17,625;17,1875;16,875;514;202;0;
10815;2021.08.26 03:15;4;17,5;17,0625;16,75;513;202;0;
10816;2021.08.26 03:30;4;17,375;16,9375;16,625;513;202;0;
10817;2021.08.26 03:45;4;17,25;16,8125;16,5;512;202;0;
10818;2021.08.26 04:00;4;17,125;16,6875;16,375;512;202;0;
10819;2021.08.26 04:15;4;17;16,5625;16,25;511;202;0;
10820;2021.08.26 04:30;4;16,875;16,5;16,1875;511;202;0;
10821;2021.08.26 04:45;4;16,75;16,375;16,125;511;202;0;
10822;2021.08.26 05:00;4;16,625;16,25;16;510;202;0;
10823;2021.08.26 05:15;4;16,5;16,125;15,875;510;202;0;
10824;2021.08.26 05:30;4;16,4375;16,0625;15,875;510;202;0;
10825;2021.08.26 05:45;4;16,375;16,0625;15,9375;510;202;0;
10826;2021.08.26 06:00;4;16,375;16,0625;16;511;202;0;
10827;2021.08.26 06:15;4;16,375;16,125;16,125;511;202;0;
10828;2021.08.26 06:30;4;16,5625;16,25;16,4375;507;202;0;
10829;2021.08.26 06:45;4;17,1875;16,625;16,9375;511;202;0;
10830;2021.08.26 07:00;4;17,5625;17;17,25;515;202;0;
10831;2021.08.26 07:15;4;17,6875;17,25;17,5;516;202;0;
10832;2021.08.26 07:30;4;17,8125;17,4375;17,75;516;202;0;
10833;2021.08.26 07:45;4;18;17,625;18;517;202;0;
10834;2021.08.26 08:00;4;18,125;17,875;18,1875;518;202;0;
10835;2021.08.26 08:15;4;18,3125;18;18,25;518;202;0;
10836;2021.08.26 08:30;4;18,5;18,125;18,5;519;202;0;
10837;2021.08.26 08:45;4;18,8125;18,5;18,875;521;202;0;
10838;2021.08.26 09:00;4;19,25;18,875;19,375;522;202;0;
10839;2021.08.26 09:15;4;19,6875;19,25;20;524;202;0;
10840;2021.08.26 09:30;4;20;19,625;20,4375;525;202;0;
10841;2021.08.26 09:45;4;20,4375;20;20,8125;527;202;0;
10842;2021.08.26 10:00;4;20,75;20,375;21,125;529;202;0;
10843;2021.08.26 10:15;4;21;20,5625;21,25;530;202;0;
10844;2021.08.26 10:30;4;21,125;20,75;21,375;530;202;0;
10845;2021.08.26 10:45;4;21,25;20,9375;21,5;531;202;0;
10846;2021.08.26 11:00;4;21,0625;21;21,1875;529;202;0;
10847;2021.08.26 11:15;4;20,875;20,8125;20,75;526;202;0;
10848;2021.08.26 11:30;4;20,5;20,5;19,9375;522;202;0;
10849;2021.08.26 11:45;4;20,75;20,5625;20,5;521;202;0;
10850;2021.08.26 12:00;4;21,0625;20,75;20,875;522;202;0;
10851;2021.08.26 12:15;4;21,3125;21;21,125;523;202;0;
10852;2021.08.26 12:30;4;21,5;21,1875;21,3125;523;202;0;
10853;2021.08.26 12:45;4;21,6875;21,375;21,4375;524;202;0;
10854;2021.08.26 13:00;4;21,875;21,5;21,5625;525;202;0;
10855;2021.08.26 13:15;4;22;21,625;21,625;526;202;0;
10856;2021.08.26 13:30;4;22,125;21,75;21,75;526;202;0;
10857;2021.08.26 13:45;4;22,25;21,875;21,8125;527;202;0;
10858;2021.08.26 14:00;4;22,25;22;21,875;527;202;0;
10859;2021.08.26 14:15;4;22,25;22;21,875;527;202;0;
10860;2021.08.26 14:30;4;22,125;22;21,625;524;202;0;
10861;2021.08.26 14:45;4;21,75;21,75;21,25;521;202;0;
10862;2021.08.26 15:00;4;21,5;21,5;21,125;518;202;0;
10863;2021.08.26 15:15;4;21,6875;21,5;21,625;518;202;0;
10864;2021.08.26 15:30;4;21,875;21,6875;22,125;518;202;0;
10865;2021.08.26 15:45;4;22,25;21,9375;22,5625;519;202;0;
10866;2021.08.26 16:00;4;22,875;22,5;23,375;522;202;0;
10867;2021.08.26 16:15;4;23,25;22,875;23,6875;525;202;0;
10868;2021.08.26 16:30;4;23,375;23,125;23,5;525;202;0;
10869;2021.08.26 16:45;4;23,375;23,1875;23,5;524;202;0;
10870;2021.08.26 17:00;4;23,375;23,1875;23,375;524;202;0;
10871;2021.08.26 17:15;4;23,4375;23,3125;23,5625;524;202;0;
10872;2021.08.26 17:30;4;23,375;23,375;23,5;524;202;0;
10873;2021.08.26 17:45;4;23,25;23,25;23,1875;521;202;0;
10874;2021.08.26 18:00;4;22,9375;23;22,625;519;202;0;
10875;2021.08.26 18:15;4;22,375;22,5;21,625;514;202;0;
10876;2021.08.26 18:30;4;21,625;21,625;19,9375;508;202;0;
10877;2021.08.26 18:45;4;20,625;20,5;18,25;501;202;0;
10878;2021.08.26 19:00;4;19,5625;19,375;16,6875;493;202;0;
10879;2021.08.26 19:15;4;18,5;18,125;15,3125;486;202;0;
10880;2021.08.26 19:30;4;17,375;17;14,125;479;202;0;
10881;2021.08.26 19:45;4;16,4375;16;13,3125;484;202;0;
10882;2021.08.26 20:00;4;15,625;15,375;13,1875;480;202;0;
10883;2021.08.26 20:15;4;14,8125;14,75;12,875;476;202;0;
10884;2021.08.26 20:30;4;14;14,125;12,375;472;202;0;
10885;2021.08.26 20:45;4;13,3125;13,4375;11,8125;468;202;0;
10886;2021.08.26 21:00;4;12,625;12,8125;11,25;464;202;0;
10887;2021.08.26 21:15;4;12;12,25;10,8125;461;202;0;
10888;2021.08.26 21:30;4;11,5;11,625;10,375;458;202;0;
10889;2021.08.26 21:45;4;11;11,125;9,875;455;202;0;
10890;2021.08.26 22:00;4;10,5;10,625;9,5;452;202;0;
10891;2021.08.26 22:15;4;10,0625;10,1875;9,125;449;202;0;
10892;2021.08.26 22:30;4;9,6875;9,75;8,75;447;202;0;
10893;2021.08.26 22:45;4;9,3125;9,375;8,4375;445;202;0;
10894;2021.08.26 23:00;4;9;9;8,125;443;202;0;
10895;2021.08.26 23:15;4;8,6875;8,6875;7,875;441;202;0;
10896;2021.08.26 23:30;4;8,375;8,375;7,625;440;202;0;
10897;2021.08.26 23:45;4;8,125;8,125;7,4375;438;202;0;
10898;2021.08.27 00:00;4;7,875;7,875;7,25;437;202;0;
10899;2021.08.27 00:15;4;7,6875;7,625;7;436;202;0;
10900;2021.08.27 00:30;4;7,5;7,375;6,8125;434;202;0;
10901;2021.08.27 00:45;4;7,25;7,1875;6,625;433;202;0;
10902;2021.08.27 01:00;4;7,0625;7;6,375;432;202;0;
10903;2021.08.27 01:15;4;6,875;6,75;6,25;431;202;0;
10904;2021.08.27 01:30;4;6,6875;6,5625;6;430;202;0;
10905;2021.08.27 01:45;4;6,5;6,375;5,875;429;202;0;
10906;2021.08.27 02:00;4;6,375;6,1875;5,6875;428;202;0;
10907;2021.08.27 02:15;4;6,1875;6;5,5;427;202;0;
10908;2021.08.27 02:30;4;6,0625;5,875;5,375;426;202;0;
10909;2021.08.27 02:45;4;5,875;5,75;5,25;426;202;0;
10910;2021.08.27 03:00;4;5,75;5,5625;5,125;425;202;0;
10911;2021.08.27 03:15;4;5,6875;5,4375;5;424;202;0;
10912;2021.08.27 03:30;4;5,5625;5,375;5;424;202;0;
10913;2021.08.27 03:45;4;5,5;5,25;4,875;423;202;0;
10914;2021.08.27 04:00;4;5,375;5,125;4,8125;423;202;0;
10915;2021.08.27 04:15;4;5,25;5,0625;4,75;422;202;0;
10916;2021.08.27 04:30;4;5,25;5;4,75;422;202;0;
10917;2021.08.27 04:45;4;5,1875;4,9375;4,75;422;202;0;
10918;2021.08.27 05:00;4;5,125;4,875;4,75;422;202;0;
10919;2021.08.27 05:15;4;5,125;4,875;4,75;422;202;0;
10920;2021.08.27 05:30;4;5,0625;4,875;4,75;422;202;0;
10921;2021.08.27 05:45;4;5,0625;4,875;4,75;422;202;0;
10922;2021.08.27 06:00;4;5,0625;4,875;4,8125;423;202;0;
10923;2021.08.27 06:15;4;5,125;4,9375;5,1875;423;202;0;
10924;2021.08.27 06:30;4;5,25;5,125;5,5;424;202;0;
10925;2021.08.27 06:45;4;5,375;5,25;5,8125;425;202;0;
10926;2021.08.27 07:00;4;5,625;5,5;6,125;426;202;0;
10927;2021.08.27 07:15;4;5,875;5,75;6,5;430;202;0;
10928;2021.08.27 07:30;4;6,375;6,3125;7,125;431;202;0;
10929;2021.08.27 07:45;4;7;6,875;9,1875;430;202;0;
10930;2021.08.27 08:00;4;7,5;7,25;9,25;432;202;0;
10931;2021.08.27 08:15;4;8;7,75;9,625;435;202;0;
10932;2021.08.27 08:30;4;8,5;8,125;10;438;202;0;
10933;2021.08.27 08:45;4;9;8,625;10,5;441;202;0;
10934;2021.08.27 09:00;4;9,5;9,0625;11;444;202;0;
10935;2021.08.27 09:15;4;10;9,5;11,5;447;202;0;
10936;2021.08.27 09:30;4;10,5;10;12,0625;451;202;0;
10937;2021.08.27 09:45;4;11;10,5;12,625;454;202;0;
10938;2021.08.27 10:00;4;11,5;11;13,125;458;202;0;
10939;2021.08.27 10:15;4;12;11,5;13,625;461;202;0;
10940;2021.08.27 10:30;4;12,5;12;14,0625;465;202;0;
10941;2021.08.27 10:45;4;13;12,5;14,5;469;202;0;
10942;2021.08.27 11:00;4;13,4375;12,9375;14,875;472;202;0;
10943;2021.08.27 11:15;4;13,875;13,375;15,25;475;202;0;
10944;2021.08.27 11:30;4;14,3125;13,8125;15,5625;478;202;0;
10945;2021.08.27 11:45;4;14,6875;14,25;15,875;481;202;0;
10946;2021.08.27 12:00;4;15,0625;14,625;16,125;484;202;0;
10947;2021.08.27 12:15;4;15,375;14,9375;16,375;486;202;0;
10948;2021.08.27 12:30;4;15,75;15,25;16,5;488;202;0;
10949;2021.08.27 12:45;4;16;15,5625;16,75;490;202;0;
10950;2021.08.27 13:00;4;16,25;15,875;16,875;492;202;0;
10951;2021.08.27 13:15;4;16,5;16,125;17,0625;494;202;0;
10952;2021.08.27 13:30;4;16,75;16,375;17,1875;495;202;0;
10953;2021.08.27 13:45;4;17;16,5;17,3125;497;202;0;
10954;2021.08.27 14:00;4;17,1875;16,75;17,375;498;202;0;
10955;2021.08.27 14:15;4;17,375;16,9375;17,5;499;202;0;
10956;2021.08.27 14:30;4;17,5;17,125;17,625;500;202;0;
10957;2021.08.27 14:45;4;17,6875;17,25;17,625;501;202;0;
10958;2021.08.27 15:00;4;17,75;17,375;17,3125;504;202;0;
10959;2021.08.27 15:15;4;17,625;17,375;16,9375;503;202;0;
10960;2021.08.27 15:30;4;17,5625;17,25;16,75;502;202;0;
10961;2021.08.27 15:45;4;17,5625;17,25;17,125;502;202;0;
10962;2021.08.27 16:00;4;17,75;17,4375;17,875;503;202;0;
10963;2021.08.27 16:15;4;18,125;17,8125;18,5625;505;202;0;
10964;2021.08.27 16:30;4;18,5;18,25;19,25;507;202;0;
10965;2021.08.27 16:45;4;19;18,625;19,8125;510;202;0;
10966;2021.08.27 17:00;4;19,5;19,125;20,3125;513;202;0;
10967;2021.08.27 17:15;4;20;19,6875;20,875;515;202;0;
10968;2021.08.27 17:30;4;20,5;20,25;21,375;518;202;0;
10969;2021.08.27 17:45;4;21;20,75;21,75;520;202;0;
10970;2021.08.27 18:00;4;21,375;21,1875;22;523;202;0;
10971;2021.08.27 18:15;4;21,625;21,5;22,0625;524;202;0;
10972;2021.08.27 18:30;4;21,75;21,75;22;525;202;0;
10973;2021.08.27 18:45;4;21,875;21,875;21,9375;525;202;0;
10974;2021.08.27 19:00;4;21,875;22;21,75;525;202;0;
10975;2021.08.27 19:15;4;21,875;22;21,5625;525;202;0;
10976;2021.08.27 19:30;4;21,75;21,9375;21,25;524;202;0;
10977;2021.08.27 19:45;4;21,75;21,875;20,875;523;202;0;
10978;2021.08.27 20:00;4;21,625;21,75;20,625;522;202;0;
10979;2021.08.27 20:15;4;21,5;21,5625;20,3125;521;202;0;
10980;2021.08.27 20:30;4;21,375;21,375;20,0625;520;202;0;
10981;2021.08.27 20:45;4;21,25;21,25;19,75;519;202;0;
10982;2021.08.27 21:00;4;21;21;19,5;518;202;0;
10983;2021.08.27 21:15;4;20,875;20,75;19,125;516;202;0;
10984;2021.08.27 21:30;4;20,625;20,5625;18,875;515;202;0;
10985;2021.08.27 21:45;4;20,375;20,375;18,5625;513;202;0;
10986;2021.08.27 22:00;4;20,1875;20,125;18,25;512;202;0;
10987;2021.08.27 22:15;4;19,9375;19,875;18;510;202;0;
10988;2021.08.27 22:30;4;19,6875;19,625;17,75;508;202;0;
10989;2021.08.27 22:45;4;19,4375;19,375;17,4375;507;202;0;
10990;2021.08.27 23:00;4;19,1875;19,0625;17,1875;505;202;0;
10991;2021.08.27 23:15;4;18,9375;18,8125;16,9375;503;202;0;
10992;2021.08.27 23:30;4;18,75;18,5625;16,75;502;202;0;
10993;2021.08.27 23:45;4;18,5;18,375;16,5;500;202;0;
10994;2021.08.28 00:00;4;18,25;18,125;16,25;499;202;0;
10995;2021.08.28 00:15;4;18;17,875;16,0625;497;202;0;
10996;2021.08.28 00:30;4;17,75;17,625;15,875;496;202;0;
10997;2021.08.28 00:45;4;17,5625;17,375;15,625;495;202;0;
10998;2021.08.28 01:00;4;17,375;17,1875;15,5;493;202;0;
10999;2021.08.28 01:15;4;17,125;17;15,3125;492;202;0;
11000;2021.08.28 01:30;4;16,9375;16,75;15,125;491;202;0;
11001;2021.08.28 01:45;4;16,75;16,625;15;490;202;0;
11002;2021.08.28 02:00;4;16,5;16,375;14,75;488;202;0;
11003;2021.08.28 02:15;4;16,375;16,1875;14,625;487;202;0;
11004;2021.08.28 02:30;4;16,125;16;14,4375;486;202;0;
11005;2021.08.28 02:45;4;16;15,8125;14,25;485;202;0;
11006;2021.08.28 03:00;4;15,75;15,625;14,125;484;202;0;
11007;2021.08.28 03:15;4;15,625;15,4375;13,9375;483;202;0;
11008;2021.08.28 03:30;4;15,4375;15,25;13,75;482;202;0;
11009;2021.08.28 03:45;4;15,25;15,125;13,625;481;202;0;
11010;2021.08.28 04:00;4;15,125;14,9375;13,5;480;202;0;
11011;2021.08.28 04:15;4;14,9375;14,75;13,375;479;202;0;
11012;2021.08.28 04:30;4;14,75;14,625;13,1875;478;202;0;
11013;2021.08.28 04:45;4;14,625;14,4375;13;477;202;0;
11014;2021.08.28 05:00;4;14,4375;14,25;12,875;476;202;0;
11015;2021.08.28 05:15;4;14,25;14,125;12,75;475;202;0;
11016;2021.08.28 05:30;4;14,125;14;12,625;474;202;0;
11017;2021.08.28 05:45;4;14;13,875;12,5625;473;202;0;
11018;2021.08.28 06:00;4;13,875;13,75;12,5;472;202;0;
11019;2021.08.28 06:15;4;13,75;13,625;12,625;472;202;0;
11020;2021.08.28 06:30;4;13,75;13,5625;12,875;472;202;0;
11021;2021.08.28 06:45;4;13,75;13,625;13,25;472;202;0;
11022;2021.08.28 07:00;4;13,8125;13,625;13,625;472;202;0;
11023;2021.08.28 07:15;4;13,9375;13,75;14,0625;473;202;0;
11024;2021.08.28 07:30;4;14,125;13,9375;14,5;474;202;0;
11025;2021.08.28 07:45;4;14,3125;14,125;15;475;202;0;
11026;2021.08.28 08:00;4;14,625;14,4375;15,5625;477;202;0;
11027;2021.08.28 08:15;4;14,875;14,75;16,125;479;202;0;
11028;2021.08.28 08:30;4;15,25;15,0625;16,625;481;202;0;
11029;2021.08.28 08:45;4;15,625;15,4375;17,1875;483;202;0;
11030;2021.08.28 09:00;4;16;15,875;17,75;486;202;0;
11031;2021.08.28 09:15;4;16,375;16,25;18,25;489;202;0;
11032;2021.08.28 09:30;4;16,875;16,6875;18,75;492;202;0;
11033;2021.08.28 09:45;4;17,3125;17,125;19,3125;495;202;0;
11034;2021.08.28 10:00;4;17,75;17,625;19,875;498;202;0;
11035;2021.08.28 10:15;4;18,25;18,0625;20,375;501;202;0;
11036;2021.08.28 10:30;4;18,75;18,5625;20,875;504;202;0;
11037;2021.08.28 10:45;4;19,25;19,0625;21,375;508;202;0;
11038;2021.08.28 11:00;4;19,75;19,5625;21,9375;511;202;0;
11039;2021.08.28 11:15;4;20,25;20;22,375;514;202;0;
11040;2021.08.28 11:30;4;20,75;20,5;22,875;518;202;0;
11041;2021.08.28 11:45;4;21,25;21;23,375;521;202;0;
11042;2021.08.28 12:00;4;21,75;21,5;23,8125;524;202;0;
11043;2021.08.28 12:15;4;22,25;22;24,25;527;202;0;
11044;2021.08.28 12:30;4;22,75;22,5;24,625;530;202;0;
11045;2021.08.28 12:45;4;23,1875;22,875;25;533;202;0;
11046;2021.08.28 13:00;4;23,625;23,375;25,375;536;202;0;
11047;2021.08.28 13:15;4;24,0625;23,75;25,75;539;202;0;
11048;2021.08.28 13:30;4;24,5;24,125;26;541;202;0;
11049;2021.08.28 13:45;4;24,875;24,5;26,25;543;202;0;
11050;2021.08.28 14:00;4;25,1875;24,875;26,5;546;202;0;
11051;2021.08.28 14:15;4;25,5;25,1875;26,625;547;202;0;
11052;2021.08.28 14:30;4;25,75;25,5;26,8125;549;202;0;
11053;2021.08.28 14:45;4;26;25,75;26,875;551;202;0;
11054;2021.08.28 15:00;4;26,25;25,9375;27;552;202;0;
11055;2021.08.28 15:15;4;26,4375;26,125;27;553;202;0;
11056;2021.08.28 15:30;4;26,625;26,25;27,0625;554;202;0;
11057;2021.08.28 15:45;4;26,6875;26,375;27;554;202;0;
11058;2021.08.28 16:00;4;26,75;26,5;26,8125;554;202;0;
11059;2021.08.28 16:15;4;26,8125;26,5;26,5625;555;202;0;
11060;2021.08.28 16:30;4;26,75;26,5;26,25;554;202;0;
11061;2021.08.28 16:45;4;26,6875;26,5;25,9375;553;202;0;
11062;2021.08.28 17:00;4;26,5625;26,375;25,5625;552;202;0;
11063;2021.08.28 17:15;4;26,375;26,1875;25,125;551;202;0;
11064;2021.08.28 17:30;4;26,1875;26;24,625;549;202;0;
11065;2021.08.28 17:45;4;25,875;25,75;24,1875;547;202;0;
11066;2021.08.28 18:00;4;25,625;25,4375;23,625;545;202;0;
11067;2021.08.28 18:15;4;25,25;25,125;23,1875;543;202;0;
11068;2021.08.28 18:30;4;24,9375;24,75;22,6875;540;202;0;
11069;2021.08.28 18:45;4;24,5625;24,375;22,1875;538;202;0;
11070;2021.08.28 19:00;4;24,125;24;21,75;535;202;0;
11071;2021.08.28 19:15;4;23,75;23,625;21,375;532;202;0;
11072;2021.08.28 19:30;4;23,375;23,25;21;530;202;0;
11073;2021.08.28 19:45;4;23;22,875;20,5625;527;202;0;
11074;2021.08.28 20:00;4;22,625;22,5;20,1875;525;202;0;
11075;2021.08.28 20:15;4;22,25;22,125;19,75;522;202;0;
11076;2021.08.28 20:30;4;21,875;21,75;19,375;520;202;0;
11077;2021.08.28 20:45;4;21,5;21,375;19;517;202;0;
11078;2021.08.28 21:00;4;21,125;21;18,5625;515;202;0;
11079;2021.08.28 21:15;4;20,75;20,5625;18,1875;512;202;0;
11080;2021.08.28 21:30;4;20,375;20,25;17,8125;510;202;0;
11081;2021.08.28 21:45;4;20;19,875;17,5;507;202;0;
11082;2021.08.28 22:00;4;19,625;19,5;17,125;505;202;0;
11083;2021.08.28 22:15;4;19,25;19,125;16,8125;503;202;0;
11084;2021.08.28 22:30;4;18,9375;18,75;16,5;501;202;0;
11085;2021.08.28 22:45;4;18,625;18,4375;16,25;498;202;0;
11086;2021.08.28 23:00;4;18,25;18,125;15,9375;496;202;0;
11087;2021.08.28 23:15;4;18;17,8125;15,625;495;202;0;
11088;2021.08.28 23:30;4;17,625;17,5;15,375;493;202;0;
11089;2021.08.28 23:45;4;17,375;17,25;15,1875;491;202;0;
11090;2021.08.29 00:00;4;17,125;16,875;15;489;202;0;
11091;2021.08.29 00:15;4;16,875;16,625;14,75;488;202;0;
11092;2021.08.29 00:30;4;16,625;16,375;14,625;486;202;0;
11093;2021.08.29 00:45;4;16,375;16,1875;14,375;485;202;0;
11094;2021.08.29 01:00;4;16,125;15,9375;14,25;483;202;0;
11095;2021.08.29 01:15;4;15,875;15,75;14,0625;482;202;0;
11096;2021.08.29 01:30;4;15,6875;15,5;13,875;481;202;0;
11097;2021.08.29 01:45;4;15,5;15,3125;13,6875;479;202;0;
11098;2021.08.29 02:00;4;15,25;15,125;13,5;478;202;0;
11099;2021.08.29 02:15;4;15,125;14,9375;13,375;477;202;0;
11100;2021.08.29 02:30;4;14,875;14,75;13,1875;476;202;0;
11101;2021.08.29 02:45;4;14,75;14,5625;13;475;202;0;
11102;2021.08.29 03:00;4;14,5625;14,375;12,875;474;202;0;
11103;2021.08.29 03:15;4;14,375;14,1875;12,75;473;202;0;
11104;2021.08.29 03:30;4;14,25;14;12,625;472;202;0;
11105;2021.08.29 03:45;4;14,0625;13,875;12,5;471;202;0;
11106;2021.08.29 04:00;4;13,875;13,75;12,375;470;202;0;
11107;2021.08.29 04:15;4;13,75;13,5625;12,25;469;202;0;
11108;2021.08.29 04:30;4;13,625;13,4375;12,0625;468;202;0;
11109;2021.08.29 04:45;4;13,4375;13,25;11,9375;467;202;0;
11110;2021.08.29 05:00;4;13,25;13,125;11,8125;466;202;0;
11111;2021.08.29 05:15;4;13,125;13;11,6875;465;202;0;
11112;2021.08.29 05:30;4;13;12,875;11,625;465;202;0;
11113;2021.08.29 05:45;4;12,875;12,75;11,5;464;202;0;
11114;2021.08.29 06:00;4;12,75;12,625;11,5625;463;202;0;
11115;2021.08.29 06:15;4;12,75;12,5625;11,75;463;202;0;
11116;2021.08.29 06:30;4;12,6875;12,5;11,9375;463;202;0;
11117;2021.08.29 06:45;4;12,6875;12,5;12,25;463;202;0;
11118;2021.08.29 07:00;4;12,75;12,625;12,625;463;202;0;
11119;2021.08.29 07:15;4;12,875;12,75;13,125;464;202;0;
11120;2021.08.29 07:30;4;13,0625;12,875;13,625;465;202;0;
11121;2021.08.29 07:45;4;13,25;13,125;14,125;466;202;0;
11122;2021.08.29 08:00;4;13,5;13,375;14,6875;468;202;0;
11123;2021.08.29 08:15;4;13,875;13,75;15,25;470;202;0;
11124;2021.08.29 08:30;4;14,25;14,125;15,9375;472;202;0;
11125;2021.08.29 08:45;4;14,6875;14,5;16,625;475;202;0;
11126;2021.08.29 09:00;4;15,125;15;17,375;478;202;0;
11127;2021.08.29 09:15;4;15,6875;15,5;18,125;482;202;0;
11128;2021.08.29 09:30;4;16,25;16,0625;18,875;485;202;0;
11129;2021.08.29 09:45;4;16,875;16,625;19,5625;489;202;0;
11130;2021.08.29 10:00;4;17,4375;17,25;20,25;493;202;0;
11131;2021.08.29 10:15;4;18,0625;17,875;20,9375;497;202;0;
11132;2021.08.29 10:30;4;18,6875;18,5;21,625;502;202;0;
11133;2021.08.29 10:45;4;19,375;19,125;22,3125;506;202;0;
11134;2021.08.29 11:00;4;20;19,75;23;510;202;0;
11135;2021.08.29 11:15;4;20,625;20,375;23,625;515;202;0;
11136;2021.08.29 11:30;4;21,25;21;24,1875;519;202;0;
11137;2021.08.29 11:45;4;21,875;21,625;24,75;523;202;0;
11138;2021.08.29 12:00;4;22,5625;22,25;25,375;528;202;0;
11139;2021.08.29 12:15;4;23,1875;22,875;25,875;532;202;0;
11140;2021.08.29 12:30;4;23,75;23,5;26,375;536;202;0;
11141;2021.08.29 12:45;4;24,375;24;26,75;539;202;0;
11142;2021.08.29 13:00;4;24,875;24,5;27;542;202;0;
11143;2021.08.29 13:15;4;25,3125;25;27,25;545;202;0;
11144;2021.08.29 13:30;4;25,75;25,375;27,5;548;202;0;
11145;2021.08.29 13:45;4;26,125;25,8125;27,625;550;202;0;
11146;2021.08.29 14:00;4;26,4375;26,125;27,875;552;202;0;
11147;2021.08.29 14:15;4;26,75;26,5;28,0625;554;202;0;
11148;2021.08.29 14:30;4;27,0625;26,75;28,1875;556;202;0;
11149;2021.08.29 14:45;4;27,3125;27;28,25;557;202;0;
11150;2021.08.29 15:00;4;27,5;27,1875;28,25;558;202;0;
11151;2021.08.29 15:15;4;27,625;27,375;28,125;559;202;0;
11152;2021.08.29 15:30;4;27,75;27,4375;27,9375;559;202;0;
11153;2021.08.29 15:45;4;27,75;27,5;27,75;559;202;0;
11154;2021.08.29 16:00;4;27,75;27,5;27,5625;559;202;0;
11155;2021.08.29 16:15;4;27,75;27,5;27,375;558;202;0;
11156;2021.08.29 16:30;4;27,6875;27,4375;27,125;558;202;0;
11157;2021.08.29 16:45;4;27,625;27,375;26,875;557;202;0;
11158;2021.08.29 17:00;4;27,5;27,25;26,625;556;202;0;
11159;2021.08.29 17:15;4;27,375;27,125;26,375;555;202;0;
11160;2021.08.29 17:30;4;27,25;27;26,125;554;202;0;
11161;2021.08.29 17:45;4;27;26,8125;25,75;552;202;0;
11162;2021.08.29 18:00;4;26,8125;26,625;25,375;551;202;0;
11163;2021.08.29 18:15;4;26,5625;26,375;24,875;549;202;0;
11164;2021.08.29 18:30;4;26,25;26,125;24,5;547;202;0;
11165;2021.08.29 18:45;4;26;25,8125;24;545;202;0;
11166;2021.08.29 19:00;4;25,625;25,5;23,5625;542;202;0;
11167;2021.08.29 19:15;4;25,3125;25,125;23,125;540;202;0;
11168;2021.08.29 19:30;4;25;24,75;22,6875;537;202;0;
11169;2021.08.29 19:45;4;24,625;24,4375;22,25;535;202;0;
11170;2021.08.29 20:00;4;24,25;24;21,8125;532;202;0;
11171;2021.08.29 20:15;4;23,8125;23,625;21,375;530;202;0;
11172;2021.08.29 20:30;4;23,4375;23,25;20,875;527;202;0;
11173;2021.08.29 20:45;4;23;22,875;20,5;525;202;0;
11174;2021.08.29 21:00;4;22,625;22,5;20,125;522;202;0;
11175;2021.08.29 21:15;4;22,25;22,125;19,6875;519;202;0;
11176;2021.08.29 21:30;4;21,875;21,6875;19,25;517;202;0;
11177;2021.08.29 21:45;4;21,5;21,3125;18,875;514;202;0;
11178;2021.08.29 22:00;4;21,125;20,9375;18,625;512;202;0;
11179;2021.08.29 22:15;4;20,75;20,5625;18,25;510;202;0;
11180;2021.08.29 22:30;4;20,375;20,25;18;507;202;0;
11181;2021.08.29 22:45;4;20;19,875;17,625;505;202;0;
11182;2021.08.29 23:00;4;19,6875;19,5;17,3125;503;202;0;
11183;2021.08.29 23:15;4;19,375;19,1875;17;501;202;0;
11184;2021.08.29 23:30;4;19;18,875;16,75;499;202;0;
11185;2021.08.29 23:45;4;18,75;18,5625;16,4375;497;202;0;
11186;2021.08.30 00:00;4;18,4375;18,25;16,1875;495;202;0;
11187;2021.08.30 00:15;4;18,125;17,9375;15,875;493;202;0;
11188;2021.08.30 00:30;4;17,875;17,625;15,6875;492;202;0;
11189;2021.08.30 00:45;4;17,5625;17,375;15,4375;490;202;0;
11190;2021.08.30 01:00;4;17,3125;17,125;15,25;488;202;0;
11191;2021.08.30 01:15;4;17,0625;16,875;15,0625;487;202;0;
11192;2021.08.30 01:30;4;16,8125;16,625;14,875;485;202;0;
11193;2021.08.30 01:45;4;16,625;16,375;14,75;484;202;0;
11194;2021.08.30 02:00;4;16,375;16,1875;14,625;483;202;0;
11195;2021.08.30 02:15;4;16,1875;16;14,5;482;202;0;
11196;2021.08.30 02:30;4;16;15,875;14,4375;481;202;0;
11197;2021.08.30 02:45;4;15,875;15,625;14,375;480;202;0;
11198;2021.08.30 03:00;4;15,75;15,5;14,25;479;202;0;
11199;2021.08.30 03:15;4;15,5625;15,375;14,0625;478;202;0;
11200;2021.08.30 03:30;4;15,375;15,25;13,9375;477;202;0;
11201;2021.08.30 03:45;4;15,25;15,125;13,8125;476;202;0;
11202;2021.08.30 04:00;4;15,125;14,9375;13,75;475;202;0;
11203;2021.08.30 04:15;4;15;14,8125;13,625;474;202;0;
11204;2021.08.30 04:30;4;14,875;14,75;13,625;474;202;0;
11205;2021.08.30 04:45;4;14,75;14,625;13,5625;473;202;0;
11206;2021.08.30 05:00;4;14,6875;14,5;13,5625;473;202;0;
11207;2021.08.30 05:15;4;14,625;14,4375;13,625;472;202;0;
11208;2021.08.30 05:30;4;14,5625;14,375;13,625;472;202;0;
11209;2021.08.30 05:45;4;14,5;14,375;13,6875;471;202;0;
11210;2021.08.30 06:00;4;14,5;14,375;13,9375;471;202;0;
11211;2021.08.30 06:15;4;14,625;14,375;14,1875;472;202;0;
11212;2021.08.30 06:30;4;14,75;14,5;14,5;472;202;0;
11213;2021.08.30 06:45;4;14,8125;14,625;14,75;473;202;0;
11214;2021.08.30 07:00;4;14,9375;14,75;14,9375;474;202;0;
11215;2021.08.30 07:15;4;15;14,875;15,125;475;202;0;
11216;2021.08.30 07:30;4;15,125;15;15,25;476;202;0;
11217;2021.08.30 07:45;4;15,25;15,0625;15,375;476;202;0;
11218;2021.08.30 08:00;4;15,3125;15,125;15,5;477;202;0;
11219;2021.08.30 08:15;4;15,375;15,25;15,625;477;202;0;
11220;2021.08.30 08:30;4;15,5;15,375;15,75;478;202;0;
11221;2021.08.30 08:45;4;15,625;15,5;16;479;202;0;
11222;2021.08.30 09:00;4;15,75;15,625;16,125;479;202;0;
11223;2021.08.30 09:15;4;15,875;15,75;16,375;480;202;0;
11224;2021.08.30 09:30;4;16;15,875;16,75;481;202;0;
11225;2021.08.30 09:45;4;16,25;16,0625;17,0625;483;202;0;
11226;2021.08.30 10:00;4;16,5;16,25;17,375;484;202;0;
11227;2021.08.30 10:15;4;16,75;16,5;17,8125;486;202;0;
11228;2021.08.30 10:30;4;17;16,75;18,1875;487;202;0;
11229;2021.08.30 10:45;4;17,3125;17,125;18,625;491;202;0;
11230;2021.08.30 11:00;4;17,75;17,4375;19,0625;494;202;0;
11231;2021.08.30 11:15;4;18,25;17,875;19,5;497;202;0;
11232;2021.08.30 11:30;4;18,75;18,375;20,125;500;202;0;
11233;2021.08.30 11:45;4;19,25;18,875;20,75;503;202;0;
11234;2021.08.30 12:00;4;19,6875;19,375;21,375;506;202;0;
11235;2021.08.30 12:15;4;20,125;19,875;22;510;202;0;
11236;2021.08.30 12:30;4;20,625;20,375;22,375;513;202;0;
11237;2021.08.30 12:45;4;21,125;20,875;22,9375;516;202;0;
11238;2021.08.30 13:00;4;21,625;21,375;23,4375;519;202;0;
11239;2021.08.30 13:15;4;22;21,8125;23,875;522;202;0;
11240;2021.08.30 13:30;4;22,4375;22,25;24,25;524;202;0;
11241;2021.08.30 13:45;4;22,75;22,625;24,4375;527;202;0;
11242;2021.08.30 14:00;4;23,125;22,875;24,625;529;202;0;
11243;2021.08.30 14:15;4;23,375;23,25;24,6875;530;202;0;
11244;2021.08.30 14:30;4;23,625;23,4375;24,75;532;202;0;
11245;2021.08.30 14:45;4;23,875;23,625;24,875;533;202;0;
11246;2021.08.30 15:00;4;24;23,875;24,9375;534;202;0;
11247;2021.08.30 15:15;4;24,1875;24;25;535;202;0;
11248;2021.08.30 15:30;4;24,375;24,125;25,0625;536;202;0;
11249;2021.08.30 15:45;4;24,5;24,25;25,125;537;202;0;
11250;2021.08.30 16:00;4;24,625;24,375;25,1875;538;202;0;
11251;2021.08.30 16:15;4;24,6875;24,5;25,25;538;202;0;
11252;2021.08.30 16:30;4;24,75;24,625;25,25;539;202;0;
11253;2021.08.30 16:45;4;24,8125;24,625;25;540;202;0;
11254;2021.08.30 17:00;4;24,625;24,625;24,625;538;202;0;
11255;2021.08.30 17:15;4;24,75;24,625;24,8125;538;202;0;
11256;2021.08.30 17:30;4;24,75;24,6875;24,75;538;202;0;
11257;2021.08.30 17:45;4;24,75;24,75;24,625;538;202;0;
11258;2021.08.30 18:00;4;24,75;24,75;24,5;538;202;0;
11259;2021.08.30 18:15;4;24,75;24,75;24,25;538;202;0;
11260;2021.08.30 18:30;4;24,625;24,6875;23,875;538;202;0;
11261;2021.08.30 18:45;4;24,5625;24,5;23,5;537;202;0;
11262;2021.08.30 19:00;4;24,375;24,375;23;536;202;0;
11263;2021.08.30 19:15;4;24,1875;24,125;22,5625;534;202;0;
11264;2021.08.30 19:30;4;24;23,875;22,1875;533;202;0;
11265;2021.08.30 19:45;4;23,75;23,625;21,75;531;202;0;
11266;2021.08.30 20:00;4;23,4375;23,375;21,375;529;202;0;
11267;2021.08.30 20:15;4;23,125;23;21;527;202;0;
11268;2021.08.30 20:30;4;22,875;22,75;20,625;525;202;0;
11269;2021.08.30 20:45;4;22,5;22,375;20,25;523;202;0;
11270;2021.08.30 21:00;4;22,25;22,0625;19,875;521;202;0;
11271;2021.08.30 21:15;4;21,875;21,75;19,5;519;202;0;
11272;2021.08.30 21:30;4;21,5625;21,375;19,125;517;202;0;
11273;2021.08.30 21:45;4;21,25;21,0625;18,875;515;202;0;
11274;2021.08.30 22:00;4;20,875;20,75;18,5;513;202;0;
11275;2021.08.30 22:15;4;20,625;20,4375;18,25;511;202;0;
11276;2021.08.30 22:30;4;20,3125;20,125;18;509;202;0;
11277;2021.08.30 22:45;4;20;19,8125;17,6875;507;202;0;
11278;2021.08.30 23:00;4;19,75;19,5;17,4375;506;202;0;
11279;2021.08.30 23:15;4;19,4375;19,25;17,1875;504;202;0;
11280;2021.08.30 23:30;4;19,125;19;17;502;202;0;
11281;2021.08.30 23:45;4;18,875;18,75;16,75;501;202;0;
11282;2021.08.31 00:00;4;18,625;18,4375;16,5;499;202;0;
11283;2021.08.31 00:15;4;18,375;18,1875;16,3125;498;202;0;
11284;2021.08.31 00:30;4;18,125;17,9375;16,125;496;202;0;
11285;2021.08.31 00:45;4;17,875;17,75;15,875;495;202;0;
11286;2021.08.31 01:00;4;17,6875;17,5;15,6875;493;202;0;
11287;2021.08.31 01:15;4;17,5;17,25;15,5;492;202;0;
11288;2021.08.31 01:30;4;17,25;17,0625;15,3125;491;202;0;
11289;2021.08.31 01:45;4;17;16,875;15,125;490;202;0;
11290;2021.08.31 02:00;4;16,875;16,625;15;488;202;0;
11291;2021.08.31 02:15;4;16,625;16,4375;14,8125;487;202;0;
11292;2021.08.31 02:30;4;16,4375;16,25;14,625;486;202;0;
11293;2021.08.31 02:45;4;16,25;16,0625;14,5;485;202;0;
11294;2021.08.31 03:00;4;16,125;15,875;14,375;484;202;0;
11295;2021.08.31 03:15;4;15,9375;15,75;14,375;483;202;0;
11296;2021.08.31 03:30;4;15,75;15,625;14,25;482;202;0;
11297;2021.08.31 03:45;4;15,625;15,5;14,25;482;202;0;
11298;2021.08.31 04:00;4;15,5625;15,375;14,375;480;202;0;
11299;2021.08.31 04:15;4;15,625;15,375;15;481;202;0;
11300;2021.08.31 04:30;4;15,625;15,375;14,9375;481;202;0;
11301;2021.08.31 04:45;4;15,625;15,375;14,875;481;202;0;
11302;2021.08.31 05:00;4;15,5625;15,375;14,75;481;202;0;
11303;2021.08.31 05:15;4;15,5;15,3125;14,75;481;202;0;
11304;2021.08.31 05:30;4;15,4375;15,25;14,6875;481;202;0;
11305;2021.08.31 05:45;4;15,375;15,25;14,625;481;202;0;
11306;2021.08.31 06:00;4;15,375;15,1875;14,625;481;202;0;
11307;2021.08.31 06:15;4;15,3125;15,125;14,6875;481;202;0;
11308;2021.08.31 06:30;4;15,25;15,125;14,75;481;202;0;
11309;2021.08.31 06:45;4;15,25;15,125;14,8125;481;202;0;
11310;2021.08.31 07:00;4;15,25;15,125;14,875;481;202;0;
11311;2021.08.31 07:15;4;15,25;15,125;15;481;202;0;
11312;2021.08.31 07:30;4;15,3125;15,1875;15,125;482;202;0;
11313;2021.08.31 07:45;4;15,375;15,25;15,25;482;202;0;
11314;2021.08.31 08:00;4;15,5;15,3125;15,5;482;202;0;
11315;2021.08.31 08:15;4;15,5625;15,375;15,6875;483;202;0;
11316;2021.08.31 08:30;4;15,625;15,5;15,9375;484;202;0;
11317;2021.08.31 08:45;4;15,8125;15,625;16,1875;485;202;0;
11318;2021.08.31 09:00;4;16;15,8125;16,5;486;202;0;
11319;2021.08.31 09:15;4;16,125;16;16,75;487;202;0;
11320;2021.08.31 09:30;4;16,375;16,1875;17,125;488;202;0;
11321;2021.08.31 09:45;4;16,625;16,375;17,4375;490;202;0;
11322;2021.08.31 10:00;4;16,875;16,625;17,8125;492;202;0;
11323;2021.08.31 10:15;4;17,125;16,9375;18,25;493;202;0;
11324;2021.08.31 10:30;4;17,4375;17,25;18,625;495;202;0;
11325;2021.08.31 10:45;4;17,75;17,5;19,0625;498;202;0;
11326;2021.08.31 11:00;4;18,125;17,875;19,5;500;202;0;
11327;2021.08.31 11:15;4;18,4375;18,25;19,875;502;202;0;
11328;2021.08.31 11:30;4;18,75;18,5625;20,25;504;202;0;
11329;2021.08.31 11:45;4;19,125;18,875;20,625;507;202;0;
11330;2021.08.31 12:00;4;19,5;19,25;21;509;202;0;
11331;2021.08.31 12:15;4;19,875;19,625;21,375;512;202;0;
11332;2021.08.31 12:30;4;20,25;20;21,75;514;202;0;
11333;2021.08.31 12:45;4;20,5625;20,375;22,125;517;202;0;
11334;2021.08.31 13:00;4;20,9375;20,75;22,5;519;202;0;
11335;2021.08.31 13:15;4;21,25;21,0625;22,75;521;202;0;
11336;2021.08.31 13:30;4;21,625;21,375;23,0625;524;202;0;
11337;2021.08.31 13:45;4;21,9375;21,75;23,375;526;202;0;
11338;2021.08.31 14:00;4;22,25;22,0625;23,75;528;202;0;
11339;2021.08.31 14:15;4;22,625;22,4375;24,1875;531;202;0;
11340;2021.08.31 14:30;4;23;22,8125;24,5625;533;202;0;
11341;2021.08.31 14:45;4;23,375;23,125;24,875;536;202;0;
11342;2021.08.31 15:00;4;23,75;23,5;25,1875;538;202;0;
11343;2021.08.31 15:15;4;24,125;23,875;25,5;540;202;0;
11344;2021.08.31 15:30;4;24,375;24,1875;25,75;542;202;0;
11345;2021.08.31 15:45;4;24,6875;24,5;25,8125;544;202;0;
11346;2021.08.31 16:00;4;24,875;24,75;25,75;546;202;0;
11347;2021.08.31 16:15;4;25,0625;24,875;25,625;547;202;0;
11348;2021.08.31 16:30;4;25,125;25;25,375;547;202;0;
11349;2021.08.31 16:45;4;25,1875;25,0625;25,125;547;202;0;
11350;2021.08.31 17:00;4;25,1875;25,0625;24,8125;547;202;0;
11351;2021.08.31 17:15;4;25,125;25;24,5;546;202;0;
11352;2021.08.31 17:30;4;25;24,875;24,125;545;202;0;
11353;2021.08.31 17:45;4;24,875;24,75;23,8125;544;202;0;
11354;2021.08.31 18:00;4;24,75;24,625;23,625;543;202;0;
11355;2021.08.31 18:15;4;24,6875;24,5;23,5;542;202;0;
11356;2021.08.31 18:30;4;24,5625;24,375;23,25;542;202;0;
11357;2021.08.31 18:45;4;24,4375;24,25;23;541;202;0;
11358;2021.08.31 19:00;4;24,25;24,125;22,625;539;202;0;
11359;2021.08.31 19:15;4;24;23,875;22,25;538;202;0;
11360;2021.08.31 19:30;4;23,75;23,625;21,8125;536;202;0;
11361;2021.08.31 19:45;4;23,4375;23,375;21,375;534;202;0;
11362;2021.08.31 20:00;4;23,125;23;21;532;202;0;
11363;2021.08.31 20:15;4;22,75;22,6875;20,5625;530;202;0;
11364;2021.08.31 20:30;4;22,4375;22,375;20,125;528;202;0;
11365;2021.08.31 20:45;4;22,125;22;19,75;525;202;0;
11366;2021.08.31 21:00;4;21,75;21,625;19,375;523;202;0;
11367;2021.08.31 21:15;4;21,375;21,25;19,0625;521;202;0;
11368;2021.08.31 21:30;4;21,0625;20,875;18,75;519;202;0;
11369;2021.08.31 21:45;4;20,75;20,5625;18,375;517;202;0;
11370;2021.08.31 22:00;4;20,375;20,25;18,0625;515;202;0;
11371;2021.08.31 22:15;4;20,0625;19,875;17,75;513;202;0;
11372;2021.08.31 22:30;4;19,75;19,625;17,5;511;202;0;
11373;2021.08.31 22:45;4;19,4375;19,25;17,25;509;202;0;
11374;2021.08.31 23:00;4;19,125;19;17;507;202;0;
11375;2021.08.31 23:15;4;18,875;18,75;16,75;505;202;0;
11376;2021.08.31 23:30;4;18,625;18,4375;16,5;504;202;0;
11377;2021.08.31 23:45;4;18,3125;18,125;16,25;502;202;0;
11378;2021.09.01 00:00;4;18,0625;17,875;16,0625;501;202;0;
11379;2021.09.01 00:15;4;17,8125;17,625;15,875;499;202;0;
11380;2021.09.01 00:30;4;17,5625;17,375;15,625;498;202;0;
11381;2021.09.01 00:45;4;17,375;17,1875;15,4375;496;202;0;
11382;2021.09.01 01:00;4;17,125;17;15,25;495;202;0;
11383;2021.09.01 01:15;4;16,875;16,75;15,0625;494;202;0;
11384;2021.09.01 01:30;4;16,6875;16,5;14,875;492;202;0;
11385;2021.09.01 01:45;4;16,5;16,3125;14,75;491;202;0;
11386;2021.09.01 02:00;4;16,25;16,125;14,625;490;202;0;
11387;2021.09.01 02:15;4;16,125;15,9375;14,4375;489;202;0;
11388;2021.09.01 02:30;4;15,9375;15,75;14,3125;488;202;0;
11389;2021.09.01 02:45;4;15,75;15,625;14,1875;487;202;0;
11390;2021.09.01 03:00;4;15,625;15,4375;14,0625;486;202;0;
11391;2021.09.01 03:15;4;15,4375;15,25;13,875;485;202;0;
11392;2021.09.01 03:30;4;15,25;15,125;13,75;484;202;0;
11393;2021.09.01 03:45;4;15,125;15;13,625;483;202;0;
11394;2021.09.01 04:00;4;15;14,8125;13,5;482;202;0;
11395;2021.09.01 04:15;4;14,875;14,6875;13,375;481;202;0;
11396;2021.09.01 04:30;4;14,6875;14,5;13,25;481;202;0;
11397;2021.09.01 04:45;4;14,5625;14,375;13,125;480;202;0;
11398;2021.09.01 05:00;4;14,4375;14,25;13,0625;479;202;0;
11399;2021.09.01 05:15;4;14,25;14,125;13;478;202;0;
11400;2021.09.01 05:30;4;14,1875;14;12,875;478;202;0;
11401;2021.09.01 05:45;4;14,0625;13,875;12,75;477;202;0;
11402;2021.09.01 06:00;4;13,9375;13,8125;12,75;476;202;0;
11403;2021.09.01 06:15;4;13,875;13,75;12,875;476;202;0;
11404;2021.09.01 06:30;4;13,875;13,6875;13,25;475;202;0;
11405;2021.09.01 06:45;4;14;13,75;13,875;476;202;0;
11406;2021.09.01 07:00;4;14,1875;14;14,125;477;202;0;
11407;2021.09.01 07:15;4;14,375;14,125;14,375;478;202;0;
11408;2021.09.01 07:30;4;14,5625;14,3125;14,75;480;202;0;
11409;2021.09.01 07:45;4;14,75;14,5;15;481;202;0;
11410;2021.09.01 08:00;4;14,875;14,625;15,25;482;202;0;
11411;2021.09.01 08:15;4;15;14,8125;15,375;483;202;0;
11412;2021.09.01 08:30;4;15,125;15;15,5625;484;202;0;
11413;2021.09.01 08:45;4;15,25;15,125;15,6875;485;202;0;
11414;2021.09.01 09:00;4;15,4375;15,25;15,8125;486;202;0;
11415;2021.09.01 09:15;4;15,625;15,4375;16;488;202;0;
11416;2021.09.01 09:30;4;15,75;15,625;16,125;489;202;0;
11417;2021.09.01 09:45;4;15,875;15,75;16,5;490;202;0;
11418;2021.09.01 10:00;4;16,125;15,9375;16,875;491;202;0;
11419;2021.09.01 10:15;4;16,375;16,1875;17,4375;493;202;0;
11420;2021.09.01 10:30;4;16,75;16,5;18,125;495;202;0;
11421;2021.09.01 10:45;4;17,125;16,875;18,875;498;202;0;
11422;2021.09.01 11:00;4;17,625;17,375;19,5625;502;202;0;
11423;2021.09.01 11:15;4;18;17,8125;19,9375;505;202;0;
11424;2021.09.01 11:30;4;18,5;18,375;20,5;508;202;0;
11425;2021.09.01 11:45;4;19,1875;19;21,375;512;202;0;
11426;2021.09.01 12:00;4;19,875;19,75;22,375;515;202;0;
11427;2021.09.01 12:15;4;20,5;20,375;23,25;519;202;0;
11428;2021.09.01 12:30;4;21,1875;21,0625;24;523;202;0;
11429;2021.09.01 12:45;4;21,625;21,625;24,125;526;202;0;
11430;2021.09.01 13:00;4;22,25;22,1875;24,75;529;202;0;
11431;2021.09.01 13:15;4;22,8125;22,75;25,5;532;202;0;
11432;2021.09.01 13:30;4;23,375;23,375;26,125;535;202;0;
11433;2021.09.01 13:45;4;24;23,9375;26,75;539;202;0;
11434;2021.09.01 14:00;4;24,5625;24,5;27,375;542;202;0;
11435;2021.09.01 14:15;4;25,125;25,0625;27,875;545;202;0;
11436;2021.09.01 14:30;4;25,625;25,625;28,25;549;202;0;
11437;2021.09.01 14:45;4;26,1875;26,125;28,75;552;202;0;
11438;2021.09.01 15:00;4;26,6875;26,625;29,0625;555;202;0;
11439;2021.09.01 15:15;4;27,125;27,0625;29,375;558;202;0;
11440;2021.09.01 15:30;4;27,625;27,5;29,625;561;202;0;
11441;2021.09.01 15:45;4;28;27,875;29,6875;563;202;0;
11442;2021.09.01 16:00;4;28,25;28,125;29,625;564;202;0;
11443;2021.09.01 16:15;4;28,5;28,375;29,375;565;202;0;
11444;2021.09.01 16:30;4;28,625;28,5;29,125;566;202;0;
11445;2021.09.01 16:45;4;28,6875;28,625;28,75;566;202;0;
11446;2021.09.01 17:00;4;28,6875;28,625;28,375;565;202;0;
11447;2021.09.01 17:15;4;28,375;28,4375;27,5;564;202;0;
11448;2021.09.01 17:30;4;28,1875;28,25;27,375;562;202;0;
11449;2021.09.01 17:45;4;28,0625;28,125;27,125;560;202;0;
11450;2021.09.01 18:00;4;27,875;27,9375;26,75;559;202;0;
11451;2021.09.01 18:15;4;27,625;27,6875;26,25;557;202;0;
11452;2021.09.01 18:30;4;27,375;27,375;25,75;555;202;0;
11453;2021.09.01 18:45;4;27,125;27,125;25,25;553;202;0;
11454;2021.09.01 19:00;4;26,75;26,75;24,75;550;202;0;
11455;2021.09.01 19:15;4;26,4375;26,375;24,25;548;202;0;
11456;2021.09.01 19:30;4;26,0625;26;23,75;545;202;0;
11457;2021.09.01 19:45;4;25,6875;25,625;23,375;543;202;0;
11458;2021.09.01 20:00;4;25,375;25,25;23;540;202;0;
11459;2021.09.01 20:15;4;25;24,875;22,75;538;202;0;
11460;2021.09.01 20:30;4;24,625;24,5;22,5;536;202;0;
11461;2021.09.01 20:45;4;24,3125;24,1875;22,1875;533;202;0;
11462;2021.09.01 21:00;4;24;23,875;21,875;531;202;0;
11463;2021.09.01 21:15;4;23,6875;23,5625;21,5;529;202;0;
11464;2021.09.01 21:30;4;23,375;23,25;21,1875;527;202;0;
11465;2021.09.01 21:45;4;23,0625;22,875;20,875;525;202;0;
11466;2021.09.01 22:00;4;22,75;22,625;20,5;523;202;0;
11467;2021.09.01 22:15;4;22,375;22,25;20,25;521;202;0;
11468;2021.09.01 22:30;4;22,125;22;19,9375;519;202;0;
11469;2021.09.01 22:45;4;21,8125;21,625;19,625;517;202;0;
11470;2021.09.01 23:00;4;21,5;21,375;19,375;516;202;0;
11471;2021.09.01 23:15;4;21,25;21,0625;19,125;514;202;0;
11472;2021.09.01 23:30;4;20,9375;20,75;18,875;512;202;0;
11473;2021.09.01 23:45;4;20,625;20,5;18,5625;510;202;0;
11474;2021.09.02 00:00;4;20,375;20,25;18,3125;509;202;0;
11475;2021.09.02 00:15;4;20,125;20;18,0625;507;202;0;
11476;2021.09.02 00:30;4;19,875;19,6875;17,875;505;202;0;
11477;2021.09.02 00:45;4;19,625;19,4375;17,625;504;202;0;
11478;2021.09.02 01:00;4;19,375;19,25;17,5;502;202;0;
11479;2021.09.02 01:15;4;19,125;19;17,25;501;202;0;
11480;2021.09.02 01:30;4;18,875;18,75;17,125;500;202;0;
11481;2021.09.02 01:45;4;18,6875;18,5;16,875;498;202;0;
11482;2021.09.02 02:00;4;18,5;18,375;16,75;497;202;0;
11483;2021.09.02 02:15;4;18,25;18,125;16,5625;496;202;0;
11484;2021.09.02 02:30;4;18,125;17,9375;16,375;495;202;0;
11485;2021.09.02 02:45;4;17,875;17,75;16,25;493;202;0;
11486;2021.09.02 03:00;4;17,75;17,5625;16,0625;492;202;0;
11487;2021.09.02 03:15;4;17,5;17,375;15,875;491;202;0;
11488;2021.09.02 03:30;4;17,375;17,1875;15,75;490;202;0;
11489;2021.09.02 03:45;4;17,125;17;15,5625;489;202;0;
11490;2021.09.02 04:00;4;17;16,875;15,375;488;202;0;
11491;2021.09.02 04:15;4;16,8125;16,625;15,25;487;202;0;
11492;2021.09.02 04:30;4;16,625;16,5;15,125;486;202;0;
11493;2021.09.02 04:45;4;16,5;16,375;14,9375;485;202;0;
11494;2021.09.02 05:00;4;16,3125;16,125;14,75;484;202;0;
11495;2021.09.02 05:15;4;16,125;16;14,625;483;202;0;
11496;2021.09.02 05:30;4;16;15,875;14,5;482;202;0;
11497;2021.09.02 05:45;4;15,875;15,6875;14,375;481;202;0;
11498;2021.09.02 06:00;4;15,75;15,5625;14,375;481;202;0;
11499;2021.09.02 06:15;4;15,625;15,4375;14,4375;480;202;0;
11500;2021.09.02 06:30;4;15,5625;15,375;14,625;480;202;0;
11501;2021.09.02 06:45;4;15,5;15,375;14,875;480;202;0;
11502;2021.09.02 07:00;4;15,625;15,4375;15,6875;480;202;0;
11503;2021.09.02 07:15;4;15,9375;15,625;16,125;481;202;0;
11504;2021.09.02 07:30;4;16,25;15,9375;16,625;484;202;0;
11505;2021.09.02 07:45;4;16,5625;16,25;17,1875;486;202;0;
11506;2021.09.02 08:00;4;16,875;16,625;17,75;488;202;0;
11507;2021.09.02 08:15;4;17,25;17;18,25;490;202;0;
11508;2021.09.02 08:30;4;17,5;17,25;18,6875;492;202;0;
11509;2021.09.02 08:45;4;17,8125;17,625;19;494;202;0;
11510;2021.09.02 09:00;4;18,125;17,875;19,3125;496;202;0;
11511;2021.09.02 09:15;4;18,375;18,125;19,5;498;202;0;
11512;2021.09.02 09:30;4;18,625;18,4375;19,75;499;202;0;
11513;2021.09.02 09:45;4;18,8125;18,625;19,875;501;202;0;
11514;2021.09.02 10:00;4;19;18,875;20,125;503;202;0;
11515;2021.09.02 10:15;4;19,25;19,125;20,25;504;202;0;
11516;2021.09.02 10:30;4;19,5;19,375;20,375;506;202;0;
11517;2021.09.02 10:45;4;19,75;19,625;20,75;508;202;0;
11518;2021.09.02 11:00;4;20,125;20;21,25;510;202;0;
11519;2021.09.02 11:15;4;20,625;20,375;22,125;514;202;0;
11520;2021.09.02 11:30;4;21,125;20,875;22,9375;517;202;0;
11521;2021.09.02 11:45;4;21,6875;21,4375;23,75;520;202;0;
11522;2021.09.02 12:00;4;22,1875;22;24,3125;524;202;0;
11523;2021.09.02 12:15;4;22,625;22,5;24,625;527;202;0;
11524;2021.09.02 12:30;4;23,1875;23,0625;25,25;530;202;0;
11525;2021.09.02 12:45;4;23,75;23,625;26;533;202;0;
11526;2021.09.02 13:00;4;24,25;24,1875;26,625;536;202;0;
11527;2021.09.02 13:15;4;24,75;24,75;27,125;539;202;0;
11528;2021.09.02 13:30;4;25,25;25,25;27,5;542;202;0;
11529;2021.09.02 13:45;4;25,75;25,75;27,9375;544;202;0;
11530;2021.09.02 14:00;4;26,1875;26,125;28,3125;547;202;0;
11531;2021.09.02 14:15;4;26,625;26,5625;28,625;549;202;0;
11532;2021.09.02 14:30;4;27;26,9375;28,875;552;202;0;
11533;2021.09.02 14:45;4;27,3125;27,25;29,125;554;202;0;
11534;2021.09.02 15:00;4;27,625;27,625;29,25;556;202;0;
11535;2021.09.02 15:15;4;27,9375;27,875;29,375;557;202;0;
11536;2021.09.02 15:30;4;28,1875;28,125;29,375;559;202;0;
11537;2021.09.02 15:45;4;28,375;28,375;29,375;560;202;0;
11538;2021.09.02 16:00;4;28,625;28,5;29,375;561;202;0;
11539;2021.09.02 16:15;4;28,75;28,6875;29,375;562;202;0;
11540;2021.09.02 16:30;4;28,875;28,75;29,375;562;202;0;
11541;2021.09.02 16:45;4;29;28,875;29,3125;563;202;0;
11542;2021.09.02 17:00;4;29;28,9375;29,125;563;202;0;
11543;2021.09.02 17:15;4;29;29;28,9375;563;202;0;
11544;2021.09.02 17:30;4;28,9375;28,9375;28,375;563;202;0;
11545;2021.09.02 17:45;4;28,5625;28,6875;27,6875;560;202;0;
11546;2021.09.02 18:00;4;28,375;28,5;27,625;558;202;0;
11547;2021.09.02 18:15;4;28,1875;28,3125;27,5625;557;202;0;
11548;2021.09.02 18:30;4;28,0625;28,25;27,5;556;202;0;
11549;2021.09.02 18:45;4;28;28,125;27,25;555;202;0;
11550;2021.09.02 19:00;4;27,875;27,9375;26,875;554;202;0;
11551;2021.09.02 19:15;4;27,6875;27,75;26,4375;552;202;0;
11552;2021.09.02 19:30;4;27,5;27,5;26;551;202;0;
11553;2021.09.02 19:45;4;27,25;27,25;25,625;549;202;0;
11554;2021.09.02 20:00;4;27;27;25,25;548;202;0;
11555;2021.09.02 20:15;4;26,75;26,75;24,875;546;202;0;
11556;2021.09.02 20:30;4;26,5;26,4375;24,625;544;202;0;
11557;2021.09.02 20:45;4;26,25;26,125;24,3125;542;202;0;
11558;2021.09.02 21:00;4;26;25,875;24;540;202;0;
11559;2021.09.02 21:15;4;25,75;25,625;23,625;538;202;0;
11560;2021.09.02 21:30;4;25,4375;25,25;23,375;537;202;0;
11561;2021.09.02 21:45;4;25,125;25;23,0625;535;202;0;
11562;2021.09.02 22:00;4;24,875;24,75;22,875;533;202;0;
11563;2021.09.02 22:15;4;24,625;24,5;22,625;531;202;0;
11564;2021.09.02 22:30;4;24,375;24,25;22,5;530;202;0;
11565;2021.09.02 22:45;4;24,125;24;22,375;528;202;0;
11566;2021.09.02 23:00;4;23,9375;23,75;22,1875;527;202;0;
11567;2021.09.02 23:15;4;23,75;23,5;22;526;202;0;
11568;2021.09.02 23:30;4;23,5;23,375;21,875;524;202;0;
11569;2021.09.02 23:45;4;23,375;23,125;21,75;523;202;0;
11570;2021.09.03 00:00;4;23,1875;23;21,6875;522;202;0;
11571;2021.09.03 00:15;4;23;22,875;21,625;521;202;0;
11572;2021.09.03 00:30;4;22,875;22,6875;21,5;520;202;0;
11573;2021.09.03 00:45;4;22,75;22,5625;21,4375;520;202;0;
11574;2021.09.03 01:00;4;22,625;22,4375;21,375;519;202;0;
11575;2021.09.03 01:15;4;22,5;22,375;21,3125;518;202;0;
11576;2021.09.03 01:30;4;22,375;22,25;21,25;518;202;0;
11577;2021.09.03 01:45;4;22,25;22,125;21,125;517;202;0;
11578;2021.09.03 02:00;4;22,1875;22;21;516;202;0;
11579;2021.09.03 02:15;4;22,0625;21,875;20,875;516;202;0;
11580;2021.09.03 02:30;4;22;21,75;20,75;515;202;0;
11581;2021.09.03 02:45;4;21,875;21,625;20,625;514;202;0;
11582;2021.09.03 03:00;4;21,75;21,5;20,5;513;202;0;
11583;2021.09.03 03:15;4;21,625;21,4375;20,375;513;202;0;
11584;2021.09.03 03:30;4;21,5;21,3125;20,25;512;202;0;
11585;2021.09.03 03:45;4;21,375;21,1875;20,125;511;202;0;
11586;2021.09.03 04:00;4;21,25;21,0625;20;511;202;0;
11587;2021.09.03 04:15;4;21,125;20,875;19,875;510;202;0;
11588;2021.09.03 04:30;4;21;20,75;19,75;509;202;0;
11589;2021.09.03 04:45;4;20,875;20,625;19,625;508;202;0;
11590;2021.09.03 05:00;4;20,75;20,5;19,5;508;202;0;
11591;2021.09.03 05:15;4;20,625;20,375;19,375;507;202;0;
11592;2021.09.03 05:30;4;20,5;20,25;19,25;506;202;0;
11593;2021.09.03 05:45;4;20,375;20,125;19,125;505;202;0;
11594;2021.09.03 06:00;4;20,25;20,0625;19,25;505;202;0;
11595;2021.09.03 06:15;4;20,25;20;19,4375;505;202;0;
11596;2021.09.03 06:30;4;20,3125;20;19,625;505;202;0;
11597;2021.09.03 06:45;4;20,375;20,125;19,75;506;202;0;
11598;2021.09.03 07:00;4;20,375;20,125;19,875;506;202;0;
11599;2021.09.03 07:15;4;20,4375;20,25;20;506;202;0;
11600;2021.09.03 07:30;4;20,5;20,25;20,0625;507;202;0;
11601;2021.09.03 07:45;4;20,5;20,25;20,1875;507;202;0;
11602;2021.09.03 08:00;4;20,5;20,375;20,25;507;202;0;
11603;2021.09.03 08:15;4;20,5;20,375;20,375;508;202;0;
11604;2021.09.03 08:30;4;20,5625;20,375;20,5;508;202;0;
11605;2021.09.03 08:45;4;20,625;20,4375;20,625;508;202;0;
11606;2021.09.03 09:00;4;20,625;20,5;20,6875;509;202;0;
11607;2021.09.03 09:15;4;20,75;20,5625;20,8125;509;202;0;
11608;2021.09.03 09:30;4;20,8125;20,625;21;510;202;0;
11609;2021.09.03 09:45;4;20,875;20,75;21,125;510;202;0;
11610;2021.09.03 10:00;4;21;20,875;21,375;511;202;0;
11611;2021.09.03 10:15;4;21,125;21;21,75;512;202;0;
11612;2021.09.03 10:30;4;21,375;21,125;22,25;514;202;0;
11613;2021.09.03 10:45;4;21,625;21,4375;22,8125;516;202;0;
11614;2021.09.03 11:00;4;22;21,75;23,375;518;202;0;
11615;2021.09.03 11:15;4;22,375;22,125;24;521;202;0;
11616;2021.09.03 11:30;4;22,75;22,5;24,625;524;202;0;
11617;2021.09.03 11:45;4;23,25;22,9375;25,25;527;202;0;
11618;2021.09.03 12:00;4;23,6875;23,375;25,75;530;202;0;
11619;2021.09.03 12:15;4;24,125;23,875;26,3125;534;202;0;
11620;2021.09.03 12:30;4;24,625;24,375;26,875;537;202;0;
11621;2021.09.03 12:45;4;25,125;24,875;27,3125;541;202;0;
11622;2021.09.03 13:00;4;25,625;25,375;27,75;544;202;0;
11623;2021.09.03 13:15;4;26,125;25,8125;28,125;548;202;0;
11624;2021.09.03 13:30;4;26,5;26,25;28,375;551;202;0;
11625;2021.09.03 13:45;4;26,875;26,625;28,6875;553;202;0;
11626;2021.09.03 14:00;4;27,25;27;28,875;556;202;0;
11627;2021.09.03 14:15;4;27,625;27,375;29;558;202;0;
11628;2021.09.03 14:30;4;27,875;27,6875;29,0625;560;202;0;
11629;2021.09.03 14:45;4;28,125;27,875;29;561;202;0;
11630;2021.09.03 15:00;4;28,25;28,125;28,875;562;202;0;
11631;2021.09.03 15:15;4;28,375;28,25;28,75;563;202;0;
11632;2021.09.03 15:30;4;28,5;28,25;28,5;563;202;0;
11633;2021.09.03 15:45;4;28,5;28,25;28,125;563;202;0;
11634;2021.09.03 16:00;4;28,375;28,25;27,6875;562;202;0;
11635;2021.09.03 16:15;4;28,25;28,0625;27,125;561;202;0;
11636;2021.09.03 16:30;4;27,875;27,875;26,375;559;202;0;
11637;2021.09.03 16:45;4;27,375;27,4375;25,5;555;202;0;
11638;2021.09.03 17:00;4;26,875;27;25,125;551;202;0;
11639;2021.09.03 17:15;4;26,5625;26,625;25;549;202;0;
11640;2021.09.03 17:30;4;26,25;26,375;24,75;547;202;0;
11641;2021.09.03 17:45;4;26;26,125;24,375;545;202;0;
11642;2021.09.03 18:00;4;25,8125;25,875;24,125;543;202;0;
11643;2021.09.03 18:15;4;25,5625;25,5625;23,8125;541;202;0;
11644;2021.09.03 18:30;4;25,375;25,25;23,5;539;202;0;
11645;2021.09.03 18:45;4;25,125;25;23,25;538;202;0;
11646;2021.09.03 19:00;4;24,875;24,75;23;536;202;0;
11647;2021.09.03 19:15;4;24,625;24,5;22,75;534;202;0;
11648;2021.09.03 19:30;4;24,375;24,25;22,5;533;202;0;
11649;2021.09.03 19:45;4;24,125;24;22,25;531;202;0;
11650;2021.09.03 20:00;4;23,875;23,75;22,125;529;202;0;
11651;2021.09.03 20:15;4;23,6875;23,5;21,875;528;202;0;
11652;2021.09.03 20:30;4;23,4375;23,25;21,6875;527;202;0;
11653;2021.09.03 20:45;4;23,25;23,0625;21,5;525;202;0;
11654;2021.09.03 21:00;4;23;22,875;21,3125;524;202;0;
11655;2021.09.03 21:15;4;22,8125;22,625;21,125;523;202;0;
11656;2021.09.03 21:30;4;22,625;22,4375;21;521;202;0;
11657;2021.09.03 21:45;4;22,4375;22,25;20,75;520;202;0;
11658;2021.09.03 22:00;4;22,25;22,0625;20,625;519;202;0;
11659;2021.09.03 22:15;4;22,0625;21,875;20,5;518;202;0;
11660;2021.09.03 22:30;4;21,875;21,75;20,375;517;202;0;
11661;2021.09.03 22:45;4;21,75;21,5;20,25;516;202;0;
11662;2021.09.03 23:00;4;21,625;21,375;20,1875;515;202;0;
11663;2021.09.03 23:15;4;21,4375;21,25;20,0625;514;202;0;
11664;2021.09.03 23:30;4;21,25;21,125;19,9375;513;202;0;
11665;2021.09.03 23:45;4;21,125;21;19,75;513;202;0;
11666;2021.09.04 00:00;4;21;20,875;19,625;512;202;0;
11667;2021.09.04 00:15;4;20,875;20,6875;19,5;511;202;0;
11668;2021.09.04 00:30;4;20,75;20,5625;19,375;510;202;0;
11669;2021.09.04 00:45;4;20,625;20,4375;19,25;510;202;0;
11670;2021.09.04 01:00;4;20,5;20,3125;19,1875;509;202;0;
11671;2021.09.04 01:15;4;20,375;20,1875;19,125;508;202;0;
11672;2021.09.04 01:30;4;20,25;20,0625;19;507;202;0;
11673;2021.09.04 01:45;4;20,125;19,9375;18,9375;507;202;0;
11674;2021.09.04 02:00;4;20;19,875;18,875;506;202;0;
11675;2021.09.04 02:15;4;19,9375;19,75;18,8125;506;202;0;
11676;2021.09.04 02:30;4;19,875;19,625;18,75;505;202;0;
11677;2021.09.04 02:45;4;19,75;19,625;18,75;505;202;0;
11678;2021.09.04 03:00;4;19,625;19,5;18,625;504;202;0;
11679;2021.09.04 03:15;4;19,625;19,4375;18,625;504;202;0;
11680;2021.09.04 03:30;4;19,5;19,375;18,5625;503;202;0;
11681;2021.09.04 03:45;4;19,4375;19,25;18,5;503;202;0;
11682;2021.09.04 04:00;4;19,375;19,25;18,5;503;202;0;
11683;2021.09.04 04:15;4;19,375;19,125;18,4375;502;202;0;
11684;2021.09.04 04:30;4;19,25;19,125;18,4375;502;202;0;
11685;2021.09.04 04:45;4;19,25;19,0625;18,375;502;202;0;
11686;2021.09.04 05:00;4;19,1875;19;18,375;502;202;0;
11687;2021.09.04 05:15;4;19,125;19;18,375;501;202;0;
11688;2021.09.04 05:30;4;19,0625;18,9375;18,375;501;202;0;
11689;2021.09.04 05:45;4;19;18,875;18,3125;501;202;0;
11690;2021.09.04 06:00;4;19;18,875;18,25;501;202;0;
11691;2021.09.04 06:15;4;18,9375;18,75;18,25;501;202;0;
11692;2021.09.04 06:30;4;18,875;18,75;18,25;500;202;0;
11693;2021.09.04 06:45;4;18,875;18,75;18,25;500;202;0;
11694;2021.09.04 07:00;4;18,8125;18,6875;18,25;500;202;0;
11695;2021.09.04 07:15;4;18,8125;18,625;18,25;500;202;0;
11696;2021.09.04 07:30;4;18,75;18,625;18,25;500;202;0;
11697;2021.09.04 07:45;4;18,75;18,625;18,375;500;202;0;
11698;2021.09.04 08:00;4;18,75;18,625;18,5625;500;202;0;
11699;2021.09.04 08:15;4;18,875;18,6875;18,75;500;202;0;
11700;2021.09.04 08:30;4;18,875;18,75;19;501;202;0;
11701;2021.09.04 08:45;4;19;18,875;19,4375;501;202;0;
11702;2021.09.04 09:00;4;19,1875;19;19,875;502;202;0;
11703;2021.09.04 09:15;4;19,375;19,25;20,25;504;202;0;
11704;2021.09.04 09:30;4;19,625;19,5;20,625;505;202;0;
11705;2021.09.04 09:45;4;19,875;19,75;21;507;202;0;
11706;2021.09.04 10:00;4;20,125;19,9375;21,25;509;202;0;
11707;2021.09.04 10:15;4;20,375;20,25;21,5;511;202;0;
11708;2021.09.04 10:30;4;20,625;20,4375;21,75;512;202;0;
11709;2021.09.04 10:45;4;20,8125;20,6875;21,875;514;202;0;
11710;2021.09.04 11:00;4;21,0625;20,9375;22,125;516;202;0;
11711;2021.09.04 11:15;4;21,25;21,125;22,3125;517;202;0;
11712;2021.09.04 11:30;4;21,5;21,375;22,5;519;202;0;
11713;2021.09.04 11:45;4;21,75;21,625;22,6875;520;202;0;
11714;2021.09.04 12:00;4;21,9375;21,8125;22,875;522;202;0;
11715;2021.09.04 12:15;4;22,125;22;23;523;202;0;
11716;2021.09.04 12:30;4;22,375;22,1875;23,125;524;202;0;
11717;2021.09.04 12:45;4;22,5625;22,375;23,375;526;202;0;
11718;2021.09.04 13:00;4;22,75;22,625;23,625;527;202;0;
11719;2021.09.04 13:15;4;23;22,8125;23,875;529;202;0;
11720;2021.09.04 13:30;4;23,25;23;24,25;530;202;0;
11721;2021.09.04 13:45;4;23,5;23,25;24,5625;532;202;0;
11722;2021.09.04 14:00;4;23,75;23,5625;25;534;202;0;
11723;2021.09.04 14:15;4;24,125;23,875;25,375;536;202;0;
11724;2021.09.04 14:30;4;24,4375;24,1875;25,75;539;202;0;
11725;2021.09.04 14:45;4;24,8125;24,5;26,1875;541;202;0;
11726;2021.09.04 15:00;4;25,125;24,875;26,625;544;202;0;
11727;2021.09.04 15:15;4;25,5;25,25;26,9375;546;202;0;
11728;2021.09.04 15:30;4;25,875;25,5625;27,25;549;202;0;
11729;2021.09.04 15:45;4;26,1875;25,875;27,4375;551;202;0;
11730;2021.09.04 16:00;4;26,5;26,1875;27,5625;553;202;0;
11731;2021.09.04 16:15;4;26,75;26,5;27,625;554;202;0;
11732;2021.09.04 16:30;4;26,9375;26,625;27,625;556;202;0;
11733;2021.09.04 16:45;4;27,0625;26,875;27,5625;556;202;0;
11734;2021.09.04 17:00;4;27,125;26,9375;27,375;557;202;0;
11735;2021.09.04 17:15;4;27,1875;27;27,125;557;202;0;
11736;2021.09.04 17:30;4;27,1875;27;26,875;557;202;0;
11737;2021.09.04 17:45;4;27,125;26,9375;26,5;556;202;0;
11738;2021.09.04 18:00;4;27;26,8125;26,125;555;202;0;
11739;2021.09.04 18:15;4;26,875;26,6875;25,6875;554;202;0;
11740;2021.09.04 18:30;4;26,625;26,5;25,25;553;202;0;
11741;2021.09.04 18:45;4;26,4375;26,25;24,75;551;202;0;
11742;2021.09.04 19:00;4;26,1875;26;24,375;549;202;0;
11743;2021.09.04 19:15;4;25,875;25,75;23,875;547;202;0;
11744;2021.09.04 19:30;4;25,625;25,4375;23,5;545;202;0;
11745;2021.09.04 19:45;4;25,375;25,125;23,125;543;202;0;
11746;2021.09.04 20:00;4;25;24,8125;22,75;541;202;0;
11747;2021.09.04 20:15;4;24,75;24,5;22,375;539;202;0;
11748;2021.09.04 20:30;4;24,375;24,125;22;537;202;0;
11749;2021.09.04 20:45;4;24,125;23,875;21,6875;535;202;0;
11750;2021.09.04 21:00;4;23,75;23,5;21,375;533;202;0;
11751;2021.09.04 21:15;4;23,5;23,25;21,0625;531;202;0;
11752;2021.09.04 21:30;4;23,125;22,875;20,8125;529;202;0;
11753;2021.09.04 21:45;4;22,875;22,625;20,5625;527;202;0;
11754;2021.09.04 22:00;4;22,625;22,375;20,3125;525;202;0;
11755;2021.09.04 22:15;4;22,3125;22,0625;20,0625;524;202;0;
11756;2021.09.04 22:30;4;22,0625;21,8125;19,875;522;202;0;
11757;2021.09.04 22:45;4;21,75;21,5;19,625;520;202;0;
11758;2021.09.04 23:00;4;21,5;21,25;19,375;519;202;0;
11759;2021.09.04 23:15;4;21,25;21,0625;19,125;517;202;0;
11760;2021.09.04 23:30;4;21,0625;20,8125;19;516;202;0;
11761;2021.09.04 23:45;4;20,8125;20,5625;18,75;515;202;0;
11762;2021.09.05 00:00;4;20,625;20,375;18,625;513;202;0;
11763;2021.09.05 00:15;4;20,375;20,125;18,4375;512;202;0;
11764;2021.09.05 00:30;4;20,1875;19,9375;18,3125;511;202;0;
11765;2021.09.05 00:45;4;20;19,75;18,1875;510;202;0;
11766;2021.09.05 01:00;4;19,8125;19,5625;18,0625;509;202;0;
11767;2021.09.05 01:15;4;19,625;19,375;18;508;202;0;
11768;2021.09.05 01:30;4;19,5;19,25;17,8125;507;202;0;
11769;2021.09.05 01:45;4;19,3125;19,125;17,6875;506;202;0;
11770;2021.09.05 02:00;4;19,125;18,9375;17,5625;505;202;0;
11771;2021.09.05 02:15;4;19;18,8125;17,4375;504;202;0;
11772;2021.09.05 02:30;4;18,875;18,625;17,3125;503;202;0;
11773;2021.09.05 02:45;4;18,75;18,5;17,125;502;202;0;
11774;2021.09.05 03:00;4;18,625;18,375;17;502;202;0;
11775;2021.09.05 03:15;4;18,4375;18,25;16,875;501;202;0;
11776;2021.09.05 03:30;4;18,3125;18,125;16,8125;500;202;0;
11777;2021.09.05 03:45;4;18,1875;18;16,6875;499;202;0;
11778;2021.09.05 04:00;4;18,0625;17,875;16,625;499;202;0;
11779;2021.09.05 04:15;4;17,9375;17,75;16,5;498;202;0;
11780;2021.09.05 04:30;4;17,8125;17,625;16,375;497;202;0;
11781;2021.09.05 04:45;4;17,6875;17,5;16,25;497;202;0;
11782;2021.09.05 05:00;4;17,625;17,375;16,125;496;202;0;
11783;2021.09.05 05:15;4;17,5;17,25;16,0625;495;202;0;
11784;2021.09.05 05:30;4;17,375;17,125;16;495;202;0;
11785;2021.09.05 05:45;4;17,25;17,0625;15,875;494;202;0;
11786;2021.09.05 06:00;4;17,125;17;15,875;494;202;0;
11787;2021.09.05 06:15;4;17,0625;16,875;15,9375;493;202;0;
11788;2021.09.05 06:30;4;17;16,875;16,125;493;202;0;
11789;2021.09.05 06:45;4;17;16,8125;16,375;493;202;0;
11790;2021.09.05 07:00;4;17;16,875;16,6875;493;202;0;
11791;2021.09.05 07:15;4;17,125;16,9375;17,0625;494;202;0;
11792;2021.09.05 07:30;4;17,25;17,0625;17,4375;494;202;0;
11793;2021.09.05 07:45;4;17,375;17,25;17,875;495;202;0;
11794;2021.09.05 08:00;4;17,5625;17,4375;18,375;497;202;0;
11795;2021.09.05 08:15;4;17,8125;17,625;18,875;498;202;0;
11796;2021.09.05 08:30;4;18,125;18;19,375;500;202;0;
11797;2021.09.05 08:45;4;18,4375;18,3125;19,9375;503;202;0;
11798;2021.09.05 09:00;4;18,8125;18,6875;20,5625;505;202;0;
11799;2021.09.05 09:15;4;19,25;19,125;21,1875;508;202;0;
11800;2021.09.05 09:30;4;19,6875;19,5;21,8125;512;202;0;
11801;2021.09.05 09:45;4;20,1875;20;22,5;515;202;0;
11802;2021.09.05 10:00;4;20,6875;20,5;23,125;519;202;0;
11803;2021.09.05 10:15;4;21,25;21,0625;23,75;523;202;0;
11804;2021.09.05 10:30;4;21,75;21,625;24,375;527;202;0;
11805;2021.09.05 10:45;4;22,375;22,1875;25,0625;531;202;0;
11806;2021.09.05 11:00;4;23;22,75;25,6875;535;202;0;
11807;2021.09.05 11:15;4;23,5625;23,375;26,375;539;202;0;
11808;2021.09.05 11:30;4;24,1875;24;26,9375;544;202;0;
11809;2021.09.05 11:45;4;24,75;24,625;27,5;548;202;0;
11810;2021.09.05 12:00;4;25,375;25,1875;28,0625;552;202;0;
11811;2021.09.05 12:15;4;26;25,75;28,625;556;202;0;
11812;2021.09.05 12:30;4;26,5625;26,375;29,125;560;202;0;
11813;2021.09.05 12:45;4;27,125;26,875;29,5;564;202;0;
11814;2021.09.05 13:00;4;27,625;27,375;29,9375;567;202;0;
11815;2021.09.05 13:15;4;28,125;27,875;30,3125;571;202;0;
11816;2021.09.05 13:30;4;28,625;28,375;30,625;574;202;0;
11817;2021.09.05 13:45;4;29,0625;28,8125;30,75;576;202;0;
11818;2021.09.05 14:00;4;29,375;29,125;30,875;578;202;0;
11819;2021.09.05 14:15;4;29,75;29,5;30,9375;580;202;0;
11820;2021.09.05 14:30;4;30;29,75;31;581;202;0;
11821;2021.09.05 14:45;4;30,25;30;31,125;583;202;0;
11822;2021.09.05 15:00;4;30,375;30,125;31,125;583;202;0;
11823;2021.09.05 15:15;4;30,5625;30,3125;31;584;202;0;
11824;2021.09.05 15:30;4;30,625;30,4375;30,8125;584;202;0;
11825;2021.09.05 15:45;4;30,625;30,5;30,5;584;202;0;
11826;2021.09.05 16:00;4;30,625;30,4375;30,1875;583;202;0;
11827;2021.09.05 16:15;4;30,5625;30,375;29,9375;582;202;0;
11828;2021.09.05 16:30;4;30,5;30,25;29,625;581;202;0;
11829;2021.09.05 16:45;4;30,3125;30,125;29,25;579;202;0;
11830;2021.09.05 17:00;4;30,125;29,9375;28,875;578;202;0;
11831;2021.09.05 17:15;4;29,9375;29,75;28,625;576;202;0;
11832;2021.09.05 17:30;4;29,75;29,5;28,25;574;202;0;
11833;2021.09.05 17:45;4;29,5;29,25;27,875;572;202;0;
11834;2021.09.05 18:00;4;29,25;29;27,5;570;202;0;
11835;2021.09.05 18:15;4;29;28,75;27,125;568;202;0;
11836;2021.09.05 18:30;4;28,625;28,5;26,625;566;202;0;
11837;2021.09.05 18:45;4;28,375;28,125;26,125;563;202;0;
11838;2021.09.05 19:00;4;28;27,75;25,6875;561;202;0;
11839;2021.09.05 19:15;4;27,625;27,4375;25,25;558;202;0;
11840;2021.09.05 19:30;4;27,25;27,0625;24,75;556;202;0;
11841;2021.09.05 19:45;4;26,875;26,6875;24,25;553;202;0;
11842;2021.09.05 20:00;4;26,5;26,25;23,875;551;202;0;
11843;2021.09.05 20:15;4;26,125;25,875;23,375;548;202;0;
11844;2021.09.05 20:30;4;25,75;25,5;23;545;202;0;
11845;2021.09.05 20:45;4;25,375;25,125;22,625;543;202;0;
11846;2021.09.05 21:00;4;25;24,75;22,25;540;202;0;
11847;2021.09.05 21:15;4;24,625;24,375;21,875;538;202;0;
11848;2021.09.05 21:30;4;24,25;24;21,5;535;202;0;
11849;2021.09.05 21:45;4;23,875;23,625;21,125;533;202;0;
11850;2021.09.05 22:00;4;23,5;23,25;20,875;531;202;0;
11851;2021.09.05 22:15;4;23,1875;22,9375;20,5;529;202;0;
11852;2021.09.05 22:30;4;22,875;22,625;20,25;526;202;0;
11853;2021.09.05 22:45;4;22,5;22,25;20;524;202;0;
11854;2021.09.05 23:00;4;22,25;22;19,75;522;202;0;
11855;2021.09.05 23:15;4;21,875;21,625;19,5;521;202;0;
11856;2021.09.05 23:30;4;21,625;21,375;19,25;519;202;0;
11857;2021.09.05 23:45;4;21,375;21,125;19,0625;517;202;0;
11858;2021.09.06 00:00;4;21,125;20,875;18,875;516;202;0;
11859;2021.09.06 00:15;4;20,875;20,625;18,75;514;202;0;
11860;2021.09.06 00:30;4;20,625;20,375;18,5;513;202;0;
11861;2021.09.06 00:45;4;20,375;20,125;18,375;511;202;0;
11862;2021.09.06 01:00;4;20,1875;20;18,25;510;202;0;
11863;2021.09.06 01:15;4;20;19,75;18,125;509;202;0;
11864;2021.09.06 01:30;4;19,8125;19,625;18;508;202;0;
11865;2021.09.06 01:45;4;19,625;19,375;17,875;507;202;0;
11866;2021.09.06 02:00;4;19,5;19,25;17,75;506;202;0;
11867;2021.09.06 02:15;4;19,25;19,0625;17,5625;505;202;0;
11868;2021.09.06 02:30;4;19,125;18,875;17,375;504;202;0;
11869;2021.09.06 02:45;4;19;18,75;17,25;503;202;0;
11870;2021.09.06 03:00;4;18,75;18,625;17,125;502;202;0;
11871;2021.09.06 03:15;4;18,625;18,375;16,875;501;202;0;
11872;2021.09.06 03:30;4;18,5;18,25;16,75;500;202;0;
11873;2021.09.06 03:45;4;18,25;18,125;16,625;499;202;0;
11874;2021.09.06 04:00;4;18,125;17,875;16,4375;498;202;0;
11875;2021.09.06 04:15;4;18;17,75;16,25;497;202;0;
11876;2021.09.06 04:30;4;17,8125;17,625;16,125;496;202;0;
11877;2021.09.06 04:45;4;17,625;17,4375;16;495;202;0;
11878;2021.09.06 05:00;4;17,5;17,3125;16;494;202;0;
11879;2021.09.06 05:15;4;17,5;17,25;16,3125;493;202;0;
11880;2021.09.06 05:30;4;17,5;17,25;16,625;494;202;0;
11881;2021.09.06 05:45;4;17,5625;17,25;17;494;202;0;
11882;2021.09.06 06:00;4;17,6875;17,375;17,25;496;202;0;
11883;2021.09.06 06:15;4;17,8125;17,5625;17,875;496;202;0;
11884;2021.09.06 06:30;4;17,875;17,75;18,25;497;202;0;
11885;2021.09.06 06:45;4;18,125;18;18,5;499;202;0;
11886;2021.09.06 07:00;4;18,3125;18,25;18,875;500;202;0;
11887;2021.09.06 07:15;4;18,5625;18,5;19,125;502;202;0;
11888;2021.09.06 07:30;4;18,8125;18,75;19,1875;504;202;0;
11889;2021.09.06 07:45;4;19;18,9375;19,125;505;202;0;
11890;2021.09.06 08:00;4;19,25;19,125;19,1875;506;202;0;
11891;2021.09.06 08:15;4;19,4375;19,25;19,3125;508;202;0;
11892;2021.09.06 08:30;4;19,5625;19,375;18,875;508;202;0;
11893;2021.09.06 08:45;4;19,625;19,375;19,25;511;202;0;
11894;2021.09.06 09:00;4;20;19,625;20,3125;512;202;0;
11895;2021.09.06 09:15;4;20;19,75;20,375;511;202;0;
11896;2021.09.06 09:30;4;19,875;19,6875;19,9375;511;202;0;
11897;2021.09.06 09:45;4;19,875;19,625;20;510;202;0;
11898;2021.09.06 10:00;4;19,875;19,625;20;510;202;0;
11899;2021.09.06 10:15;4;19,8125;19,625;19,625;510;202;0;
11900;2021.09.06 10:30;4;19,875;19,5;19,375;510;202;0;
11901;2021.09.06 10:45;4;19,75;19,4375;19,125;509;202;0;
11902;2021.09.06 11:00;4;19,625;19,3125;18,75;509;202;0;
11903;2021.09.06 11:15;4;19,5;19,1875;18,4375;508;202;0;
11904;2021.09.06 11:30;4;19,3125;19;18,5625;507;202;0;
11905;2021.09.06 11:45;4;19,25;18,9375;18,625;507;202;0;
11906;2021.09.06 12:00;4;19,125;18,875;18,5;507;202;0;
11907;2021.09.06 12:15;4;19;18,75;18,25;506;202;0;
11908;2021.09.06 12:30;4;18,875;18,625;18,25;506;202;0;
11909;2021.09.06 12:45;4;18,75;18,5625;18;506;202;0;
11910;2021.09.06 13:00;4;18,5;18,4375;17,5;500;202;0;
11911;2021.09.06 13:15;4;18,4375;18,375;16,25;494;202;0;
11912;2021.09.06 13:30;4;18,375;18,25;15,75;502;202;0;
11913;2021.09.06 13:45;4;17,6875;17,75;18,375;498;202;0;
11914;2021.09.06 14:00;4;17,625;17,625;19,625;498;202;0;
11915;2021.09.06 14:15;4;17,625;17,625;18,875;499;202;0;
11916;2021.09.06 14:30;4;17,375;17,5;16,75;497;202;0;
11917;2021.09.06 14:45;4;16,75;17,125;17,5;494;202;0;
11918;2021.09.06 15:00;4;16,3125;16,6875;14,9375;492;202;0;
11919;2021.09.06 15:15;4;15,4375;15,875;13,5;487;202;0;
11920;2021.09.06 15:30;4;14,875;15,25;13,5;484;202;0;
11921;2021.09.06 15:45;4;14,75;15;14,25;483;202;0;
11922;2021.09.06 16:00;4;14,5625;14,8125;13,625;482;202;0;
11923;2021.09.06 16:15;4;14,375;14,625;13;482;202;0;
11924;2021.09.06 16:30;4;14,25;14,375;12,875;481;202;0;
11925;2021.09.06 16:45;4;14;14,125;12,375;480;202;0;
11926;2021.09.06 17:00;4;13,25;13,625;11,4375;473;202;0;
11927;2021.09.06 17:15;4;11,9375;12,5;10,5;466;202;0;
11928;2021.09.06 17:30;4;10,8125;11,4375;9,75;460;202;0;
11929;2021.09.06 17:45;4;9,875;10,4375;8,875;456;202;0;
11930;2021.09.06 18:00;4;9;9,5;8,1875;452;202;0;
11931;2021.09.06 18:15;4;8,25;8,625;7,5;453;202;0;
11932;2021.09.06 18:30;4;7,875;8,125;7,375;453;202;0;
11933;2021.09.06 18:45;4;7,5;7,8125;7,125;453;202;0;
11934;2021.09.06 19:00;4;7,125;7,4375;6,8125;453;202;0;
11935;2021.09.06 19:15;4;6,875;7,125;6,625;453;202;0;
11936;2021.09.06 19:30;4;6,5625;6,875;6,375;453;202;0;
11937;2021.09.06 19:45;4;6,25;6,5625;6,0625;452;202;0;
11938;2021.09.06 20:00;4;5,9375;6,25;5,75;452;202;0;
11939;2021.09.06 20:15;4;5,6875;6;5,4375;452;202;0;
11940;2021.09.06 20:30;4;5,5;5,75;5,375;452;202;0;
11941;2021.09.06 20:45;4;5,3125;5,5625;5,125;452;202;0;
11942;2021.09.06 21:00;4;5,0625;5,3125;4,875;452;202;0;
11943;2021.09.06 21:15;4;5,1875;5,25;5,125;453;202;0;
11944;2021.09.06 21:30;4;5,125;5,25;5;454;202;0;
11945;2021.09.06 21:45;4;4,875;5,0625;4,75;454;202;0;
11946;2021.09.06 22:00;4;4,75;4,875;4,625;454;202;0;
11947;2021.09.06 22:15;4;4,625;4,75;4,5;454;202;0;
11948;2021.09.06 22:30;4;4,5;4,625;4,3125;454;202;0;
11949;2021.09.06 22:45;4;4,25;4,4375;4,125;454;202;0;
11950;2021.09.06 23:00;4;4,125;4,25;4;454;202;0;
11951;2021.09.06 23:15;4;4;4,125;3,875;454;202;0;
11952;2021.09.06 23:30;4;3,875;4;3,75;454;202;0;
11953;2021.09.06 23:45;4;3,6875;3,875;3,5;453;202;0;
11954;2021.09.07 00:00;4;3,4375;3,625;3,25;452;202;0;
11955;2021.09.07 00:15;4;3,25;3,4375;3,0625;452;202;0;
11956;2021.09.07 00:30;4;3,125;3,25;3;452;202;0;
11957;2021.09.07 00:45;4;3,125;3,1875;3;452;202;0;
11958;2021.09.07 01:00;4;3,0625;3,125;3;452;202;0;
11959;2021.09.07 01:15;4;3;3,125;2,875;453;202;0;
11960;2021.09.07 01:30;4;2,875;3;2,75;452;202;0;
11961;2021.09.07 01:45;4;2,8125;2,875;2,625;452;202;0;
11962;2021.09.07 02:00;4;2,75;2,75;2,625;452;202;0;
11963;2021.09.07 02:15;4;2,625;2,75;2,5;452;202;0;
11964;2021.09.07 02:30;4;2,5625;2,625;2,4375;452;202;0;
11965;2021.09.07 02:45;4;2,4375;2,5;2,3125;452;202;0;
11966;2021.09.07 03:00;4;2,3125;2,375;2,1875;451;202;0;
11967;2021.09.07 03:15;4;2,25;2,3125;2,125;451;202;0;
11968;2021.09.07 03:30;4;2,125;2,25;2,0625;451;202;0;
11969;2021.09.07 03:45;4;2,125;2,125;2;452;202;0;
11970;2021.09.07 04:00;4;2;2,125;1,875;451;202;0;
11971;2021.09.07 04:15;4;1,875;2;1,75;451;202;0;
11972;2021.09.07 04:30;4;1,875;1,875;1,75;451;202;0;
11973;2021.09.07 04:45;4;1,875;1,875;1,75;451;202;0;
11974;2021.09.07 05:00;4;1,75;1,8125;1,75;451;202;0;
11975;2021.09.07 05:15;4;1,875;1,875;1,875;452;202;0;
11976;2021.09.07 05:30;4;1,8125;1,8125;1,75;452;202;0;
11977;2021.09.07 05:45;4;2,375;2,125;2,5;456;202;0;
11978;2021.09.07 06:00;4;3,3125;2,75;3,625;463;202;0;
11979;2021.09.07 06:15;4;4,9375;4;5,5625;474;202;0;
11980;2021.09.07 06:30;4;6,875;5,625;7,875;486;202;0;
11981;2021.09.07 06:45;4;8,25;7,25;9,25;495;202;0;
11982;2021.09.07 07:00;4;10,3125;9;11,1875;506;202;0;
11983;2021.09.07 07:15;4;12;10,625;12,625;513;202;0;
11984;2021.09.07 07:30;4;13,25;12,25;13,75;516;202;0;
11985;2021.09.07 07:45;4;14,25;13,5;14,4375;517;202;0;
11986;2021.09.07 08:00;4;18,1875;14,3125;12,6875;532;202;0;
11987;2021.09.07 08:15;4;17,625;15;13,125;521;202;0;
11988;2021.09.07 08:30;4;18;15,75;13,375;520;202;0;
11989;2021.09.07 08:45;4;18,625;16,6875;13,875;521;202;0;
11990;2021.09.07 09:00;4;19,375;17,5;14,4375;522;202;0;
11991;2021.09.07 09:15;4;19,75;17,75;14,5;520;202;0;
11992;2021.09.07 09:30;4;19;17,5;13,875;514;202;0;
11993;2021.09.07 09:45;4;18;16,625;12,75;506;202;0;
11994;2021.09.07 10:00;4;17,125;15,875;13,3125;500;202;0;
11995;2021.09.07 10:15;4;17;15,875;14,6875;499;202;0;
11996;2021.09.07 10:30;4;16,5;15,75;14,75;497;202;0;
11997;2021.09.07 10:45;4;16,625;15,875;15,25;498;202;0;
11998;2021.09.07 11:00;4;17,0625;16;15,75;499;202;0;
11999;2021.09.07 11:15;4;17,1875;16,25;15,8125;499;202;0;
12000;2021.09.07 11:30;4;17,375;16,4375;16,25;500;202;0;
12001;2021.09.07 11:45;4;17,375;16,625;16,375;500;202;0;
12002;2021.09.07 12:00;4;17,0625;16,5625;16,0625;499;202;0;
12003;2021.09.07 12:15;4;16,875;16,5;16,25;498;202;0;
12004;2021.09.07 12:30;4;16,75;16,5;16,5625;498;202;0;
12005;2021.09.07 12:45;4;16,75;16,625;17,125;498;202;0;
12006;2021.09.07 13:00;4;16,5;16,4375;16,6875;504;202;0;
12007;2021.09.07 13:15;4;16;16;15,75;502;202;0;
12008;2021.09.07 13:30;4;15,6875;15,625;15,875;500;202;0;
12009;2021.09.07 13:45;4;15,5625;15,5;16,125;500;202;0;
12010;2021.09.07 14:00;4;15,5;15,375;16;500;202;0;
12011;2021.09.07 14:15;4;15,375;15,3125;16,125;500;202;0;
12012;2021.09.07 14:30;4;15,25;15,25;15,1875;500;202;0;
12013;2021.09.07 14:45;4;15,375;15,125;15,75;496;202;0;
12014;2021.09.07 15:00;4;15,5;15,3125;15,75;497;202;0;
12015;2021.09.07 15:15;4;15,625;15,5;15,8125;498;202;0;
12016;2021.09.07 15:30;4;15,5;15,5;15;497;202;0;
12017;2021.09.07 15:45;4;15,5;15,375;15;497;202;0;
12018;2021.09.07 16:00;4;15,8125;15,625;15,8125;499;202;0;
12019;2021.09.07 16:15;4;15,875;15,75;16;500;202;0;
12020;2021.09.07 16:30;4;16;15,875;15,9375;500;202;0;
12021;2021.09.07 16:45;4;15,125;15,3125;13,9375;496;202;0;
12022;2021.09.07 17:00;4;14,5;14,5625;12,75;493;202;0;
12023;2021.09.07 17:15;4;13,8125;13,75;11,8125;489;202;0;
12024;2021.09.07 17:30;4;13,25;13,125;11,1875;486;202;0;
12025;2021.09.07 17:45;4;12,625;12,5;10,625;483;202;0;
12026;2021.09.07 18:00;4;12,125;11,875;10,1875;481;202;0;
12027;2021.09.07 18:15;4;11,6875;11,375;9,8125;479;202;0;
12028;2021.09.07 18:30;4;11;10,875;9,375;471;202;0;
12029;2021.09.07 18:45;4;10,4375;10,375;9;468;202;0;
12030;2021.09.07 19:00;4;10;9,875;8,5;466;202;0;
12031;2021.09.07 19:15;4;9,625;9,5625;8,125;464;202;0;
12032;2021.09.07 19:30;4;9,3125;9,25;7,8125;463;202;0;
12033;2021.09.07 19:45;4;9,25;9,0625;8,25;464;202;0;
12034;2021.09.07 20:00;4;9,25;9;8,375;464;202;0;
12035;2021.09.07 20:15;4;9,25;9;8,375;465;202;0;
12036;2021.09.07 20:30;4;9,25;9;8,3125;466;202;0;
12037;2021.09.07 20:45;4;9,3125;9;8,375;467;202;0;
12038;2021.09.07 21:00;4;9,3125;9;8,375;468;202;0;
12039;2021.09.07 21:15;4;9,25;9;8,4375;468;202;0;
12040;2021.09.07 21:30;4;9,25;8,9375;8,4375;469;202;0;
12041;2021.09.07 21:45;4;9,25;8,875;8,4375;469;202;0;
12042;2021.09.07 22:00;4;9,1875;8,875;8,375;470;202;0;
12043;2021.09.07 22:15;4;9,125;8,8125;8,25;470;202;0;
12044;2021.09.07 22:30;4;9,0625;8,75;8,25;470;202;0;
12045;2021.09.07 22:45;4;9;8,6875;8,125;471;202;0;
12046;2021.09.07 23:00;4;8,9375;8,625;8,125;471;202;0;
12047;2021.09.07 23:15;4;8,875;8,5625;8,125;471;202;0;
12048;2021.09.07 23:30;4;8,875;8,5;8,0625;472;202;0;
12049;2021.09.07 23:45;4;8,75;8,5;8;472;202;0;
12050;2021.09.08 00:00;4;8,75;8,4375;8;473;202;0;
12051;2021.09.08 00:15;4;8,8125;8,4375;8;474;202;0;
12052;2021.09.08 00:30;4;8,8125;8,375;7,875;475;202;0;
12053;2021.09.08 00:45;4;8,75;8,375;7,75;476;202;0;
12054;2021.09.08 01:00;4;8,75;8,375;7,6875;477;202;0;
12055;2021.09.08 01:15;4;8,6875;8,3125;7,625;478;202;0;
12056;2021.09.08 01:30;4;8,625;8,25;7,625;479;202;0;
12057;2021.09.08 01:45;4;8,5625;8,25;7,5625;480;202;0;
12058;2021.09.08 02:00;4;8,5;8,125;7,5;481;202;0;
12059;2021.09.08 02:15;4;8,4375;8,125;7,5;482;202;0;
12060;2021.09.08 02:30;4;8,375;8;7,375;483;202;0;
12061;2021.09.08 02:45;4;8,25;7,9375;7,1875;483;202;0;
12062;2021.09.08 03:00;4;8,1875;7,875;7,1875;484;202;0;
12063;2021.09.08 03:15;4;8,125;7,8125;7,125;484;202;0;
12064;2021.09.08 03:30;4;8,0625;7,75;7;485;202;0;
12065;2021.09.08 03:45;4;8;7,6875;7;485;202;0;
12066;2021.09.08 04:00;4;7,875;7,625;6,9375;486;202;0;
12067;2021.09.08 04:15;4;7,875;7,625;6,9375;486;202;0;
12068;2021.09.08 04:30;4;7,75;7,5;6,875;487;202;0;
12069;2021.09.08 04:45;4;7,75;7,4375;6,75;487;202;0;
12070;2021.09.08 05:00;4;7,6875;7,375;6,8125;487;202;0;
12071;2021.09.08 05:15;4;7,625;7,375;6,75;487;202;0;
12072;2021.09.08 05:30;4;7,5;7,3125;6,75;487;202;0;
12073;2021.09.08 05:45;4;7,375;7,25;6,5625;486;202;0;
12074;2021.09.08 06:00;4;7,25;7,25;6,75;487;202;0;
12075;2021.09.08 06:15;4;7,25;7,25;7,25;489;202;0;
12076;2021.09.08 06:30;4;7,375;7,375;8;490;202;0;
12077;2021.09.08 06:45;4;7,875;7,625;9,75;494;202;0;
12078;2021.09.08 07:00;4;8;8;8,6875;496;202;0;
12079;2021.09.08 07:15;4;8,0625;8,0625;8,6875;497;202;0;
12080;2021.09.08 07:30;4;8;8,125;8,375;497;202;0;
12081;2021.09.08 07:45;4;8,0625;8,125;8,5;498;202;0;
12082;2021.09.08 08:00;4;13,25;9,875;11,375;383;202;0;
12083;2021.09.08 08:15;4;8,625;8,25;7;1700;202;0;
12084;2021.09.08 08:30;4;8,625;8,375;7;1731;202;0;
12085;2021.09.08 08:45;4;8,625;10,5;9,125;1752;202;0;
12086;2021.09.08 09:00;4;8,75;11,25;9,0625;1767;202;0;
12087;2021.09.08 09:15;4;8,875;12,375;10;1779;202;0;
12088;2021.09.08 09:30;4;9,0625;12,375;9,75;1788;202;0;
12089;2021.09.08 09:45;4;9,25;12,875;10,125;1796;202;0;
12090;2021.09.08 10:00;4;9,5;12,25;9,6875;1801;202;0;
12091;2021.09.08 10:15;4;9,6875;12,375;9,6875;1808;202;0;
12092;2021.09.08 10:30;4;9,875;12,5;9,875;1813;202;0;
12093;2021.09.08 10:45;4;10,125;12,625;10,25;1818;202;0;
12094;2021.09.08 11:00;4;10,25;13,3125;10,625;1824;202;0;
12095;2021.09.08 11:15;4;10,5;14,1875;11,125;1829;202;0;
12096;2021.09.08 11:30;4;10,625;14,5;11,3125;1834;202;0;
12097;2021.09.08 11:45;4;10,875;14,625;11,375;1838;202;0;
12098;2021.09.08 12:00;4;11,125;14,875;11,75;1842;202;0;
12099;2021.09.08 12:15;4;11,25;15;11,75;1846;202;0;
12100;2021.09.08 12:30;4;11,5;15,1875;11,875;1849;202;0;
12101;2021.09.08 12:45;4;11,625;15,5625;12,1875;1853;202;0;
12102;2021.09.08 13:00;4;11,8125;15,625;12,4375;1856;202;0;
12103;2021.09.08 13:15;4;12;15,875;12,5;1860;202;0;
12104;2021.09.08 13:30;4;12,125;15,875;12,6875;1862;202;0;
12105;2021.09.08 13:45;4;12,25;15,875;12,5;1864;202;0;
12106;2021.09.08 14:00;4;12,375;15,875;12,5;1866;202;0;
12107;2021.09.08 14:15;4;12,4375;15,75;12,5;1869;202;0;
12108;2021.09.08 14:30;4;12,5;13,375;10,875;1867;202;0;
12109;2021.09.08 14:45;4;12,5625;13,125;11,125;1869;202;0;
12110;2021.09.08 15:00;4;12,5625;12;10,875;1869;202;0;
12111;2021.09.08 15:15;4;12,5;11,5;10,375;1871;202;0;
12112;2021.09.08 15:30;4;12,4375;11,25;9,875;1871;202;0;
12113;2021.09.08 15:45;4;12,375;11,4375;10,125;1873;202;0;
12114;2021.09.08 16:00;4;12,25;9,625;9;1871;202;0;
12115;2021.09.08 16:15;4;12,1875;9,9375;9,375;1873;202;0;
12116;2021.09.08 16:30;4;12,0625;9,375;8,875;1874;202;0;
12117;2021.09.08 16:45;4;11,9375;8,625;8,3125;1874;202;0;
12118;2021.09.08 17:00;4;11,875;8,0625;8;1875;202;0;
12119;2021.09.08 17:15;4;11,6875;7,5;7,5625;1875;202;0;
12120;2021.09.08 17:30;4;11,5625;7,125;7,375;1876;202;0;
12121;2021.09.08 17:45;4;11,375;6,75;7;1877;202;0;
12122;2021.09.08 18:00;4;11,25;6,5625;6,8125;1878;202;0;
12123;2021.09.08 18:15;4;11,125;6,5;6,75;1879;202;0;
12124;2021.09.08 18:30;4;11;6,9375;6,9375;1881;202;0;
12125;2021.09.08 18:45;4;10,875;7,125;6,875;1882;202;0;
12126;2021.09.08 19:00;4;10,75;7,125;6,875;1883;202;0;
12127;2021.09.08 19:15;4;10,625;6,9375;6,75;1884;202;0;
12128;2021.09.08 19:30;4;10,5;6,75;6,5625;1885;202;0;
12129;2021.09.08 19:45;4;10,4375;6,625;6,5;1886;202;0;
12130;2021.09.08 20:00;4;10,375;6,4375;6,375;1886;202;0;
12131;2021.09.08 20:15;4;10,25;6,3125;6,25;1887;202;0;
12132;2021.09.08 20:30;4;10,125;6;6;1887;202;0;
12133;2021.09.08 20:45;4;10,125;5,875;5,9375;1888;202;0;
12134;2021.09.08 21:00;4;10;5,625;5,75;1888;202;0;
12135;2021.09.08 21:15;4;9,875;5,75;5,75;1890;202;0;
12136;2021.09.08 21:30;4;9,8125;5,6875;5,5;1890;202;0;
12137;2021.09.08 21:45;4;9,75;5,8125;5,5625;1891;202;0;
12138;2021.09.08 22:00;4;9,625;5,875;5,5625;1892;202;0;
12139;2021.09.08 22:15;4;9,625;5,875;5,625;1893;202;0;
12140;2021.09.08 22:30;4;9,5;6;5,6875;1894;202;0;
12141;2021.09.08 22:45;4;9,4375;6;5,75;1894;202;0;
12142;2021.09.08 23:00;4;9,375;5,9375;5,625;1894;202;0;
12143;2021.09.08 23:15;4;9,375;5,875;5,625;1894;202;0;
12144;2021.09.08 23:30;4;9,3125;5,75;5,375;1894;202;0;
12145;2021.09.08 23:45;4;9,25;5,6875;5,375;1895;202;0;
12146;2021.09.09 00:00;4;9,25;5,625;5,3125;1895;202;0;
12147;2021.09.09 00:15;4;9,125;5,5;5,125;1896;202;0;
12148;2021.09.09 00:30;4;9,125;5,375;5;1896;202;0;
12149;2021.09.09 00:45;4;9,0625;5,1875;4,8125;1896;202;0;
12150;2021.09.09 01:00;4;9;5,1875;4,875;1896;202;0;
12151;2021.09.09 01:15;4;9;5,1875;4,875;1897;202;0;
12152;2021.09.09 01:30;4;8,875;5,0625;4,75;1898;202;0;
12153;2021.09.09 01:45;4;8,875;5,125;4,8125;1899;202;0;
12154;2021.09.09 02:00;4;8,8125;5,125;4,75;1901;202;0;
12155;2021.09.09 02:15;4;8,75;5;4,75;1903;202;0;
12156;2021.09.09 02:30;4;8,75;4,9375;4,625;1905;202;0;
12157;2021.09.09 02:45;4;8,625;5;4,75;1908;202;0;
12158;2021.09.09 03:00;4;8,625;5;4,6875;1910;202;0;
12159;2021.09.09 03:15;4;8,625;4,875;4,625;1910;202;0;
12160;2021.09.09 03:30;4;8,5;5;4,75;1912;202;0;
12161;2021.09.09 03:45;4;8,5;5;4,6875;1912;202;0;
12162;2021.09.09 04:00;4;8,5;4,875;4,625;1913;202;0;
12163;2021.09.09 04:15;4;8,375;4,9375;4,625;1914;202;0;
12164;2021.09.09 04:30;4;8,375;4,875;4,5625;1916;202;0;
12165;2021.09.09 04:45;4;8,375;4,75;4,5;1929;202;0;
12166;2021.09.09 05:00;4;8,3125;4,75;4,5;1957;202;0;
12167;2021.09.09 05:15;4;8,25;4,75;4,375;1966;202;0;
12168;2021.09.09 05:30;4;8,25;4,75;4,4375;1968;202;0;
12169;2021.09.09 05:45;4;8,1875;4,75;4,375;1968;202;0;
12170;2021.09.09 06:00;4;8,125;4,75;4,375;1972;202;0;
12171;2021.09.09 06:15;4;8,125;4,875;4,4375;1973;202;0;
12172;2021.09.09 06:30;4;8,0625;4,9375;4,5;1974;202;0;
12173;2021.09.09 06:45;4;8;5;4,625;1975;202;0;
12174;2021.09.09 07:00;4;8;5,3125;4,75;1976;202;0;
12175;2021.09.09 07:15;4;8;5,375;4,875;1977;202;0;
12176;2021.09.09 07:30;4;8;5,375;4,75;1977;202;0;
12177;2021.09.09 07:45;4;8;5,5;4,875;1978;202;0;
12178;2021.09.09 08:00;4;8;6,1875;5,3125;1979;202;0;
12179;2021.09.09 08:15;4;8;6,625;5,5625;1980;202;0;
12180;2021.09.09 08:30;4;8,0625;6,4375;5,5;1979;202;0;
12181;2021.09.09 08:45;4;8,125;7,0625;5,875;1980;202;0;
12182;2021.09.09 09:00;4;8,125;7,25;5,875;1980;202;0;
12183;2021.09.09 09:15;4;8,25;6,9375;5,8125;1979;202;0;
12184;2021.09.09 09:30;4;8,25;7,625;6,1875;1980;202;0;
12185;2021.09.09 09:45;4;8,375;8,375;6,625;1980;202;0;
12186;2021.09.09 10:00;4;8,4375;8,5;6,8125;1980;202;0;
12187;2021.09.09 10:15;4;8,5;9,0625;7,3125;1981;202;0;
12188;2021.09.09 10:30;4;8,625;11,125;8,5;1983;202;0;
12189;2021.09.09 10:45;4;8,75;11,625;9,0625;1983;202;0;
12190;2021.09.09 11:00;4;9;11,125;8,5;1981;202;0;
12191;2021.09.09 11:15;4;9,125;11,125;8,625;1981;202;0;
12192;2021.09.09 11:30;4;9,375;9,5625;7,5;1977;202;0;
12193;2021.09.09 11:45;4;9,5;9,0625;7,375;1977;202;0;
12194;2021.09.09 12:00;4;9,625;8,125;6,6875;1975;202;0;
12195;2021.09.09 12:15;4;9,625;7,5;6,375;1974;202;0;
12196;2021.09.09 12:30;4;9,625;7,0625;6,125;1974;202;0;
12197;2021.09.09 12:45;4;9,625;6,625;6;1973;202;0;
12198;2021.09.09 13:00;4;9,625;6,375;5,75;1973;202;0;
12199;2021.09.09 13:15;4;9,5;6,25;5,75;1984;202;0;
12200;2021.09.09 13:30;4;9,5;6,5625;5,9375;2038;202;0;
12201;2021.09.09 13:45;4;9,375;6,625;6;2045;202;0;
12202;2021.09.09 14:00;4;9,375;6,5;5,8125;2045;202;0;
12203;2021.09.09 14:15;4;9,25;6,5;5,875;2044;202;0;
12204;2021.09.09 14:30;4;9,25;6,25;5,625;2043;202;0;
12205;2021.09.09 14:45;4;9,25;6,1875;5,5;2043;202;0;
12206;2021.09.09 15:00;4;9,1875;6,1875;5,625;2042;202;0;
12207;2021.09.09 15:15;4;9,125;6,125;5,5;2047;202;0;
12208;2021.09.09 15:30;4;9,0625;6,625;6;2056;202;0;
12209;2021.09.09 15:45;4;9;6,5;5,875;2058;202;0;
12210;2021.09.09 16:00;4;9;6,5;5,75;2060;202;0;
12211;2021.09.09 16:15;4;9;6,375;5,6875;2063;202;0;
12212;2021.09.09 16:30;4;9;6,375;5,75;2065;202;0;
12213;2021.09.09 16:45;4;9;6,375;5,75;2068;202;0;
12214;2021.09.09 17:00;4;8,9375;6,25;5,625;2068;202;0;
12215;2021.09.09 17:15;4;8,9375;6,125;5,625;2069;202;0;
12216;2021.09.09 17:30;4;8,875;5,875;5,5;2069;202;0;
12217;2021.09.09 17:45;4;8,875;5,8125;5,375;2069;202;0;
12218;2021.09.09 18:00;4;8,8125;5,75;5,25;2071;202;0;
12219;2021.09.09 18:15;4;8,75;5,6875;5,25;2076;202;0;
12220;2021.09.09 18:30;4;8,75;5,5625;5,125;2090;202;0;
12221;2021.09.09 18:45;4;8,625;5,5;5,125;2102;202;0;
12222;2021.09.09 19:00;4;8,625;5,5;5,125;2113;202;0;
12223;2021.09.09 19:15;4;8,5;5,4375;5,0625;2118;202;0;
12224;2021.09.09 19:30;4;8,5;5,4375;5,0625;2122;202;0;
12225;2021.09.09 19:45;4;8,4375;5,375;5;2126;202;0;
12226;2021.09.09 20:00;4;8,375;5,3125;5;2129;202;0;
12227;2021.09.09 20:15;4;8,375;5,25;4,875;2130;202;0;
12228;2021.09.09 20:30;4;8,25;5;4,75;2130;202;0;
12229;2021.09.09 20:45;4;8,25;5,0625;4,75;2131;202;0;
12230;2021.09.09 21:00;4;8,1875;5,0625;4,75;2133;202;0;
12231;2021.09.09 21:15;4;8,125;5;4,6875;2140;202;0;
12232;2021.09.09 21:30;4;8,125;5;4,6875;2142;202;0;
12233;2021.09.09 21:45;4;8;5;4,6875;2143;202;0;
12234;2021.09.09 22:00;4;8;5;4,75;2146;202;0;
12235;2021.09.09 22:15;4;7,9375;5;4,75;2152;202;0;
12236;2021.09.09 22:30;4;7,875;5;4,625;2157;202;0;
12237;2021.09.09 22:45;4;7,875;5;4,75;2163;202;0;
12238;2021.09.09 23:00;4;7,875;4,875;4,625;2167;202;0;
12239;2021.09.09 23:15;4;7,75;5;4,6875;2169;202;0;
12240;2021.09.09 23:30;4;7,75;4,9375;4,6875;2170;202;0;
12241;2021.09.09 23:45;4;7,75;5;4,6875;2171;202;0;
12242;2021.09.10 00:00;4;7,6875;4,875;4,625;2171;202;0;
12243;2021.09.10 00:15;4;7,625;4,8125;4,625;2172;202;0;
12244;2021.09.10 00:30;4;7,625;4,8125;4,625;2171;202;0;
12245;2021.09.10 00:45;4;7,625;4,625;4,5;2172;202;0;
12246;2021.09.10 01:00;4;7,5625;4,75;4,625;2172;202;0;
12247;2021.09.10 01:15;4;7,5;4,6875;4,5625;2172;202;0;
12248;2021.09.10 01:30;4;7,5;4,875;4,625;2173;202;0;
12249;2021.09.10 01:45;4;7,4375;4,875;4,625;2174;202;0;
12250;2021.09.10 02:00;4;7,4375;5;4,75;2173;202;0;
12251;2021.09.10 02:15;4;7,375;4,9375;4,625;2173;202;0;
12252;2021.09.10 02:30;4;7,375;4,875;4,5;2173;202;0;
12253;2021.09.10 02:45;4;7,375;4,875;4,625;2173;202;0;
12254;2021.09.10 03:00;4;7,375;4,875;4,5;2173;202;0;
12255;2021.09.10 03:15;4;7,3125;4,875;4,5625;2173;202;0;
12256;2021.09.10 03:30;4;7,3125;4,8125;4,5;2173;202;0;
12257;2021.09.10 03:45;4;7,25;4,8125;4,5;2174;202;0;
12258;2021.09.10 04:00;4;7,25;4,75;4,4375;2173;202;0;
12259;2021.09.10 04:15;4;7,25;4,625;4,3125;2173;202;0;
12260;2021.09.10 04:30;4;7,25;4,5;4,25;2173;202;0;
12261;2021.09.10 04:45;4;7,25;4,25;4,1875;2173;202;0;
12262;2021.09.10 05:00;4;7,1875;4,125;4,125;2172;202;0;
12263;2021.09.10 05:15;4;7,125;4,125;4,125;2172;202;0;
12264;2021.09.10 05:30;4;7,125;4,375;4,125;2173;202;0;
12265;2021.09.10 05:45;4;7,0625;4,4375;4,25;2173;202;0;
12266;2021.09.10 06:00;4;7;4,5;4,3125;2173;202;0;
12267;2021.09.10 06:15;4;7;4,625;4,5;2173;202;0;
12268;2021.09.10 06:30;4;7;4,25;4,375;2173;202;0;
12269;2021.09.10 06:45;4;7;5,125;5;2174;202;0;
12270;2021.09.10 07:00;4;7;5,75;5,4375;2175;202;0;
12271;2021.09.10 07:15;4;7;7,5;7,125;2177;202;0;
12272;2021.09.10 07:30;4;7;7,75;6,5625;2177;202;0;
12273;2021.09.10 07:45;4;7,125;6,875;5,9375;2175;202;0;
12274;2021.09.10 08:00;4;7,25;6,625;5,75;2173;202;0;
12275;2021.09.10 08:15;4;7,375;6,5;5,6875;2172;202;0;
12276;2021.09.10 08:30;4;7,5;6,5625;5,8125;2171;202;0;
12277;2021.09.10 08:45;4;7,5;7,0625;6,25;2171;202;0;
12278;2021.09.10 09:00;4;7,625;7;6,0625;2170;202;0;
12279;2021.09.10 09:15;4;7,625;8,4375;7,25;2171;202;0;
12280;2021.09.10 09:30;4;7,75;8,75;7,0625;2171;202;0;
12281;2021.09.10 09:45;4;7,875;8;6,6875;2168;202;0;
12282;2021.09.10 10:00;4;8;7,875;6,625;2167;202;0;
12283;2021.09.10 10:15;4;8,125;7,625;6,3125;2166;202;0;
12284;2021.09.10 10:30;4;8,1875;7,5;6,3125;2164;202;0;
12285;2021.09.10 10:45;4;8,25;8,5;7,3125;2163;202;0;
12286;2021.09.10 11:00;4;8,3125;9;7,375;2163;202;0;
12287;2021.09.10 11:15;4;8,375;8,25;6,75;2162;202;0;
12288;2021.09.10 11:30;4;8,5;7,375;6,375;2161;202;0;
12289;2021.09.10 11:45;4;8,5625;6,625;5,875;2164;202;0;
12290;2021.09.10 12:00;4;8,625;6,375;5,75;2189;202;0;
12291;2021.09.10 12:15;4;8,625;6,5;5,75;2233;202;0;
12292;2021.09.10 12:30;4;8,625;5,9375;5,25;2266;202;0;
12293;2021.09.10 12:45;4;8,5625;5,6875;5;2310;202;0;
12294;2021.09.10 13:00;4;8,5;6,125;5,375;2357;202;0;
12295;2021.09.10 13:15;4;8,5;6;5,25;2399;202;0;
12296;2021.09.10 13:30;4;8,4375;6,25;5,4375;2428;202;0;
12297;2021.09.10 13:45;4;8,375;6,25;5,375;2444;202;0;
12298;2021.09.10 14:00;4;8,375;6,125;5,3125;2456;202;0;
12299;2021.09.10 14:15;4;8,375;5,75;5;2474;202;0;
12300;2021.09.10 14:30;4;8,375;5,75;4,875;2486;202;0;
12301;2021.09.10 14:45;4;8,375;5,875;5,125;2490;202;0;
12302;2021.09.10 15:00;4;8,3125;5,9375;5,25;2490;202;0;
12303;2021.09.10 15:15;4;8,25;6,1875;5,5;2492;202;0;
12304;2021.09.10 15:30;4;8,25;6,125;5,5;2493;202;0;
12305;2021.09.10 15:45;4;8,25;5,875;5,125;2490;202;0;
12306;2021.09.10 16:00;4;8,25;5,875;5,25;2487;202;0;
12307;2021.09.10 16:15;4;8,25;6;5,375;2485;202;0;
12308;2021.09.10 16:30;4;8,25;6,25;5,625;2482;202;0;
12309;2021.09.10 16:45;4;8,25;6,125;5,5;2476;202;0;
12310;2021.09.10 17:00;4;8,25;5,9375;5,375;2473;202;0;
12311;2021.09.10 17:15;4;8,25;5,875;5,375;2470;202;0;
12312;2021.09.10 17:30;4;8,1875;5,875;5,3125;2468;202;0;
12313;2021.09.10 17:45;4;8,1875;5,75;5,125;2465;202;0;
12314;2021.09.10 18:00;4;8,125;5,6875;5,125;2463;202;0;
12315;2021.09.10 18:15;4;8,125;5,625;5,0625;2461;202;0;
12316;2021.09.10 18:30;4;8,125;5,5;4,875;2459;202;0;
12317;2021.09.10 18:45;4;8,0625;5;4,625;2456;202;0;
12318;2021.09.10 19:00;4;8;4,5;4,5;2454;202;0;
12319;2021.09.10 19:15;4;8;4,625;4,3125;2453;202;0;
12320;2021.09.10 19:30;4;7,875;4,4375;4,25;2451;202;0;
12321;2021.09.10 19:45;4;7,875;4,5;4,375;2449;202;0;
12322;2021.09.10 20:00;4;7,75;4,625;4,375;2448;202;0;
12323;2021.09.10 20:15;4;7,75;4,25;4,5625;2447;202;0;
12324;2021.09.10 20:30;4;7,625;4,25;4,125;2446;202;0;
12325;2021.09.10 20:45;4;7,625;3,5;3,5;2443;202;0;
12326;2021.09.10 21:00;4;7,5;3,75;3,625;2443;202;0;
12327;2021.09.10 21:15;4;7,4375;4;3,8125;2443;202;0;
12328;2021.09.10 21:30;4;7,375;4,4375;4,125;2443;202;0;
12329;2021.09.10 21:45;4;7,3125;4,5;4,1875;2443;202;0;
12330;2021.09.10 22:00;4;7,25;4,5625;4,125;2442;202;0;
12331;2021.09.10 22:15;4;7,25;4,625;4,1875;2441;202;0;
12332;2021.09.10 22:30;4;7,25;4,5625;4,125;2440;202;0;
12333;2021.09.10 22:45;4;7,1875;4,625;4,25;2440;202;0;
12334;2021.09.10 23:00;4;7,125;4,5625;4,125;2439;202;0;
12335;2021.09.10 23:15;4;7,125;4,5;4;2438;202;0;
12336;2021.09.10 23:30;4;7,125;4,25;3,875;2437;202;0;
12337;2021.09.10 23:45;4;7,125;2,9375;3;2435;202;0;
12338;2021.09.11 00:00;4;7,0625;3,875;3,625;2435;202;0;
12339;2021.09.11 00:15;4;7;3,375;3,25;2433;202;0;
12340;2021.09.11 00:30;4;7;3,6875;3,5;2433;202;0;
12341;2021.09.11 00:45;4;6,875;4;3,75;2433;202;0;
12342;2021.09.11 01:00;4;6,875;4,0625;3,625;2432;202;0;
12343;2021.09.11 01:15;4;6,875;3,875;3,5625;2431;202;0;
12344;2021.09.11 01:30;4;6,8125;3,875;3,5;2431;202;0;
12345;2021.09.11 01:45;4;6,75;3,6875;3,375;2430;202;0;
12346;2021.09.11 02:00;4;6,75;3,4375;3,375;2429;202;0;
12347;2021.09.11 02:15;4;6,75;3,125;3,125;2428;202;0;
12348;2021.09.11 02:30;4;6,6875;2;2,25;2427;202;0;
12349;2021.09.11 02:45;4;6,625;1,25;1,6875;2426;202;0;
12350;2021.09.11 03:00;4;6,5;1,0625;1,75;2425;202;0;
12351;2021.09.11 03:15;4;6,4375;1,125;1,875;2425;202;0;
12352;2021.09.11 03:30;4;6,3125;0,5625;1,3125;2423;202;0;
12353;2021.09.11 03:45;4;6,1875;0,5;1,3125;2423;202;0;
12354;2021.09.11 04:00;4;6,125;0;0,6875;2422;202;0;
12355;2021.09.11 04:15;4;6;0,3125;1,25;2423;202;0;
12356;2021.09.11 04:30;4;5,875;0,375;1,125;2423;202;0;
12357;2021.09.11 04:45;4;5,75;-0,1875;0,625;2422;202;0;
12358;2021.09.11 05:00;4;5,625;-0,125;0,625;2422;202;0;
12359;2021.09.11 05:15;4;5,5;0;0,875;2422;202;0;
12360;2021.09.11 05:30;4;5,375;0;0,75;2422;202;0;
12361;2021.09.11 05:45;4;5,3125;0,5;1,375;2424;202;0;
12362;2021.09.11 06:00;4;5,25;0,5;1,375;2424;202;0;
12363;2021.09.11 06:15;4;5,125;2,8125;5;2427;202;0;
12364;2021.09.11 06:30;4;5,125;5,625;8;2431;202;0;
12365;2021.09.11 06:45;4;5,125;6,875;9,375;2433;202;0;
12366;2021.09.11 07:00;4;5,25;7,5625;9,125;2433;202;0;
12367;2021.09.11 07:15;4;5,375;8,75;9,625;2434;202;0;
12368;2021.09.11 07:30;4;5,625;10,125;9,9375;2434;202;0;
12369;2021.09.11 07:45;4;5,875;10,875;10;2434;202;0;
12370;2021.09.11 08:00;4;6,125;11,3125;10;2433;202;0;
12371;2021.09.11 08:15;4;6,4375;12,1875;10,625;2433;202;0;
12372;2021.09.11 08:30;4;6,75;12,875;11,125;2432;202;0;
12373;2021.09.11 08:45;4;7,125;13,5;11,25;2431;202;0;
12374;2021.09.11 09:00;4;7,5;14,25;11,625;2430;202;0;
12375;2021.09.11 09:15;4;7,9375;14,625;11,9375;2429;202;0;
12376;2021.09.11 09:30;4;8,375;15,75;12,6875;2428;202;0;
12377;2021.09.11 09:45;4;8,75;16,125;13,125;2427;202;0;
12378;2021.09.11 10:00;4;9,25;16,875;13,0625;2425;202;0;
12379;2021.09.11 10:15;4;9,625;17,5625;13,5625;2422;202;0;
12380;2021.09.11 10:30;4;10,125;17,6875;13,6875;2421;202;0;
12381;2021.09.11 10:45;4;10,5;15,125;11,625;2414;202;0;
12382;2021.09.11 11:00;4;10,875;13,75;10,4375;2410;202;0;
12383;2021.09.11 11:15;4;11,125;13,1875;10,4375;2406;202;0;
12384;2021.09.11 11:30;4;11,375;12;9,625;2402;202;0;
12385;2021.09.11 11:45;4;11,4375;15,125;12,375;2406;202;0;
12386;2021.09.11 12:00;4;11,5;17,3125;13,75;2407;202;0;
12387;2021.09.11 12:15;4;11,75;20;15,75;2409;202;0;
12388;2021.09.11 12:30;4;12;21,875;16,75;2409;202;0;
12389;2021.09.11 12:45;4;12,4375;22,5;17,25;2408;202;0;
12390;2021.09.11 13:00;4;12,875;21,9375;16,25;2406;202;0;
12391;2021.09.11 13:15;4;13,25;17,5;13,125;2397;202;0;
12392;2021.09.11 13:30;4;13,625;21,625;15,9375;2400;202;0;
12393;2021.09.11 13:45;4;13,875;22,25;16,625;2399;202;0;
12394;2021.09.11 14:00;4;14,125;20,25;14,5;2394;202;0;
12395;2021.09.11 14:15;4;14,3125;18,4375;13,75;2390;202;0;
12396;2021.09.11 14:30;4;14,5;15,5;11,6875;2385;202;0;
12397;2021.09.11 14:45;4;14,5625;12,75;10;2380;202;0;
12398;2021.09.11 15:00;4;14,5;11,875;9,5;2377;202;0;
12399;2021.09.11 15:15;4;14,375;11,1875;9,1875;2374;202;0;
12400;2021.09.11 15:30;4;14,25;10,125;8,25;2372;202;0;
12401;2021.09.11 15:45;4;14,0625;10;8,125;2370;202;0;
12402;2021.09.11 16:00;4;13,875;9,375;7,625;2369;202;0;
12403;2021.09.11 16:15;4;13,6875;9,25;7,5;2367;202;0;
12404;2021.09.11 16:30;4;13,5;8,875;7,375;2367;202;0;
12405;2021.09.11 16:45;4;13,375;8,5;7;2365;202;0;
12406;2021.09.11 17:00;4;13,125;8,375;7;2365;202;0;
12407;2021.09.11 17:15;4;13;8,125;6,875;2364;202;0;
12408;2021.09.11 17:30;4;12,8125;8,125;6,875;2362;202;0;
12409;2021.09.11 17:45;4;12,625;7,75;6,5;2362;202;0;
12410;2021.09.11 18:00;4;12,5;7,4375;6,25;2361;202;0;
12411;2021.09.11 18:15;4;12,375;7,375;6,25;2361;202;0;
12412;2021.09.11 18:30;4;12,125;7,125;6,0625;2360;202;0;
12413;2021.09.11 18:45;4;12;7;6;2360;202;0;
12414;2021.09.11 19:00;4;11,875;6,75;5,75;2360;202;0;
12415;2021.09.11 19:15;4;11,75;6,875;5,875;2359;202;0;
12416;2021.09.11 19:30;4;11,5625;6,75;5,8125;2359;202;0;
12417;2021.09.11 19:45;4;11,4375;6,4375;5,625;2358;202;0;
12418;2021.09.11 20:00;4;11,3125;6,375;5,6875;2356;202;0;
12419;2021.09.11 20:15;4;11,1875;6,5;5,75;2356;202;0;
12420;2021.09.11 20:30;4;11,0625;6,125;5,5;2355;202;0;
12421;2021.09.11 20:45;4;10,9375;6;5,4375;2355;202;0;
12422;2021.09.11 21:00;4;10,8125;6;5,5;2355;202;0;
12423;2021.09.11 21:15;4;10,6875;5,5;5,25;2354;202;0;
12424;2021.09.11 21:30;4;10,5625;4,625;4,625;2352;202;0;
12425;2021.09.11 21:45;4;10,4375;3,6875;3,875;2351;202;0;
12426;2021.09.11 22:00;4;10,25;3,6875;4,125;2351;202;0;
12427;2021.09.11 22:15;4;10,125;4,875;5;2352;202;0;
12428;2021.09.11 22:30;4;10;5;5,0625;2351;202;0;
12429;2021.09.11 22:45;4;9,8125;5,125;5,25;2351;202;0;
12430;2021.09.11 23:00;4;9,6875;5,25;5,25;2351;202;0;
12431;2021.09.11 23:15;4;9,625;5;5,125;2351;202;0;
12432;2021.09.11 23:30;4;9,5;5,5;5,25;2351;202;0;
12433;2021.09.11 23:45;4;9,375;5,625;5,3125;2351;202;0;
12434;2021.09.12 00:00;4;9,3125;5,625;5,375;2350;202;0;
12435;2021.09.12 00:15;4;9,25;5,75;5,375;2350;202;0;
12436;2021.09.12 00:30;4;9,1875;5,75;5,375;2350;202;0;
12437;2021.09.12 00:45;4;9,125;5,5;5,125;2350;202;0;
12438;2021.09.12 01:00;4;9,125;5,5;5,125;2350;202;0;
12439;2021.09.12 01:15;4;9;5,5;5,125;2350;202;0;
12440;2021.09.12 01:30;4;9;5,5625;5,1875;2350;202;0;
12441;2021.09.12 01:45;4;8,875;5,4375;5;2349;202;0;
12442;2021.09.12 02:00;4;8,875;5,5;5;2349;202;0;
12443;2021.09.12 02:15;4;8,8125;5,4375;5;2349;202;0;
12444;2021.09.12 02:30;4;8,75;5,375;4,875;2349;202;0;
12445;2021.09.12 02:45;4;8,75;5,375;5;2349;202;0;
12446;2021.09.12 03:00;4;8,6875;5,3125;4,875;2349;202;0;
12447;2021.09.12 03:15;4;8,625;5,3125;4,875;2348;202;0;
12448;2021.09.12 03:30;4;8,625;5,125;4,75;2348;202;0;
12449;2021.09.12 03:45;4;8,5;5,125;4,75;2347;202;0;
12450;2021.09.12 04:00;4;8,5;5,125;4,75;2347;202;0;
12451;2021.09.12 04:15;4;8,5;5;4,625;2346;202;0;
12452;2021.09.12 04:30;4;8,375;4,5;4,375;2346;202;0;
12453;2021.09.12 04:45;4;8,375;4,1875;4,25;2345;202;0;
12454;2021.09.12 05:00;4;8,25;4;4,25;2345;202;0;
12455;2021.09.12 05:15;4;8,25;4;4,25;2345;202;0;
12456;2021.09.12 05:30;4;8,125;4,1875;4,3125;2345;202;0;
12457;2021.09.12 05:45;4;8,0625;4,4375;4,5;2346;202;0;
12458;2021.09.12 06:00;4;8;4,6875;4,625;2345;202;0;
12459;2021.09.12 06:15;4;7,9375;5,125;5,25;2346;202;0;
12460;2021.09.12 06:30;4;7,875;8;7,9375;2349;202;0;
12461;2021.09.12 06:45;4;7,875;8,625;8,25;2350;202;0;
12462;2021.09.12 07:00;4;8;9,125;8,375;2350;202;0;
12463;2021.09.12 07:15;4;8,0625;9,875;8,875;2350;202;0;
12464;2021.09.12 07:30;4;8,1875;10,25;8,5625;2350;202;0;
12465;2021.09.12 07:45;4;8,3125;11,625;9,875;2352;202;0;
12466;2021.09.12 08:00;4;8,5;10,75;9;2350;202;0;
12467;2021.09.12 08:15;4;8,625;13,125;10,75;2352;202;0;
12468;2021.09.12 08:30;4;8,875;12,9375;10,3125;2351;202;0;
12469;2021.09.12 08:45;4;9,125;13,125;10,6875;2351;202;0;
12470;2021.09.12 09:00;4;9,375;15,375;12,25;2353;202;0;
12471;2021.09.12 09:15;4;9,6875;14,75;11,5;2352;202;0;
12472;2021.09.12 09:30;4;10;15,8125;12,625;2353;202;0;
12473;2021.09.12 09:45;4;10,25;17,9375;13,875;2355;202;0;
12474;2021.09.12 10:00;4;10,625;15,8125;12,125;2351;202;0;
12475;2021.09.12 10:15;4;11;16;13;2351;202;0;
12476;2021.09.12 10:30;4;11,25;16,6875;13,125;2351;202;0;
12477;2021.09.12 10:45;4;11,5;18,125;13,9375;2353;202;0;
12478;2021.09.12 11:00;4;11,875;18,1875;13,875;2352;202;0;
12479;2021.09.12 11:15;4;12,1875;19,3125;14,625;2354;202;0;
12480;2021.09.12 11:30;4;12,5;19,375;14,75;2353;202;0;
12481;2021.09.12 11:45;4;12,875;19,4375;14,8125;2353;202;0;
12482;2021.09.12 12:00;4;13,125;18,875;14,6875;2351;202;0;
12483;2021.09.12 12:15;4;13,375;19,25;14,625;2351;202;0;
12484;2021.09.12 12:30;4;13,625;19,25;14,75;2351;202;0;
12485;2021.09.12 12:45;4;13,875;16,125;12,75;2345;202;0;
12486;2021.09.12 13:00;4;14;12,625;10,75;2340;202;0;
12487;2021.09.12 13:15;4;14;11,5;10,375;2338;202;0;
12488;2021.09.12 13:30;4;13,875;11,5625;10,5;2337;202;0;
12489;2021.09.12 13:45;4;13,75;10,9375;10,25;2336;202;0;
12490;2021.09.12 14:00;4;13,5625;11,125;10,5;2335;202;0;
12491;2021.09.12 14:15;4;13,375;11,1875;10,5;2335;202;0;
12492;2021.09.12 14:30;4;13,25;11,375;10,5;2334;202;0;
12493;2021.09.12 14:45;4;13,125;10,625;9,75;2333;202;0;
12494;2021.09.12 15:00;4;13;11,25;10,25;2331;202;0;
12495;2021.09.12 15:15;4;12,875;10,5;9,5625;2330;202;0;
12496;2021.09.12 15:30;4;12,75;11,5;10,375;2331;202;0;
12497;2021.09.12 15:45;4;12,6875;11,0625;10;2330;202;0;
12498;2021.09.12 16:00;4;12,625;10,25;9,25;2329;202;0;
12499;2021.09.12 16:15;4;12,5;9,25;8,375;2327;202;0;
12500;2021.09.12 16:30;4;12,4375;9,125;8,375;2326;202;0;
12501;2021.09.12 16:45;4;12,375;8,5625;7,875;2325;202;0;
12502;2021.09.12 17:00;4;12,25;8,125;7,625;2324;202;0;
12503;2021.09.12 17:15;4;12,125;7,6875;7,1875;2324;202;0;
12504;2021.09.12 17:30;4;12;7;6,6875;2322;202;0;
12505;2021.09.12 17:45;4;11,875;7,5;7;2323;202;0;
12506;2021.09.12 18:00;4;11,75;6,8125;6,375;2322;202;0;
12507;2021.09.12 18:15;4;11,625;6,6875;6,375;2321;202;0;
12508;2021.09.12 18:30;4;11,4375;6,125;6;2320;202;0;
12509;2021.09.12 18:45;4;11,25;6,25;6;2320;202;0;
12510;2021.09.12 19:00;4;11,125;6,75;6,3125;2321;202;0;
12511;2021.09.12 19:15;4;11;6,75;6,375;2321;202;0;
12512;2021.09.12 19:30;4;10,875;6,6875;6,25;2320;202;0;
12513;2021.09.12 19:45;4;10,8125;6,625;6,125;2320;202;0;
12514;2021.09.12 20:00;4;10,75;5,9375;5,75;2319;202;0;
12515;2021.09.12 20:15;4;10,625;5,25;5,3125;2318;202;0;
12516;2021.09.12 20:30;4;10,5;4,75;5,0625;2317;202;0;
12517;2021.09.12 20:45;4;10,375;5,875;5,75;2319;202;0;
12518;2021.09.12 21:00;4;10,25;5,875;5,625;2318;202;0;
12519;2021.09.12 21:15;4;10,125;6,125;5,75;2318;202;0;
12520;2021.09.12 21:30;4;10,0625;6,3125;5,9375;2318;202;0;
12521;2021.09.12 21:45;4;10;6,375;6;2318;202;0;
12522;2021.09.12 22:00;4;9,875;6,25;5,9375;2318;202;0;
12523;2021.09.12 22:15;4;9,875;6,125;6;2317;202;0;
12524;2021.09.12 22:30;4;9,75;5,0625;5,375;2315;202;0;
12525;2021.09.12 22:45;4;9,75;4,5625;5,0625;2314;202;0;
12526;2021.09.12 23:00;4;9,625;4,375;4,875;2314;202;0;
12527;2021.09.12 23:15;4;9,5;3,75;4,375;2313;202;0;
12528;2021.09.12 23:30;4;9,375;3,5;4,125;2312;202;0;
12529;2021.09.12 23:45;4;9,25;3,3125;4,0625;2312;202;0;
12530;2021.09.13 00:00;4;9,125;3,625;4,125;2312;202;0;
12531;2021.09.13 00:15;4;9;3,5;4,0625;2312;202;0;
12532;2021.09.13 00:30;4;8,875;3,4375;4;2312;202;0;
12533;2021.09.13 00:45;4;8,75;3,5;4,125;2312;202;0;
12534;2021.09.13 01:00;4;8,625;3,4375;4;2312;202;0;
12535;2021.09.13 01:15;4;8,5;2,25;2,875;2311;202;0;
12536;2021.09.13 01:30;4;8,4375;1,875;2,75;2310;202;0;
12537;2021.09.13 01:45;4;8,3125;3,25;3,9375;2311;202;0;
12538;2021.09.13 02:00;4;8,1875;2,8125;3,6875;2311;202;0;
12539;2021.09.13 02:15;4;8,0625;3,125;4,25;2311;202;0;
12540;2021.09.13 02:30;4;8;3;4,1875;2312;202;0;
12541;2021.09.13 02:45;4;7,875;2,8125;4;2311;202;0;
12542;2021.09.13 03:00;4;7,75;2,875;4,125;2311;202;0;
12543;2021.09.13 03:15;4;7,75;2,75;3,9375;2310;202;0;
12544;2021.09.13 03:30;4;7,625;2,5;3,75;2310;202;0;
12545;2021.09.13 03:45;4;7,5;2,3125;3,375;2310;202;0;
12546;2021.09.13 04:00;4;7,4375;2,125;3,25;2310;202;0;
12547;2021.09.13 04:15;4;7,375;2,3125;3,4375;2310;202;0;
12548;2021.09.13 04:30;4;7,25;2,3125;3,375;2310;202;0;
12549;2021.09.13 04:45;4;7,1875;2,25;3,4375;2310;202;0;
12550;2021.09.13 05:00;4;7,125;1,8125;3;2309;202;0;
12551;2021.09.13 05:15;4;7;1,0625;2,375;2308;202;0;
12552;2021.09.13 05:30;4;6,9375;0,6875;1,875;2308;202;0;
12553;2021.09.13 05:45;4;6,875;1,375;2,8125;2309;202;0;
12554;2021.09.13 06:00;4;6,75;2,125;3,375;2310;202;0;
12555;2021.09.13 06:15;4;6,625;2;3,375;2310;202;0;
12556;2021.09.13 06:30;4;6,625;6,125;8,125;2315;202;0;
12557;2021.09.13 06:45;4;6,5625;7,8125;9;2317;202;0;
12558;2021.09.13 07:00;4;6,625;8,875;9,25;2318;202;0;
12559;2021.09.13 07:15;4;6,75;10,0625;10,25;2319;202;0;
12560;2021.09.13 07:30;4;6,875;11,25;11;2321;202;0;
12561;2021.09.13 07:45;4;7,0625;12,25;11,375;2322;202;0;
12562;2021.09.13 08:00;4;7,3125;12,875;11,375;2322;202;0;
12563;2021.09.13 08:15;4;7,5625;13,125;11,125;2323;202;0;
12564;2021.09.13 08:30;4;7,875;13,75;11,5625;2323;202;0;
12565;2021.09.13 08:45;4;8,125;14;11,3125;2323;202;0;
12566;2021.09.13 09:00;4;8,5;14,25;11,375;2322;202;0;
12567;2021.09.13 09:15;4;8,8125;14,375;12,5;2322;202;0;
12568;2021.09.13 09:30;4;9,125;14,5625;11,875;2322;202;0;
12569;2021.09.13 09:45;4;9,375;15;12;2322;202;0;
12570;2021.09.13 10:00;4;9,6875;15,5;12,25;2322;202;0;
12571;2021.09.13 10:15;4;10;15,5;12,1875;2320;202;0;
12572;2021.09.13 10:30;4;10,25;15,6875;12,5;2319;202;0;
12573;2021.09.13 10:45;4;10,625;16,25;13;2320;202;0;
12574;2021.09.13 11:00;4;10,875;17;13,75;2321;202;0;
12575;2021.09.13 11:15;4;11,125;17,25;13,6875;2320;202;0;
12576;2021.09.13 11:30;4;11,4375;17,75;14;2320;202;0;
12577;2021.09.13 11:45;4;11,75;18,125;14,375;2319;202;0;
12578;2021.09.13 12:00;4;12;18,4375;14,5;2317;202;0;
12579;2021.09.13 12:15;4;12,25;18,6875;15,0625;2317;202;0;
12580;2021.09.13 12:30;4;12,5;18,375;14,75;2318;202;0;
12581;2021.09.13 12:45;4;12,6875;18,8125;14,875;2314;202;0;
12582;2021.09.13 13:00;4;12,875;19;15,125;2314;202;0;
12583;2021.09.13 13:15;4;13,125;19,5;15,5625;2313;202;0;
12584;2021.09.13 13:30;4;13,25;19,125;15,125;2311;202;0;
12585;2021.09.13 13:45;4;13,375;18,5;14,6875;2309;202;0;
12586;2021.09.13 14:00;4;13,5625;17,5;14,25;2308;202;0;
12587;2021.09.13 14:15;4;13,625;16,125;12,625;2304;202;0;
12588;2021.09.13 14:30;4;13,75;14,5;12;2300;202;0;
12589;2021.09.13 14:45;4;13,75;14,875;12,25;2299;202;0;
12590;2021.09.13 15:00;4;13,625;16;13;2300;202;0;
12591;2021.09.13 15:15;4;13,625;14;11,875;2296;202;0;
12592;2021.09.13 15:30;4;13,5625;12,9375;11,4375;2293;202;0;
12593;2021.09.13 15:45;4;13,5;13,75;12;2293;202;0;
12594;2021.09.13 16:00;4;13,375;13,5;11,9375;2292;202;0;
12595;2021.09.13 16:15;4;13,25;13,3125;11,5;2290;202;0;
12596;2021.09.13 16:30;4;13,125;9,25;9,125;2285;202;0;
12597;2021.09.13 16:45;4;13;8,4375;8,8125;2284;202;0;
12598;2021.09.13 17:00;4;12,8125;8,125;8,625;2284;202;0;
12599;2021.09.13 17:15;4;12,625;8;8,375;2283;202;0;
12600;2021.09.13 17:30;4;12,375;7,4375;7,875;2282;202;0;
12601;2021.09.13 17:45;4;12,1875;6,875;7,625;2280;202;0;
12602;2021.09.13 18:00;4;12;6,375;7,375;2280;202;0;
12603;2021.09.13 18:15;4;11,75;5,8125;6,75;2279;202;0;
12604;2021.09.13 18:30;4;11,625;5;5,75;2278;202;0;
12605;2021.09.13 18:45;4;11,375;4,3125;5,125;2277;202;0;
12606;2021.09.13 19:00;4;11,1875;4,125;5;2275;202;0;
12607;2021.09.13 19:15;4;11;3,875;4,8125;2274;202;0;
12608;2021.09.13 19:30;4;10,75;3,625;4,625;2274;202;0;
12609;2021.09.13 19:45;4;10,625;4,0625;5,25;2274;202;0;
12610;2021.09.13 20:00;4;10,375;4,0625;5,125;2273;202;0;
12611;2021.09.13 20:15;4;10,25;4,125;5,25;2273;202;0;
12612;2021.09.13 20:30;4;10,0625;4,1875;5,375;2272;202;0;
12613;2021.09.13 20:45;4;9,875;4,125;5,125;2271;202;0;
12614;2021.09.13 21:00;4;9,75;4,375;5,375;2271;202;0;
12615;2021.09.13 21:15;4;9,625;4,4375;5,5;2272;202;0;
12616;2021.09.13 21:30;4;9,5;4,75;5,75;2272;202;0;
12617;2021.09.13 21:45;4;9,375;4,75;5,625;2272;202;0;
12618;2021.09.13 22:00;4;9,25;4,75;5,625;2272;202;0;
12619;2021.09.13 22:15;4;9,125;4,75;5,5;2271;202;0;
12620;2021.09.13 22:30;4;9,0625;4,9375;5,625;2271;202;0;
12621;2021.09.13 22:45;4;9;5,25;5,9375;2271;202;0;
12622;2021.09.13 23:00;4;8,875;5,4375;6,125;2271;202;0;
12623;2021.09.13 23:15;4;8,75;5,625;6,1875;2270;202;0;
12624;2021.09.13 23:30;4;8,75;5,5625;6,125;2270;202;0;
12625;2021.09.13 23:45;4;8,625;5,6875;6,25;2270;202;0;
12626;2021.09.14 00:00;4;8,625;5,4375;5,8125;2269;202;0;
12627;2021.09.14 00:15;4;8,5;5,5;6,0625;2269;202;0;
12628;2021.09.14 00:30;4;8,5;5,4375;6,125;2268;202;0;
12629;2021.09.14 00:45;4;8,4375;5;5,625;2268;202;0;
12630;2021.09.14 01:00;4;8,375;5,1875;5,75;2268;202;0;
12631;2021.09.14 01:15;4;8,3125;5,375;5,75;2268;202;0;
12632;2021.09.14 01:30;4;8,25;5,3125;5,625;2268;202;0;
12633;2021.09.14 01:45;4;8,25;5,0625;5,3125;2268;202;0;
12634;2021.09.14 02:00;4;8,125;4,8125;5,125;2267;202;0;
12635;2021.09.14 02:15;4;8,125;4,875;5,0625;2268;202;0;
12636;2021.09.14 02:30;4;8,125;4,875;5,125;2268;202;0;
12637;2021.09.14 02:45;4;8;4,9375;5,3125;2268;202;0;
12638;2021.09.14 03:00;4;8;4,6875;5,25;2267;202;0;
12639;2021.09.14 03:15;4;7,9375;4,5;5,125;2267;202;0;
12640;2021.09.14 03:30;4;7,875;4,375;5;2266;202;0;
12641;2021.09.14 03:45;4;7,875;4,25;4,75;2266;202;0;
12642;2021.09.14 04:00;4;7,8125;4,25;4,875;2266;202;0;
12643;2021.09.14 04:15;4;7,75;4,375;4,875;2266;202;0;
12644;2021.09.14 04:30;4;7,6875;4,375;4,875;2266;202;0;
12645;2021.09.14 04:45;4;7,625;4,5;4,9375;2266;202;0;
12646;2021.09.14 05:00;4;7,625;4,75;5,1875;2266;202;0;
12647;2021.09.14 05:15;4;7,5;4,875;5,25;2267;202;0;
12648;2021.09.14 05:30;4;7,5;5;5,375;2267;202;0;
12649;2021.09.14 05:45;4;7,5;5,375;5,75;2267;202;0;
12650;2021.09.14 06:00;4;7,5;5,75;6,25;2267;202;0;
12651;2021.09.14 06:15;4;7,4375;6,125;6,375;2268;202;0;
12652;2021.09.14 06:30;4;7,4375;6,5;6,75;2268;202;0;
12653;2021.09.14 06:45;4;7,4375;6,625;6,8125;2268;202;0;
12654;2021.09.14 07:00;4;7,5;6,9375;7;2268;202;0;
12655;2021.09.14 07:15;4;7,5;7,375;7,25;2269;202;0;
12656;2021.09.14 07:30;4;7,5;7,9375;7,75;2268;202;0;
12657;2021.09.14 07:45;4;7,5625;7,8125;7,375;2267;202;0;
12658;2021.09.14 08:00;4;7,625;8,5625;8;2268;202;0;
12659;2021.09.14 08:15;4;7,6875;8,0625;7,25;2267;202;0;
12660;2021.09.14 08:30;4;7,75;8,1875;7,625;2266;202;0;
12661;2021.09.14 08:45;4;7,875;8,6875;7,9375;2266;202;0;
12662;2021.09.14 09:00;4;7,9375;8,375;7,625;2265;202;0;
12663;2021.09.14 09:15;4;8;8,125;7,5;2264;202;0;
12664;2021.09.14 09:30;4;8,0625;8,0625;7,375;2264;202;0;
12665;2021.09.14 09:45;4;8,125;9;8,125;2265;202;0;
12666;2021.09.14 10:00;4;8,1875;9,125;7,75;2264;202;0;
12667;2021.09.14 10:15;4;8,25;8,5;7,625;2263;202;0;
12668;2021.09.14 10:30;4;8,375;9;8;2263;202;0;
12669;2021.09.14 10:45;4;8,375;9,25;8,125;2263;202;0;
12670;2021.09.14 11:00;4;8,5;9,3125;8,3125;2263;202;0;
12671;2021.09.14 11:15;4;8,5625;10,375;9,125;2264;202;0;
12672;2021.09.14 11:30;4;8,625;10,5;8,875;2263;202;0;
12673;2021.09.14 11:45;4;8,75;10,4375;9,1875;2263;202;0;
12674;2021.09.14 12:00;4;8,875;9,25;8,25;2260;202;0;
12675;2021.09.14 12:15;4;9;9,6875;8,875;2260;202;0;
12676;2021.09.14 12:30;4;9;11,125;9,625;2262;202;0;
12677;2021.09.14 12:45;4;9,125;11,8125;9,625;2262;202;0;
12678;2021.09.14 13:00;4;9,25;11,3125;9,75;2261;202;0;
12679;2021.09.14 13:15;4;9,375;13,25;11,125;2263;202;0;
12680;2021.09.14 13:30;4;9,5;11;9,5;2259;202;0;
12681;2021.09.14 13:45;4;9,625;11,25;9,875;2258;202;0;
12682;2021.09.14 14:00;4;9,75;10,5;9,375;2257;202;0;
12683;2021.09.14 14:15;4;9,75;10,875;9,75;2257;202;0;
12684;2021.09.14 14:30;4;9,875;11,75;10,25;2258;202;0;
12685;2021.09.14 14:45;4;9,875;12,25;10,25;2258;202;0;
12686;2021.09.14 15:00;4;10;10,75;9,625;2255;202;0;
12687;2021.09.14 15:15;4;10;10;9;2253;202;0;
12688;2021.09.14 15:30;4;10,0625;9,9375;9,1875;2252;202;0;
12689;2021.09.14 15:45;4;10,0625;9,875;9,25;2252;202;0;
12690;2021.09.14 16:00;4;10,0625;9,75;9;2253;202;0;
12691;2021.09.14 16:15;4;10;9;8,5;2250;202;0;
12692;2021.09.14 16:30;4;10;8,625;8,375;2249;202;0;
12693;2021.09.14 16:45;4;10;8,625;8,25;2249;202;0;
12694;2021.09.14 17:00;4;9,9375;8,375;8,125;2248;202;0;
12695;2021.09.14 17:15;4;9,875;8,125;8;2247;202;0;
12696;2021.09.14 17:30;4;9,875;7,5;7,5625;2246;202;0;
12697;2021.09.14 17:45;4;9,75;7,3125;7,5;2246;202;0;
12698;2021.09.14 18:00;4;9,6875;7,3125;7,4375;2246;202;0;
12699;2021.09.14 18:15;4;9,625;7,25;7,375;2246;202;0;
12700;2021.09.14 18:30;4;9,5;7,125;7,25;2245;202;0;
12701;2021.09.14 18:45;4;9,5;7;7,125;2245;202;0;
12702;2021.09.14 19:00;4;9,375;7,125;7,125;2245;202;0;
12703;2021.09.14 19:15;4;9,3125;6,75;6,75;2245;202;0;
12704;2021.09.14 19:30;4;9,25;6,3125;6,625;2244;202;0;
12705;2021.09.14 19:45;4;9,1875;6,125;6,5;2244;202;0;
12706;2021.09.14 20:00;4;9,125;6,375;6,5;2244;202;0;
12707;2021.09.14 20:15;4;9,0625;6,25;6,3125;2244;202;0;
12708;2021.09.14 20:30;4;9;6;6,1875;2244;202;0;
12709;2021.09.14 20:45;4;8,9375;6,125;6,25;2244;202;0;
12710;2021.09.14 21:00;4;8,875;6,1875;6,1875;2244;202;0;
12711;2021.09.14 21:15;4;8,8125;6,375;6,25;2244;202;0;
12712;2021.09.14 21:30;4;8,75;6,375;6,3125;2244;202;0;
12713;2021.09.14 21:45;4;8,6875;6,4375;6,25;2244;202;0;
12714;2021.09.14 22:00;4;8,625;6,4375;6,25;2244;202;0;
12715;2021.09.14 22:15;4;8,625;6,375;6,375;2245;202;0;
12716;2021.09.14 22:30;4;8,625;6,375;6,6875;2245;202;0;
12717;2021.09.14 22:45;4;8,5625;6,4375;6,875;2246;202;0;
12718;2021.09.14 23:00;4;8,5;6,375;6,8125;2248;202;0;
12719;2021.09.14 23:15;4;8,5;6,375;6,9375;2269;202;0;
12720;2021.09.14 23:30;4;8,4375;6,5;7,375;2278;202;0;
12721;2021.09.14 23:45;4;8,375;6,5;7,375;2284;202;0;
12722;2021.09.15 00:00;4;8,375;6,4375;6,75;2289;202;0;
12723;2021.09.15 00:15;4;8,375;6,3125;6,5;2295;202;0;
12724;2021.09.15 00:30;4;8,3125;6,25;6,5;2301;202;0;
12725;2021.09.15 00:45;4;8,25;6,25;6,375;2309;202;0;
12726;2021.09.15 01:00;4;8,25;6,25;6,4375;2313;202;0;
12727;2021.09.15 01:15;4;8,25;6,25;6,25;2318;202;0;
12728;2021.09.15 01:30;4;8,1875;6,25;6,25;2325;202;0;
12729;2021.09.15 01:45;4;8,125;6,25;6,125;2344;202;0;
12730;2021.09.15 02:00;4;8,125;6,25;6,125;2364;202;0;
12731;2021.09.15 02:15;4;8,125;6,25;6,125;2370;202;0;
12732;2021.09.15 02:30;4;8,125;6,25;6,1875;2374;202;0;
12733;2021.09.15 02:45;4;8,0625;6,25;6,125;2376;202;0;
12734;2021.09.15 03:00;4;8;6,375;6,125;2379;202;0;
12735;2021.09.15 03:15;4;8;6,375;6,1875;2387;202;0;
12736;2021.09.15 03:30;4;8;6,375;6,1875;2410;202;0;
12737;2021.09.15 03:45;4;8;6,375;6,25;2416;202;0;
12738;2021.09.15 04:00;4;8;6,3125;6,1875;2423;202;0;
12739;2021.09.15 04:15;4;7,9375;6,375;6,1875;2431;202;0;
12740;2021.09.15 04:30;4;7,875;6,25;6,125;2443;202;0;
12741;2021.09.15 04:45;4;7,875;6,25;6;2461;202;0;
12742;2021.09.15 05:00;4;7,875;6,1875;6;2467;202;0;
12743;2021.09.15 05:15;4;7,875;6,1875;6;2476;202;0;
12744;2021.09.15 05:30;4;7,875;6,1875;6;2521;202;0;
12745;2021.09.15 05:45;4;7,8125;6,125;6;2591;202;0;
12746;2021.09.15 06:00;4;7,75;6,125;5,9375;2643;202;0;
12747;2021.09.15 06:15;4;7,75;6,125;6;2700;202;0;
12748;2021.09.15 06:30;4;7,6875;6,0625;5,8125;2749;202;0;
12749;2021.09.15 06:45;4;7,6875;6,0625;5,8125;2746;202;0;
12750;2021.09.15 07:00;4;7,6875;6,125;5,875;2715;202;0;
12751;2021.09.15 07:15;4;7,6875;6,125;5,875;2692;202;0;
12752;2021.09.15 07:30;4;7,625;6,125;5,75;2673;202;0;
12753;2021.09.15 07:45;4;7,625;6,25;6;2659;202;0;
12754;2021.09.15 08:00;4;7,625;6,25;6;2651;202;0;
12755;2021.09.15 08:15;4;7,625;6,4375;6,125;2640;202;0;
12756;2021.09.15 08:30;4;7,625;6,375;6,125;2631;202;0;
12757;2021.09.15 08:45;4;7,625;6,5625;6,1875;2624;202;0;
12758;2021.09.15 09:00;4;7,6875;6,25;6;2615;202;0;
12759;2021.09.15 09:15;4;7,6875;6,5;6,125;2649;202;0;
12760;2021.09.15 09:30;4;7,6875;6,875;6,4375;2646;202;0;
12761;2021.09.15 09:45;4;7,75;6,75;6,375;2661;202;0;
12762;2021.09.15 10:00;4;7,75;6,875;6,375;2657;202;0;
12763;2021.09.15 10:15;4;7,75;7,4375;6,875;2655;202;0;
12764;2021.09.15 10:30;4;7,75;7,625;6,875;2648;202;0;
12765;2021.09.15 10:45;4;7,875;7,25;6,75;2664;202;0;
12766;2021.09.15 11:00;4;7,875;8;7,25;2672;202;0;
12767;2021.09.15 11:15;4;8;8,125;7,5;2663;202;0;
12768;2021.09.15 11:30;4;8;7,9375;7,25;2655;202;0;
12769;2021.09.15 11:45;4;8,125;7,625;7,125;2655;202;0;
12770;2021.09.15 12:00;4;8,1875;7,6875;7,1875;2670;202;0;
12771;2021.09.15 12:15;4;8,25;8,125;7,375;2673;202;0;
12772;2021.09.15 12:30;4;8,25;7,8125;7,25;2670;202;0;
12773;2021.09.15 12:45;4;8,3125;8;7,375;2661;202;0;
12774;2021.09.15 13:00;4;8,375;8,6875;7,8125;2654;202;0;
12775;2021.09.15 13:15;4;8,375;8,5;7,75;2647;202;0;
12776;2021.09.15 13:30;4;8,5;8;7,5;2639;202;0;
12777;2021.09.15 13:45;4;8,5;8,25;7,625;2634;202;0;
12778;2021.09.15 14:00;4;8,5625;7,875;7,375;2629;202;0;
12779;2021.09.15 14:15;4;8,625;7,5;7,125;2625;202;0;
12780;2021.09.15 14:30;4;8,625;7,375;7,0625;2623;202;0;
12781;2021.09.15 14:45;4;8,625;8,0625;7,5625;2620;202;0;
12782;2021.09.15 15:00;4;8,625;8,6875;8,0625;2618;202;0;
12783;2021.09.15 15:15;4;8,625;8,125;7,5625;2614;202;0;
12784;2021.09.15 15:30;4;8,625;8,125;7,5625;2611;202;0;
12785;2021.09.15 15:45;4;8,625;8;7,5;2608;202;0;
12786;2021.09.15 16:00;4;8,6875;7,75;7,375;2605;202;0;
12787;2021.09.15 16:15;4;8,6875;7,625;7,3125;2603;202;0;
12788;2021.09.15 16:30;4;8,6875;7,5;7,1875;2605;202;0;
12789;2021.09.15 16:45;4;8,6875;7,5;7,1875;2602;202;0;
12790;2021.09.15 17:00;4;8,625;7,375;7,125;2603;202;0;
12791;2021.09.15 17:15;4;8,625;7,25;7,0625;2609;202;0;
12792;2021.09.15 17:30;4;8,625;7,25;7;2625;202;0;
12793;2021.09.15 17:45;4;8,5625;7,0625;6,8125;2622;202;0;
12794;2021.09.15 18:00;4;8,5;6,875;6,625;2617;202;0;
12795;2021.09.15 18:15;4;8,5;6,625;6,25;2613;202;0;
12796;2021.09.15 18:30;4;8,5;6,5625;6,3125;2614;202;0;
12797;2021.09.15 18:45;4;8,375;6,5;6,25;2611;202;0;
12798;2021.09.15 19:00;4;8,375;6,25;6,0625;2609;202;0;
12799;2021.09.15 19:15;4;8,375;5,875;5,75;2606;202;0;
12800;2021.09.15 19:30;4;8,25;6,1875;6,0625;2604;202;0;
12801;2021.09.15 19:45;4;8,25;5,9375;6,25;2602;202;0;
12802;2021.09.15 20:00;4;8,1875;5,875;6,125;2600;202;0;
12803;2021.09.15 20:15;4;8,125;5,875;6,125;2599;202;0;
12804;2021.09.15 20:30;4;8,0625;5,875;6,25;2597;202;0;
12805;2021.09.15 20:45;4;8;6;6,4375;2595;202;0;
12806;2021.09.15 21:00;4;8;5,75;6,25;2600;202;0;
12807;2021.09.15 21:15;4;7,9375;5,375;5,75;2635;202;0;
12808;2021.09.15 21:30;4;7,875;5,25;5,5;2646;202;0;
12809;2021.09.15 21:45;4;7,8125;5;5,25;2658;202;0;
12810;2021.09.15 22:00;4;7,75;4,75;5,0625;2680;202;0;
12811;2021.09.15 22:15;4;7,75;4,625;4,875;2696;202;0;
12812;2021.09.15 22:30;4;7,625;4,625;5;2701;202;0;
12813;2021.09.15 22:45;4;7,625;4,875;5;2709;202;0;
12814;2021.09.15 23:00;4;7,5;4,9375;4,9375;2718;202;0;
12815;2021.09.15 23:15;4;7,5;4,5;4,625;2717;202;0;
12816;2021.09.15 23:30;4;7,4375;4,375;4,5;2719;202;0;
12817;2021.09.15 23:45;4;7,375;4,5;4,375;2712;202;0;
12818;2021.09.16 00:00;4;7,375;4,4375;4,375;2703;202;0;
12819;2021.09.16 00:15;4;7,25;4,25;4,0625;2697;202;0;
12820;2021.09.16 00:30;4;7,25;4,125;3,875;2688;202;0;
12821;2021.09.16 00:45;4;7,1875;4;3,75;2680;202;0;
12822;2021.09.16 01:00;4;7,125;4;3,875;2673;202;0;
12823;2021.09.16 01:15;4;7,125;3,5;3,75;2666;202;0;
12824;2021.09.16 01:30;4;7;3,25;3,75;2661;202;0;
12825;2021.09.16 01:45;4;7;3,125;4;2656;202;0;
12826;2021.09.16 02:00;4;6,875;4,0625;6;2653;202;0;
12827;2021.09.16 02:15;4;6,8125;4,375;5,75;2649;202;0;
12828;2021.09.16 02:30;4;6,75;4,125;5,25;2646;202;0;
12829;2021.09.16 02:45;4;6,6875;3,5;4,25;2643;202;0;
12830;2021.09.16 03:00;4;6,625;4,25;5,75;2640;202;0;
12831;2021.09.16 03:15;4;6,5;4,5;5,75;2638;202;0;
12832;2021.09.16 03:30;4;6,5;4,625;5,875;2635;202;0;
12833;2021.09.16 03:45;4;6,4375;4,25;5,5;2632;202;0;
12834;2021.09.16 04:00;4;6,375;3,5;4,1875;2630;202;0;
12835;2021.09.16 04:15;4;6,375;3,125;3,75;2628;202;0;
12836;2021.09.16 04:30;4;6,25;3,125;3,6875;2626;202;0;
12837;2021.09.16 04:45;4;6,25;3,375;4,4375;2625;202;0;
12838;2021.09.16 05:00;4;6,1875;3,375;4,0625;2623;202;0;
12839;2021.09.16 05:15;4;6,125;3,375;4,25;2622;202;0;
12840;2021.09.16 05:30;4;6,125;3,375;4,125;2621;202;0;
12841;2021.09.16 05:45;4;6,0625;3,25;4;2620;202;0;
12842;2021.09.16 06:00;4;6;3,625;4,375;2619;202;0;
12843;2021.09.16 06:15;4;6;3,75;4,5;2618;202;0;
12844;2021.09.16 06:30;4;6;7,375;9;2622;202;0;
12845;2021.09.16 06:45;4;6;6,5625;7,125;2620;202;0;
12846;2021.09.16 07:00;4;6,0625;6,5;7;2619;202;0;
12847;2021.09.16 07:15;4;6,125;8,5;9,5;2620;202;0;
12848;2021.09.16 07:30;4;6,25;10,9375;10,75;2623;202;0;
12849;2021.09.16 07:45;4;6,4375;10,125;9,625;2620;202;0;
12850;2021.09.16 08:00;4;6,625;11,0625;10,75;2620;202;0;
12851;2021.09.16 08:15;4;6,875;11,5;10,125;2619;202;0;
12852;2021.09.16 08:30;4;7,125;9,625;8,5625;2614;202;0;
12853;2021.09.16 08:45;4;7,375;10,3125;9,25;2613;202;0;
12854;2021.09.16 09:00;4;7,5625;10,125;9;2611;202;0;
12855;2021.09.16 09:15;4;7,75;9,375;8,125;2609;202;0;
12856;2021.09.16 09:30;4;7,875;9,25;8,0625;2607;202;0;
12857;2021.09.16 09:45;4;8;10,1875;9;2607;202;0;
12858;2021.09.16 10:00;4;8,125;9,75;8,3125;2605;202;0;
12859;2021.09.16 10:15;4;8,25;9,5;8,25;2602;202;0;
12860;2021.09.16 10:30;4;8,375;9,5;8,375;2601;202;0;
12861;2021.09.16 10:45;4;8,4375;9,875;8,625;2601;202;0;
12862;2021.09.16 11:00;4;8,5;9,125;8;2599;202;0;
12863;2021.09.16 11:15;4;8,625;9,25;8,0625;2598;202;0;
12864;2021.09.16 11:30;4;8,6875;9,75;8,625;2597;202;0;
12865;2021.09.16 11:45;4;8,75;8,875;7,6875;2596;202;0;
12866;2021.09.16 12:00;4;8,8125;8,5;7,375;2594;202;0;
12867;2021.09.16 12:15;4;8,875;8,5;7,625;2594;202;0;
12868;2021.09.16 12:30;4;8,875;7,625;6,625;2594;202;0;
12869;2021.09.16 12:45;4;8,9375;7,875;7;2595;202;0;
12870;2021.09.16 13:00;4;8,9375;8,625;7,75;2596;202;0;
12871;2021.09.16 13:15;4;8,9375;9,375;8,375;2597;202;0;
12872;2021.09.16 13:30;4;9;9;7,875;2596;202;0;
12873;2021.09.16 13:45;4;9;8,375;7,125;2594;202;0;
12874;2021.09.16 14:00;4;9,125;8;6,8125;2592;202;0;
12875;2021.09.16 14:15;4;9,125;6,625;5,375;2593;202;0;
12876;2021.09.16 14:30;4;9,125;6,125;5,25;2695;202;0;
12877;2021.09.16 14:45;4;9;5,875;4,875;2800;202;0;
12878;2021.09.16 15:00;4;8,9375;5,875;4,9375;2812;202;0;
12879;2021.09.16 15:15;4;8,875;6,1875;5,125;2799;202;0;
12880;2021.09.16 15:30;4;8,75;6,5;5,375;2777;202;0;
12881;2021.09.16 15:45;4;8,75;7,0625;5,8125;2758;202;0;
12882;2021.09.16 16:00;4;8,75;6,875;5,6875;2741;202;0;
12883;2021.09.16 16:15;4;8,75;6,625;5,625;2729;202;0;
12884;2021.09.16 16:30;4;8,75;6,625;5,75;2719;202;0;
12885;2021.09.16 16:45;4;8,75;6,375;5,8125;2710;202;0;
12886;2021.09.16 17:00;4;8,75;6;5,4375;2701;202;0;
12887;2021.09.16 17:15;4;8,75;5,4375;5;2695;202;0;
12888;2021.09.16 17:30;4;8,625;5,1875;4,875;2689;202;0;
12889;2021.09.16 17:45;4;8,625;4,625;4,4375;2683;202;0;
12890;2021.09.16 18:00;4;8,5;4,625;4,375;2680;202;0;
12891;2021.09.16 18:15;4;8,4375;4,875;4,5;2676;202;0;
12892;2021.09.16 18:30;4;8,375;4,9375;4,625;2673;202;0;
12893;2021.09.16 18:45;4;8,25;5;4,6875;2671;202;0;
12894;2021.09.16 19:00;4;8,25;5;4,6875;2667;202;0;
12895;2021.09.16 19:15;4;8,125;5,0625;4,625;2664;202;0;
12896;2021.09.16 19:30;4;8,125;5;4,6875;2661;202;0;
12897;2021.09.16 19:45;4;8;4,875;4,5;2659;202;0;
12898;2021.09.16 20:00;4;8;5;4,625;2657;202;0;
12899;2021.09.16 20:15;4;7,875;5;4,625;2656;202;0;
12900;2021.09.16 20:30;4;7,875;4,875;4,375;2653;202;0;
12901;2021.09.16 20:45;4;7,8125;4,75;4,25;2652;202;0;
12902;2021.09.16 21:00;4;7,75;4,625;4,1875;2650;202;0;
12903;2021.09.16 21:15;4;7,75;4,5;4,125;2648;202;0;
12904;2021.09.16 21:30;4;7,6875;4,1875;3,9375;2646;202;0;
12905;2021.09.16 21:45;4;7,625;4;3,75;2645;202;0;
12906;2021.09.16 22:00;4;7,5625;3,875;3,8125;2643;202;0;
12907;2021.09.16 22:15;4;7,5;4,1875;4;2642;202;0;
12908;2021.09.16 22:30;4;7,4375;4,375;4,125;2641;202;0;
12909;2021.09.16 22:45;4;7,375;4,4375;4,125;2640;202;0;
12910;2021.09.16 23:00;4;7,375;4,5;4,125;2639;202;0;
12911;2021.09.16 23:15;4;7,25;4,5;4,1875;2638;202;0;
12912;2021.09.16 23:30;4;7,25;4,375;4,0625;2637;202;0;
12913;2021.09.16 23:45;4;7,25;4,0625;3,875;2636;202;0;
12914;2021.09.17 00:00;4;7,1875;3,9375;3,875;2635;202;0;
12915;2021.09.17 00:15;4;7,125;3,625;3,625;2633;202;0;
12916;2021.09.17 00:30;4;7,125;3,5;3,5;2632;202;0;
12917;2021.09.17 00:45;4;7;3,25;3,375;2630;202;0;
12918;2021.09.17 01:00;4;7;3,375;3,5;2628;202;0;
12919;2021.09.17 01:15;4;6,875;3,75;3,625;2628;202;0;
12920;2021.09.17 01:30;4;6,875;3,625;3,625;2627;202;0;
12921;2021.09.17 01:45;4;6,75;2,875;3,1875;2625;202;0;
12922;2021.09.17 02:00;4;6,75;3,25;3,375;2625;202;0;
12923;2021.09.17 02:15;4;6,6875;3,5;3,625;2624;202;0;
12924;2021.09.17 02:30;4;6,625;3,125;3,375;2624;202;0;
12925;2021.09.17 02:45;4;6,5625;2,375;3,125;2622;202;0;
12926;2021.09.17 03:00;4;6,5;2,8125;3,125;2622;202;0;
12927;2021.09.17 03:15;4;6,4375;3,5;3,375;2622;202;0;
12928;2021.09.17 03:30;4;6,375;3,75;3,5;2622;202;0;
12929;2021.09.17 03:45;4;6,375;3,125;3,125;2621;202;0;
12930;2021.09.17 04:00;4;6,3125;3,625;3,5;2622;202;0;
12931;2021.09.17 04:15;4;6,25;3,8125;3,5;2621;202;0;
12932;2021.09.17 04:30;4;6,25;3,8125;3,5625;2621;202;0;
12933;2021.09.17 04:45;4;6,25;3,875;3,5;2621;202;0;
12934;2021.09.17 05:00;4;6,25;3,8125;3,5;2621;202;0;
12935;2021.09.17 05:15;4;6,25;3,875;3,5;2620;202;0;
12936;2021.09.17 05:30;4;6,25;3,75;3,3125;2620;202;0;
12937;2021.09.17 05:45;4;6,25;3,6875;3,25;2619;202;0;
12938;2021.09.17 06:00;4;6,1875;3,75;3,375;2620;202;0;
12939;2021.09.17 06:15;4;6,1875;4,5;3,875;2620;202;0;
12940;2021.09.17 06:30;4;6,1875;5,125;4,25;2621;202;0;
12941;2021.09.17 06:45;4;6,25;5,9375;5;2621;202;0;
12942;2021.09.17 07:00;4;6,3125;7;5,6875;2622;202;0;
12943;2021.09.17 07:15;4;6,375;7,4375;6,4375;2622;202;0;
12944;2021.09.17 07:30;4;6,5625;8,875;7,875;2624;202;0;
12945;2021.09.17 07:45;4;6,75;9,375;7,5;2624;202;0;
12946;2021.09.17 08:00;4;6,9375;8,4375;6,625;2622;202;0;
12947;2021.09.17 08:15;4;7,1875;9,75;8,625;2622;202;0;
12948;2021.09.17 08:30;4;7,375;11;9,625;2624;202;0;
12949;2021.09.17 08:45;4;7,625;10,25;8,125;2622;202;0;
12950;2021.09.17 09:00;4;7,8125;10,5;8,625;2621;202;0;
12951;2021.09.17 09:15;4;8;13,125;10,875;2623;202;0;
12952;2021.09.17 09:30;4;8,25;15,625;12,375;2625;202;0;
12953;2021.09.17 09:45;4;8,625;14,125;10,5625;2622;202;0;
12954;2021.09.17 10:00;4;9;15,5;12;2622;202;0;
12955;2021.09.17 10:15;4;9,375;16,125;12,25;2621;202;0;
12956;2021.09.17 10:30;4;9,75;16,625;12,75;2620;202;0;
12957;2021.09.17 10:45;4;10,1875;17,125;13,4375;2620;202;0;
12958;2021.09.17 11:00;4;10,5625;17,0625;13,25;2619;202;0;
12959;2021.09.17 11:15;4;11;17,8125;13,625;2618;202;0;
12960;2021.09.17 11:30;4;11,375;17;13,125;2614;202;0;
12961;2021.09.17 11:45;4;11,6875;18,25;14,75;2615;202;0;
12962;2021.09.17 12:00;4;12;19;14,8125;2614;202;0;
12963;2021.09.17 12:15;4;12,25;19,5;15,125;2613;202;0;
12964;2021.09.17 12:30;4;12,5625;18,75;14,75;2610;202;0;
12965;2021.09.17 12:45;4;12,8125;20,5625;15,8125;2610;202;0;
12966;2021.09.17 13:00;4;13,0625;20,75;15,25;2609;202;0;
12967;2021.09.17 13:15;4;13,3125;19,75;15;2606;202;0;
12968;2021.09.17 13:30;4;13,5625;20,9375;15,625;2606;202;0;
12969;2021.09.17 13:45;4;13,75;20,375;15,125;2603;202;0;
12970;2021.09.17 14:00;4;14;16;12,125;2597;202;0;
12971;2021.09.17 14:15;4;14,125;14,625;11,25;2594;202;0;
12972;2021.09.17 14:30;4;14,1875;14,125;11,125;2592;202;0;
12973;2021.09.17 14:45;4;14,125;12,375;9,75;2589;202;0;
12974;2021.09.17 15:00;4;14,125;11,25;8,8125;2586;202;0;
12975;2021.09.17 15:15;4;14;11,0625;8,875;2585;202;0;
12976;2021.09.17 15:30;4;13,875;10,375;8,25;2584;202;0;
12977;2021.09.17 15:45;4;13,75;9,875;7,875;2582;202;0;
12978;2021.09.17 16:00;4;13,5625;9,5625;7,6875;2581;202;0;
12979;2021.09.17 16:15;4;13,375;9,125;7,4375;2580;202;0;
12980;2021.09.17 16:30;4;13,25;9;7,5;2579;202;0;
12981;2021.09.17 16:45;4;13,0625;8,5;7;2577;202;0;
12982;2021.09.17 17:00;4;12,875;8,125;6,75;2576;202;0;
12983;2021.09.17 17:15;4;12,75;8;6,75;2576;202;0;
12984;2021.09.17 17:30;4;12,5625;7,75;6,5625;2575;202;0;
12985;2021.09.17 17:45;4;12,375;7,625;6,375;2574;202;0;
12986;2021.09.17 18:00;4;12,25;7,625;6,375;2574;202;0;
12987;2021.09.17 18:15;4;12,0625;7,5;6,3125;2573;202;0;
12988;2021.09.17 18:30;4;11,875;7,5;6,375;2573;202;0;
12989;2021.09.17 18:45;4;11,75;7,3125;6,125;2572;202;0;
12990;2021.09.17 19:00;4;11,625;7,125;6;2572;202;0;
12991;2021.09.17 19:15;4;11,5;7,125;6;2571;202;0;
12992;2021.09.17 19:30;4;11,375;6,8125;5,75;2570;202;0;
12993;2021.09.17 19:45;4;11,25;7;6;2570;202;0;
12994;2021.09.17 20:00;4;11,125;6,8125;5,75;2569;202;0;
12995;2021.09.17 20:15;4;11;6,5;5,375;2568;202;0;
12996;2021.09.17 20:30;4;10,875;6,25;5,3125;2567;202;0;
12997;2021.09.17 20:45;4;10,8125;6,25;5,375;2567;202;0;
12998;2021.09.17 21:00;4;10,6875;6;5,25;2566;202;0;
12999;2021.09.17 21:15;4;10,625;6,3125;5,625;2566;202;0;
13000;2021.09.17 21:30;4;10,5;6,5;5,75;2566;202;0;
13001;2021.09.17 21:45;4;10,375;6,4375;5,5625;2565;202;0;
13002;2021.09.17 22:00;4;10,25;6,375;5,75;2564;202;0;
13003;2021.09.17 22:15;4;10,25;6,375;5,625;2564;202;0;
13004;2021.09.17 22:30;4;10,125;6,375;5,75;2563;202;0;
13005;2021.09.17 22:45;4;10;6,375;5,875;2563;202;0;
13006;2021.09.17 23:00;4;10;6,25;5,875;2563;202;0;
13007;2021.09.17 23:15;4;9,875;6,125;5,625;2562;202;0;
13008;2021.09.17 23:30;4;9,8125;5,875;5,5;2561;202;0;
13009;2021.09.17 23:45;4;9,75;5,875;5,5;2561;202;0;
13010;2021.09.18 00:00;4;9,625;5,875;5,4375;2561;202;0;
13011;2021.09.18 00:15;4;9,5625;5,875;5,375;2561;202;0;
13012;2021.09.18 00:30;4;9,5;5,8125;5,25;2561;202;0;
13013;2021.09.18 00:45;4;9,4375;5,25;5;2560;202;0;
13014;2021.09.18 01:00;4;9,375;4,625;4,75;2559;202;0;
13015;2021.09.18 01:15;4;9,25;4,25;4,5625;2558;202;0;
13016;2021.09.18 01:30;4;9,125;4;4,3125;2557;202;0;
13017;2021.09.18 01:45;4;9;3,875;4,1875;2557;202;0;
13018;2021.09.18 02:00;4;8,9375;3,625;4,125;2556;202;0;
13019;2021.09.18 02:15;4;8,8125;3,5;4;2556;202;0;
13020;2021.09.18 02:30;4;8,6875;2,875;3,4375;2555;202;0;
13021;2021.09.18 02:45;4;8,5625;2,6875;3,3125;2555;202;0;
13022;2021.09.18 03:00;4;8,4375;2,4375;3,1875;2554;202;0;
13023;2021.09.18 03:15;4;8,3125;2;2,75;2554;202;0;
13024;2021.09.18 03:30;4;8,1875;1,5;2,25;2554;202;0;
13025;2021.09.18 03:45;4;8;1,125;1,875;2553;202;0;
13026;2021.09.18 04:00;4;7,875;1,3125;2,0625;2553;202;0;
13027;2021.09.18 04:15;4;7,75;1,125;1,875;2553;202;0;
13028;2021.09.18 04:30;4;7,625;1,125;2;2552;202;0;
13029;2021.09.18 04:45;4;7,5;1,375;2,5;2552;202;0;
13030;2021.09.18 05:00;4;7,375;1,375;2,5;2552;202;0;
13031;2021.09.18 05:15;4;7,25;1,5;2,625;2552;202;0;
13032;2021.09.18 05:30;4;7,125;1,625;2,75;2552;202;0;
13033;2021.09.18 05:45;4;7;1,5;2,625;2552;202;0;
13034;2021.09.18 06:00;4;7;1,5;2,625;2552;202;0;
13035;2021.09.18 06:15;4;6,875;1,375;2,625;2552;202;0;
13036;2021.09.18 06:30;4;6,75;5,75;9;2557;202;0;
13037;2021.09.18 06:45;4;6,75;7,375;10;2559;202;0;
13038;2021.09.18 07:00;4;6,75;9,25;10,5625;2561;202;0;
13039;2021.09.18 07:15;4;6,875;10,375;11,125;2563;202;0;
13040;2021.09.18 07:30;4;7;11,125;10,75;2563;202;0;
13041;2021.09.18 07:45;4;7,1875;11,75;10,8125;2564;202;0;
13042;2021.09.18 08:00;4;7,375;12,5;11,125;2565;202;0;
13043;2021.09.18 08:15;4;7,625;12,875;11,125;2565;202;0;
13044;2021.09.18 08:30;4;7,875;13,625;11,5;2566;202;0;
13045;2021.09.18 08:45;4;8,1875;13,9375;11,375;2566;202;0;
13046;2021.09.18 09:00;4;8,5;14,4375;11,875;2567;202;0;
13047;2021.09.18 09:15;4;8,8125;14,5;11,25;2566;202;0;
13048;2021.09.18 09:30;4;9,125;15;11,625;2567;202;0;
13049;2021.09.18 09:45;4;9,5;14,25;11,25;2565;202;0;
13050;2021.09.18 10:00;4;9,75;13,875;10,5;2564;202;0;
13051;2021.09.18 10:15;4;10,0625;14,875;11,625;2565;202;0;
13052;2021.09.18 10:30;4;10,375;14,0625;10,75;2563;202;0;
13053;2021.09.18 10:45;4;10,625;15,5;12,375;2564;202;0;
13054;2021.09.18 11:00;4;10,875;17,375;13,5;2566;202;0;
13055;2021.09.18 11:15;4;11,125;18,25;14,125;2567;202;0;
13056;2021.09.18 11:30;4;11,5;19,125;15;2568;202;0;
13057;2021.09.18 11:45;4;11,8125;18,5;14,25;2566;202;0;
13058;2021.09.18 12:00;4;12,125;17,125;13,375;2564;202;0;
13059;2021.09.18 12:15;4;12,4375;16,875;13,5625;2563;202;0;
13060;2021.09.18 12:30;4;12,625;17,875;14,125;2563;202;0;
13061;2021.09.18 12:45;4;12,8125;18,25;14,375;2563;202;0;
13062;2021.09.18 13:00;4;13;19,5;15,1875;2563;202;0;
13063;2021.09.18 13:15;4;13,1875;20,25;15,5;2564;202;0;
13064;2021.09.18 13:30;4;13,375;19,5;14,75;2562;202;0;
13065;2021.09.18 13:45;4;13,625;18,875;14,75;2560;202;0;
13066;2021.09.18 14:00;4;13,75;20,1875;15,9375;2561;202;0;
13067;2021.09.18 14:15;4;13,875;19,875;15,375;2559;202;0;
13068;2021.09.18 14:30;4;14;19,625;14,75;2558;202;0;
13069;2021.09.18 14:45;4;14,125;14,125;10,75;2552;202;0;
13070;2021.09.18 15:00;4;14,25;12,25;10,0625;2549;202;0;
13071;2021.09.18 15:15;4;14,125;13,625;11,375;2550;202;0;
13072;2021.09.18 15:30;4;14,125;12;9,875;2548;202;0;
13073;2021.09.18 15:45;4;14;11,5;9,8125;2547;202;0;
13074;2021.09.18 16:00;4;13,875;10,875;9;2546;202;0;
13075;2021.09.18 16:15;4;13,75;9,9375;8,375;2545;202;0;
13076;2021.09.18 16:30;4;13,625;8,9375;7,8125;2543;202;0;
13077;2021.09.18 16:45;4;13,5;8,625;7,4375;2543;202;0;
13078;2021.09.18 17:00;4;13,3125;7,75;7,25;2541;202;0;
13079;2021.09.18 17:15;4;13,125;7;7;2540;202;0;
13080;2021.09.18 17:30;4;12,9375;7,0625;6,625;2541;202;0;
13081;2021.09.18 17:45;4;12,75;7,25;6,4375;2539;202;0;
13082;2021.09.18 18:00;4;12,5625;6,5625;6,0625;2538;202;0;
13083;2021.09.18 18:15;4;12,375;5,8125;5,875;2537;202;0;
13084;2021.09.18 18:30;4;12,1875;5,1875;5,375;2536;202;0;
13085;2021.09.18 18:45;4;12;6;5,375;2537;202;0;
13086;2021.09.18 19:00;4;11,75;5,25;4,875;2536;202;0;
13087;2021.09.18 19:15;4;11,625;4,75;4,5625;2535;202;0;
13088;2021.09.18 19:30;4;11,375;4,3125;4,25;2534;202;0;
13089;2021.09.18 19:45;4;11,25;5,25;5,3125;2535;202;0;
13090;2021.09.18 20:00;4;11;5,625;5,375;2535;202;0;
13091;2021.09.18 20:15;4;10,875;5,875;5,375;2535;202;0;
13092;2021.09.18 20:30;4;10,75;5,75;5,25;2535;202;0;
13093;2021.09.18 20:45;4;10,625;5,75;5,25;2535;202;0;
13094;2021.09.18 21:00;4;10,5;5,75;5,25;2535;202;0;
13095;2021.09.18 21:15;4;10,375;5,625;5;2534;202;0;
13096;2021.09.18 21:30;4;10,25;5,625;5;2534;202;0;
13097;2021.09.18 21:45;4;10,1875;5,5;5;2534;202;0;
13098;2021.09.18 22:00;4;10,125;5,625;5,125;2534;202;0;
13099;2021.09.18 22:15;4;10;5,75;5,125;2534;202;0;
13100;2021.09.18 22:30;4;9,9375;5,375;4,875;2534;202;0;
13101;2021.09.18 22:45;4;9,875;5,3125;4,875;2533;202;0;
13102;2021.09.18 23:00;4;9,75;5,0625;4,625;2533;202;0;
13103;2021.09.18 23:15;4;9,6875;5,375;5;2533;202;0;
13104;2021.09.18 23:30;4;9,625;5,3125;4,875;2533;202;0;
13105;2021.09.18 23:45;4;9,5;5,125;4,6875;2532;202;0;
13106;2021.09.19 00:00;4;9,4375;5;4,5625;2532;202;0;
13107;2021.09.19 00:15;4;9,375;4,75;4,375;2532;202;0;
13108;2021.09.19 00:30;4;9,25;4,875;4,5;2532;202;0;
13109;2021.09.19 00:45;4;9,25;4,875;4,5;2532;202;0;
13110;2021.09.19 01:00;4;9,125;4,75;4,375;2532;202;0;
13111;2021.09.19 01:15;4;9,0625;4,625;4,25;2548;202;0;
13112;2021.09.19 01:30;4;9;4,5625;4,125;2568;202;0;
13113;2021.09.19 01:45;4;8,9375;4,125;3,5;2576;202;0;
13114;2021.09.19 02:00;4;8,875;4,25;3,75;2585;202;0;
13115;2021.09.19 02:15;4;8,75;3,6875;3,0625;2631;202;0;
13116;2021.09.19 02:30;4;8,6875;0,125;0;2669;202;0;
13117;2021.09.19 02:45;4;8,5;0,25;0,6875;2709;202;0;
13118;2021.09.19 03:00;4;8,3125;0;-0,25;2701;202;0;
13119;2021.09.19 03:15;4;8,125;0;-0,25;2692;202;0;
13120;2021.09.19 03:30;4;7,875;0,0625;-0,25;2686;202;0;
13121;2021.09.19 03:45;4;7,75;0,125;-0,5625;2682;202;0;
13122;2021.09.19 04:00;4;7,625;0,125;-0,6875;2679;202;0;
13123;2021.09.19 04:15;4;7,4375;0,125;-0,625;2677;202;0;
13124;2021.09.19 04:30;4;7,3125;0,125;-0,75;2675;202;0;
13125;2021.09.19 04:45;4;7,25;0,125;-0,625;2674;202;0;
13126;2021.09.19 05:00;4;7,125;0,125;-0,75;2670;202;0;
13127;2021.09.19 05:15;4;7;-0,375;-1,25;2669;202;0;
13128;2021.09.19 05:30;4;6,9375;-0,375;-1,875;2668;202;0;
13129;2021.09.19 05:45;4;6,875;-0,8125;-2;2666;202;0;
13130;2021.09.19 06:00;4;6,75;-0,5625;-1,375;2666;202;0;
13131;2021.09.19 06:15;4;6,6875;-0,625;-1,125;2664;202;0;
13132;2021.09.19 06:30;4;6,625;1,0625;1,375;2663;202;0;
13133;2021.09.19 06:45;4;6,625;1,9375;2,1875;2663;202;0;
13134;2021.09.19 07:00;4;6,5625;1,875;1,875;2660;202;0;
13135;2021.09.19 07:15;4;6,5;2,8125;2,625;2658;202;0;
13136;2021.09.19 07:30;4;6,5;2;0,75;2655;202;0;
13137;2021.09.19 07:45;4;6,5;1,5625;0,375;2653;202;0;
13138;2021.09.19 08:00;4;6,5;1,25;0;2651;202;0;
13139;2021.09.19 08:15;4;6,5;1,4375;0,375;2650;202;0;
13140;2021.09.19 08:30;4;6,4375;1,3125;0,625;2649;202;0;
13141;2021.09.19 08:45;4;6,4375;1,875;1,25;2650;202;0;
13142;2021.09.19 09:00;4;6,375;3;2,875;2653;202;0;
13143;2021.09.19 09:15;4;6,375;4,625;4,0625;2662;202;0;
13144;2021.09.19 09:30;4;6,375;4,5;3,125;2672;202;0;
13145;2021.09.19 09:45;4;6,5;4,375;3,375;2713;202;0;
13146;2021.09.19 10:00;4;6,5;3,4375;1,875;2744;202;0;
13147;2021.09.19 10:15;4;6,5625;3,125;1,5;2768;202;0;
13148;2021.09.19 10:30;4;6,625;2,25;1,25;2775;202;0;
13149;2021.09.19 10:45;4;6,625;3,625;2,6875;2785;202;0;
13150;2021.09.19 11:00;4;6,5;4,125;2,25;2796;202;0;
13151;2021.09.19 11:15;4;6,5;1,8125;0,375;2800;202;0;
13152;2021.09.19 11:30;4;6,5625;0,875;0,6875;2797;202;0;
13153;2021.09.19 11:45;4;6,5;1,0625;0,75;2793;202;0;
13154;2021.09.19 12:00;4;6,375;1,125;0,625;2786;202;0;
13155;2021.09.19 12:15;4;6,375;2,25;2;2783;202;0;
13156;2021.09.19 12:30;4;6,25;2,25;1,5;2786;202;0;
13157;2021.09.19 12:45;4;6,25;0,875;0,5625;2789;202;0;
13158;2021.09.19 13:00;4;6,1875;0,75;0,9375;2784;202;0;
13159;2021.09.19 13:15;4;6,125;0,625;0,625;2777;202;0;
13160;2021.09.19 13:30;4;6,0625;1,125;0,6875;2771;202;0;
13161;2021.09.19 13:45;4;6;0,8125;-0,125;2765;202;0;
13162;2021.09.19 14:00;4;5,875;0,5;0,0625;2760;202;0;
13163;2021.09.19 14:15;4;5,875;0,6875;0,375;2757;202;0;
13164;2021.09.19 14:30;4;5,75;1,125;1,625;2754;202;0;
13165;2021.09.19 14:45;4;5,75;1,125;1,0625;2752;202;0;
13166;2021.09.19 15:00;4;5,625;1,1875;1,25;2749;202;0;
13167;2021.09.19 15:15;4;5,625;0,6875;0,625;2746;202;0;
13168;2021.09.19 15:30;4;5,5625;0,625;-0,1875;2743;202;0;
13169;2021.09.19 15:45;4;5,5;0,375;-0,5;2739;202;0;
13170;2021.09.19 16:00;4;5,4375;0,0625;-0,875;2735;202;0;
13171;2021.09.19 16:15;4;5,375;0,5;-0,4375;2732;202;0;
13172;2021.09.19 16:30;4;5,3125;0,5;-0,625;2730;202;0;
13173;2021.09.19 16:45;4;5,25;0,3125;-1;2727;202;0;
13174;2021.09.19 17:00;4;5,25;0,375;-0,875;2725;202;0;
13175;2021.09.19 17:15;4;5,1875;0,125;-0,8125;2723;202;0;
13176;2021.09.19 17:30;4;5,125;-0,25;-1,375;2721;202;0;
13177;2021.09.19 17:45;4;5,125;-0,625;-1,75;2718;202;0;
13178;2021.09.19 18:00;4;5,0625;-0,75;-1,1875;2715;202;0;
13179;2021.09.19 18:15;4;5;-1,125;-1,625;2713;202;0;
13180;2021.09.19 18:30;4;5;-1;-1,6875;2711;202;0;
13181;2021.09.19 18:45;4;4,9375;-1,125;-1,5;2708;202;0;
13182;2021.09.19 19:00;4;4,875;-1;-0,875;2706;202;0;
13183;2021.09.19 19:15;4;4,875;-1,25;-1,0625;2703;202;0;
13184;2021.09.19 19:30;4;4,8125;-0,875;-1,875;2702;202;0;
13185;2021.09.19 19:45;4;4,75;-0,875;-2,125;2699;202;0;
13186;2021.09.19 20:00;4;4,75;-0,4375;-1,75;2698;202;0;
13187;2021.09.19 20:15;4;4,75;-0,875;-1,875;2695;202;0;
13188;2021.09.19 20:30;4;4,6875;-0,5;-1,75;2693;202;0;
13189;2021.09.19 20:45;4;4,6875;-0,5;-1,875;2691;202;0;
13190;2021.09.19 21:00;4;4,625;-0,625;-1,875;2689;202;0;
13191;2021.09.19 21:15;4;4,625;-0,75;-1,6875;2687;202;0;
13192;2021.09.19 21:30;4;4,625;-1,375;-2,3125;2685;202;0;
13193;2021.09.19 21:45;4;4,625;-1,75;-2,1875;2683;202;0;
13194;2021.09.19 22:00;4;4,625;-2,125;-2,5;2680;202;0;
13195;2021.09.19 22:15;4;4,5625;-2,125;-2,4375;2679;202;0;
13196;2021.09.19 22:30;4;4,5;-1,5;-2;2678;202;0;
13197;2021.09.19 22:45;4;4,5;-1,75;-2,0625;2676;202;0;
13198;2021.09.19 23:00;4;4,5;-2;-2,5625;2675;202;0;
13199;2021.09.19 23:15;4;4,4375;-2,25;-2,375;2673;202;0;
13200;2021.09.19 23:30;4;4,4375;-2,375;-2,4375;2671;202;0;
13201;2021.09.19 23:45;4;4,375;-2,5;-2,8125;2670;202;0;
13202;2021.09.20 00:00;4;4,375;-2,25;-2,6875;2669;202;0;
13203;2021.09.20 00:15;4;4,375;-2,25;-1,9375;2668;202;0;
13204;2021.09.20 00:30;4;4,3125;-2;-2,3125;2667;202;0;
13205;2021.09.20 00:45;4;4,25;-2,3125;-2,75;2666;202;0;
13206;2021.09.20 01:00;4;4,25;-2,875;-3,375;2665;202;0;
13207;2021.09.20 01:15;4;4,25;-3,0625;-3,375;2663;202;0;
13208;2021.09.20 01:30;4;4,1875;-3;-3,1875;2661;202;0;
13209;2021.09.20 01:45;4;4,125;-3;-3,25;2660;202;0;
13210;2021.09.20 02:00;4;4,125;-2,6875;-2,4375;2659;202;0;
13211;2021.09.20 02:15;4;4,0625;-2,375;-2,25;2658;202;0;
13212;2021.09.20 02:30;4;4;-2;-1,875;2657;202;0;
13213;2021.09.20 02:45;4;4;-2,5;-2,5;2655;202;0;
13214;2021.09.20 03:00;4;4;-2,75;-2,6875;2655;202;0;
13215;2021.09.20 03:15;4;3,9375;-1,8125;-1,625;2654;202;0;
13216;2021.09.20 03:30;4;3,875;-1,5625;-1,625;2653;202;0;
13217;2021.09.20 03:45;4;3,875;-1,625;-1,625;2653;202;0;
13218;2021.09.20 04:00;4;3,875;-1,625;-1,625;2652;202;0;
13219;2021.09.20 04:15;4;3,8125;-1,625;-1,5;2652;202;0;
13220;2021.09.20 04:30;4;3,75;-1,5625;-1,375;2651;202;0;
13221;2021.09.20 04:45;4;3,75;-1,8125;-1,75;2651;202;0;
13222;2021.09.20 05:00;4;3,75;-1,75;-1,375;2650;202;0;
13223;2021.09.20 05:15;4;3,75;-1,875;-1,625;2649;202;0;
13224;2021.09.20 05:30;4;3,75;-1,875;-1,5625;2648;202;0;
13225;2021.09.20 05:45;4;3,75;-1,625;-1,25;2648;202;0;
13226;2021.09.20 06:00;4;3,6875;-1,625;-1,125;2647;202;0;
13227;2021.09.20 06:15;4;3,6875;-1,75;-1,375;2647;202;0;
13228;2021.09.20 06:30;4;3,625;-1,25;-0,8125;2647;202;0;
13229;2021.09.20 06:45;4;3,625;0,5;3,75;2648;202;0;
13230;2021.09.20 07:00;4;3,625;1,625;6,4375;2650;202;0;
13231;2021.09.20 07:15;4;3,625;2,75;6,375;2651;202;0;
13232;2021.09.20 07:30;4;3,625;4;8,6875;2652;202;0;
13233;2021.09.20 07:45;4;3,6875;5,5;11;2653;202;0;
13234;2021.09.20 08:00;4;3,75;5,125;7,75;2653;202;0;
13235;2021.09.20 08:15;4;3,75;5,75;8,5625;2653;202;0;
13236;2021.09.20 08:30;4;3,875;4,875;6,25;2655;202;0;
13237;2021.09.20 08:45;4;3,875;3,75;4,25;2657;202;0;
13238;2021.09.20 09:00;4;4;3,6875;4,625;2660;202;0;
13239;2021.09.20 09:15;4;4;6,125;7,25;2666;202;0;
13240;2021.09.20 09:30;4;4,125;5,125;5,3125;2672;202;0;
13241;2021.09.20 09:45;4;4,125;4,125;4,125;2698;202;0;
13242;2021.09.20 10:00;4;4,25;6,875;8,375;2742;202;0;
13243;2021.09.20 10:15;4;4,375;6,875;6,75;2787;202;0;
13244;2021.09.20 10:30;4;4,5;6,25;5;2803;202;0;
13245;2021.09.20 10:45;4;4,625;5,8125;4,625;2810;202;0;
13246;2021.09.20 11:00;4;4,75;4,5625;3,4375;2806;202;0;
13247;2021.09.20 11:15;4;4,875;4,625;3,5;2801;202;0;
13248;2021.09.20 11:30;4;4,9375;4,25;3,375;2793;202;0;
13249;2021.09.20 11:45;4;5;4,4375;3,5;2785;202;0;
13250;2021.09.20 12:00;4;5,125;4,5;3,5;2779;202;0;
13251;2021.09.20 12:15;4;5,125;4,625;3,625;2774;202;0;
13252;2021.09.20 12:30;4;5,25;5,25;4,375;2768;202;0;
13253;2021.09.20 12:45;4;5,3125;5,1875;3,9375;2764;202;0;
13254;2021.09.20 13:00;4;5,375;6;4,75;2760;202;0;
13255;2021.09.20 13:15;4;5,5;6,4375;4,5;2756;202;0;
13256;2021.09.20 13:30;4;5,625;5,25;3,125;2749;202;0;
13257;2021.09.20 13:45;4;5,75;5,25;3,3125;2741;202;0;
13258;2021.09.20 14:00;4;5,875;5,875;3,875;2736;202;0;
13259;2021.09.20 14:15;4;6;5,375;3,625;2729;202;0;
13260;2021.09.20 14:30;4;6,125;5,0625;3,25;2723;202;0;
13261;2021.09.20 14:45;4;6,125;4,375;2,5;2717;202;0;
13262;2021.09.20 15:00;4;6,25;3,125;1,625;2712;202;0;
13263;2021.09.20 15:15;4;6,25;2,375;1,125;2713;202;0;
13264;2021.09.20 15:30;4;6,1875;1;0,375;2723;202;0;
13265;2021.09.20 15:45;4;6,125;0,625;0,5;2736;202;0;
13266;2021.09.20 16:00;4;5,9375;1,25;0,75;2755;202;0;
13267;2021.09.20 16:15;4;5,8125;0,375;0,3125;2768;202;0;
13268;2021.09.20 16:30;4;5,625;0,375;0,3125;2777;202;0;
13269;2021.09.20 16:45;4;5,5;0,625;0,5;2785;202;0;
13270;2021.09.20 17:00;4;5,375;0,75;0,5;2784;202;0;
13271;2021.09.20 17:15;4;5,25;0,875;0,5;2783;202;0;
13272;2021.09.20 17:30;4;5,125;0,875;0,4375;2777;202;0;
13273;2021.09.20 17:45;4;5;0,9375;0,375;2771;202;0;
13274;2021.09.20 18:00;4;4,875;0,875;0,25;2763;202;0;
13275;2021.09.20 18:15;4;4,875;0,875;0,3125;2756;202;0;
13276;2021.09.20 18:30;4;4,75;1;0,3125;2748;202;0;
13277;2021.09.20 18:45;4;4,75;1;0,25;2743;202;0;
13278;2021.09.20 19:00;4;4,75;0,875;0,25;2737;202;0;
13279;2021.09.20 19:15;4;4,625;0,875;0,25;2732;202;0;
13280;2021.09.20 19:30;4;4,625;0,9375;0,375;2728;202;0;
13281;2021.09.20 19:45;4;4,625;1,0625;0,5;2723;202;0;
13282;2021.09.20 20:00;4;4,5625;1;0,375;2720;202;0;
13283;2021.09.20 20:15;4;4,5;0,8125;0,1875;2717;202;0;
13284;2021.09.20 20:30;4;4,5;0,4375;0;2713;202;0;
13285;2021.09.20 20:45;4;4,5;0,3125;-0,0625;2710;202;0;
13286;2021.09.20 21:00;4;4,4375;0,5;0,125;2707;202;0;
13287;2021.09.20 21:15;4;4,375;0,5;0,0625;2705;202;0;
13288;2021.09.20 21:30;4;4,375;-0,5;-0,625;2701;202;0;
13289;2021.09.20 21:45;4;4,3125;-1,0625;-1;2698;202;0;
13290;2021.09.20 22:00;4;4,25;-1,5;-1,25;2695;202;0;
13291;2021.09.20 22:15;4;4,1875;-1,5625;-1,1875;2693;202;0;
13292;2021.09.20 22:30;4;4,125;-1,75;-1,5;2690;202;0;
13293;2021.09.20 22:45;4;4;-1,625;-1,4375;2688;202;0;
13294;2021.09.20 23:00;4;3,9375;-1,875;-1,625;2685;202;0;
13295;2021.09.20 23:15;4;3,875;-1,5;-1,0625;2682;202;0;
13296;2021.09.20 23:30;4;3,75;-1,875;-1,625;2680;202;0;
13297;2021.09.20 23:45;4;3,6875;-2;-1,625;2677;202;0;
13298;2021.09.21 00:00;4;3,625;-1,125;-0,75;2676;202;0;
13299;2021.09.21 00:15;4;3,5625;-1;-0,625;2674;202;0;
13300;2021.09.21 00:30;4;3,5;-1;-0,5;2672;202;0;
13301;2021.09.21 00:45;4;3,4375;-1,125;-0,625;2670;202;0;
13302;2021.09.21 01:00;4;3,375;-0,875;-0,5;2669;202;0;
13303;2021.09.21 01:15;4;3,375;-0,9375;-0,5;2667;202;0;
13304;2021.09.21 01:30;4;3,25;-0,875;-0,375;2665;202;0;
13305;2021.09.21 01:45;4;3,25;-1;-0,5625;2663;202;0;
13306;2021.09.21 02:00;4;3,1875;-0,875;-0,375;2662;202;0;
13307;2021.09.21 02:15;4;3,125;-0,875;-0,375;2660;202;0;
13308;2021.09.21 02:30;4;3,125;-1;-0,5625;2659;202;0;
13309;2021.09.21 02:45;4;3,0625;-1,0625;-0,5625;2657;202;0;
13310;2021.09.21 03:00;4;3;-1,125;-0,625;2655;202;0;
13311;2021.09.21 03:15;4;3;-1,25;-0,8125;2654;202;0;
13312;2021.09.21 03:30;4;2,9375;-1,75;-1,1875;2652;202;0;
13313;2021.09.21 03:45;4;2,875;-1,875;-1,3125;2649;202;0;
13314;2021.09.21 04:00;4;2,875;-1,9375;-1,3125;2646;202;0;
13315;2021.09.21 04:15;4;2,875;-2,125;-1,375;2642;202;0;
13316;2021.09.21 04:30;4;2,8125;-1,75;-1,25;2639;202;0;
13317;2021.09.21 04:45;4;2,75;-1,75;-1,3125;2636;202;0;
13318;2021.09.21 05:00;4;2,75;-1,375;-0,75;2635;202;0;
13319;2021.09.21 05:15;4;2,75;-1,25;-0,5;2633;202;0;
13320;2021.09.21 05:30;4;2,6875;-1,25;-0,5;2632;202;0;
13321;2021.09.21 05:45;4;2,625;-1,125;-0,5;2631;202;0;
13322;2021.09.21 06:00;4;2,625;-1;-0,5;2630;202;0;
13323;2021.09.21 06:15;4;2,625;-0,9375;-0,375;2629;202;0;
13324;2021.09.21 06:30;4;2,5625;0,625;2;2632;202;0;
13325;2021.09.21 06:45;4;2,5625;1,375;2,6875;2637;202;0;
13326;2021.09.21 07:00;4;2,5;2,25;3,25;2648;202;0;
13327;2021.09.21 07:15;4;2,5;3,0625;3,875;2658;202;0;
13328;2021.09.21 07:30;4;2,5;3,6875;3,875;2664;202;0;
13329;2021.09.21 07:45;4;2,5;4,625;4,5;2669;202;0;
13330;2021.09.21 08:00;4;2,5625;5,5;4,9375;2671;202;0;
13331;2021.09.21 08:15;4;2,6875;6,375;5,25;2672;202;0;
13332;2021.09.21 08:30;4;2,875;7;5,625;2672;202;0;
13333;2021.09.21 08:45;4;3,125;7,625;5,75;2672;202;0;
13334;2021.09.21 09:00;4;3,4375;8,875;6,6875;2672;202;0;
13335;2021.09.21 09:15;4;3,75;10,5;8,3125;2673;202;0;
13336;2021.09.21 09:30;4;4,125;11,75;8,75;2673;202;0;
13337;2021.09.21 09:45;4;4,5625;10,25;7,5;2670;202;0;
13338;2021.09.21 10:00;4;5;7,75;5,625;2666;202;0;
13339;2021.09.21 10:15;4;5,375;6,75;5,375;2663;202;0;
13340;2021.09.21 10:30;4;5,5625;8,375;7;2664;202;0;
13341;2021.09.21 10:45;4;5,75;11,1875;8,3125;2666;202;0;
13342;2021.09.21 11:00;4;6;10,1875;6,9375;2664;202;0;
13343;2021.09.21 11:15;4;6,25;11,5;8,375;2664;202;0;
13344;2021.09.21 11:30;4;6,5625;12,375;8,875;2663;202;0;
13345;2021.09.21 11:45;4;6,875;13,75;9,875;2663;202;0;
13346;2021.09.21 12:00;4;7,125;13,6875;9,5625;2661;202;0;
13347;2021.09.21 12:15;4;7,5;12,625;8,8125;2658;202;0;
13348;2021.09.21 12:30;4;7,75;10,5;8;2654;202;0;
13349;2021.09.21 12:45;4;8;10,3125;8;2652;202;0;
13350;2021.09.21 13:00;4;8,125;9;6,875;2649;202;0;
13351;2021.09.21 13:15;4;8,25;11,1875;8,375;2651;202;0;
13352;2021.09.21 13:30;4;8,375;15,1875;11,375;2654;202;0;
13353;2021.09.21 13:45;4;8,5;16;11,625;2655;202;0;
13354;2021.09.21 14:00;4;8,75;15,6875;11;2653;202;0;
13355;2021.09.21 14:15;4;8,9375;16,25;11,75;2651;202;0;
13356;2021.09.21 14:30;4;9,125;16,125;11,25;2650;202;0;
13357;2021.09.21 14:45;4;9,375;13,375;9,625;2646;202;0;
13358;2021.09.21 15:00;4;9,5;14,75;10,8125;2646;202;0;
13359;2021.09.21 15:15;4;9,625;14,375;10,5625;2644;202;0;
13360;2021.09.21 15:30;4;9,625;13;9,6875;2641;202;0;
13361;2021.09.21 15:45;4;9,75;7,25;5,625;2635;202;0;
13362;2021.09.21 16:00;4;9,625;5,375;4,5625;2632;202;0;
13363;2021.09.21 16:15;4;9,5625;4,625;4;2630;202;0;
13364;2021.09.21 16:30;4;9,375;3,5;3,125;2628;202;0;
13365;2021.09.21 16:45;4;9,25;3,125;3,0625;2626;202;0;
13366;2021.09.21 17:00;4;9;2,625;2,6875;2625;202;0;
13367;2021.09.21 17:15;4;8,75;2,1875;2,125;2623;202;0;
13368;2021.09.21 17:30;4;8,625;1,5;1,375;2622;202;0;
13369;2021.09.21 17:45;4;8,375;1,75;1,75;2621;202;0;
13370;2021.09.21 18:00;4;8,125;1,5;1,6875;2620;202;0;
13371;2021.09.21 18:15;4;7,9375;1,5;1,625;2619;202;0;
13372;2021.09.21 18:30;4;7,75;1,375;1,75;2618;202;0;
13373;2021.09.21 18:45;4;7,5625;1;1,5;2617;202;0;
13374;2021.09.21 19:00;4;7,375;1,375;2,125;2617;202;0;
13375;2021.09.21 19:15;4;7,1875;1,625;2,5625;2617;202;0;
13376;2021.09.21 19:30;4;7;1;1,625;2616;202;0;
13377;2021.09.21 19:45;4;6,875;1;1,1875;2615;202;0;
13378;2021.09.21 20:00;4;6,6875;1,4375;1,625;2615;202;0;
13379;2021.09.21 20:15;4;6,5625;2,375;2,125;2616;202;0;
13380;2021.09.21 20:30;4;6,4375;2,625;2,25;2616;202;0;
13381;2021.09.21 20:45;4;6,375;2,75;2,25;2615;202;0;
13382;2021.09.21 21:00;4;6,25;0,8125;0,75;2613;202;0;
13383;2021.09.21 21:15;4;6,25;0,875;1,625;2612;202;0;
13384;2021.09.21 21:30;4;6,125;0,875;1,625;2612;202;0;
13385;2021.09.21 21:45;4;6;0,75;1,8125;2611;202;0;
13386;2021.09.21 22:00;4;5,875;0,9375;2,1875;2611;202;0;
13387;2021.09.21 22:15;4;5,75;0,8125;2,0625;2610;202;0;
13388;2021.09.21 22:30;4;5,625;-0,375;0,625;2609;202;0;
13389;2021.09.21 22:45;4;5,5;-0,125;1,125;2609;202;0;
13390;2021.09.21 23:00;4;5,375;0,375;1,9375;2609;202;0;
13391;2021.09.21 23:15;4;5,25;1,4375;2,875;2610;202;0;
13392;2021.09.21 23:30;4;5,1875;1,5;2,6875;2610;202;0;
13393;2021.09.21 23:45;4;5,125;1,375;2,75;2609;202;0;
13394;2021.09.22 00:00;4;5;1,0625;2,25;2608;202;0;
13395;2021.09.22 00:15;4;4,9375;1,375;2,6875;2608;202;0;
13396;2021.09.22 00:30;4;4,875;1,375;2,625;2608;202;0;
13397;2021.09.22 00:45;4;4,75;1,375;2,5625;2608;202;0;
13398;2021.09.22 01:00;4;4,75;1,1875;2,375;2607;202;0;
13399;2021.09.22 01:15;4;4,625;1;2,1875;2607;202;0;
13400;2021.09.22 01:30;4;4,625;0,75;1,9375;2607;202;0;
13401;2021.09.22 01:45;4;4,5;-0,625;0,5;2605;202;0;
13402;2021.09.22 02:00;4;4,4375;-0,625;0,5625;2605;202;0;
13403;2021.09.22 02:15;4;4,375;-0,9375;0,3125;2604;202;0;
13404;2021.09.22 02:30;4;4,25;-1,25;0,125;2603;202;0;
13405;2021.09.22 02:45;4;4,1875;-1,625;-0,4375;2602;202;0;
13406;2021.09.22 03:00;4;4,125;-1,625;-0,375;2602;202;0;
13407;2021.09.22 03:15;4;4;-1,25;0,125;2602;202;0;
13408;2021.09.22 03:30;4;3,9375;-1,375;0;2601;202;0;
13409;2021.09.22 03:45;4;3,875;-1,25;0,25;2600;202;0;
13410;2021.09.22 04:00;4;3,8125;-1,125;0,375;2600;202;0;
13411;2021.09.22 04:15;4;3,75;-0,9375;0,625;2599;202;0;
13412;2021.09.22 04:30;4;3,625;-0,5;1,3125;2599;202;0;
13413;2021.09.22 04:45;4;3,625;-1,1875;0,375;2598;202;0;
13414;2021.09.22 05:00;4;3,5;-1,125;0,625;2597;202;0;
13415;2021.09.22 05:15;4;3,5;-1,375;0,25;2596;202;0;
13416;2021.09.22 05:30;4;3,375;-1,75;0;2595;202;0;
13417;2021.09.22 05:45;4;3,375;-1,625;0,125;2593;202;0;
13418;2021.09.22 06:00;4;3,3125;-1,1875;0,4375;2592;202;0;
13419;2021.09.22 06:15;4;3,25;-1,3125;0;2592;202;0;
13420;2021.09.22 06:30;4;3,1875;3,125;6,5;2597;202;0;
13421;2021.09.22 06:45;4;3,125;4,875;8,25;2601;202;0;
13422;2021.09.22 07:00;4;3,125;6;8,625;2604;202;0;
13423;2021.09.22 07:15;4;3,125;6,875;8,375;2607;202;0;
13424;2021.09.22 07:30;4;3,125;8,25;9,75;2610;202;0;
13425;2021.09.22 07:45;4;3,25;9,25;9,875;2611;202;0;
13426;2021.09.22 08:00;4;3,375;10,875;11,25;2614;202;0;
13427;2021.09.22 08:15;4;3,6875;11,125;10,1875;2615;202;0;
13428;2021.09.22 08:30;4;4;12,25;11,5;2617;202;0;
13429;2021.09.22 08:45;4;4,3125;13,625;13,4375;2619;202;0;
13430;2021.09.22 09:00;4;4,75;14,125;12,375;2619;202;0;
13431;2021.09.22 09:15;4;5,125;14,375;12,125;2619;202;0;
13432;2021.09.22 09:30;4;5,5625;14,9375;12,5;2620;202;0;
13433;2021.09.22 09:45;4;6;15,625;12,875;2621;202;0;
13434;2021.09.22 10:00;4;6,5;16;12,9375;2622;202;0;
13435;2021.09.22 10:15;4;6,9375;16,5;13,125;2621;202;0;
13436;2021.09.22 10:30;4;7,375;16,5;13,125;2621;202;0;
13437;2021.09.22 10:45;4;7,8125;16,75;13,25;2621;202;0;
13438;2021.09.22 11:00;4;8,25;17,5;14;2622;202;0;
13439;2021.09.22 11:15;4;8,625;17,875;14,1875;2621;202;0;
13440;2021.09.22 11:30;4;9;17,875;14,125;2621;202;0;
13441;2021.09.22 11:45;4;9,375;18,375;14,5;2621;202;0;
13442;2021.09.22 12:00;4;9,75;18;14,25;2621;202;0;
13443;2021.09.22 12:15;4;10,0625;18;14,125;2620;202;0;
13444;2021.09.22 12:30;4;10,375;18,25;14,4375;2619;202;0;
13445;2021.09.22 12:45;4;10,625;18,125;14,375;2619;202;0;
13446;2021.09.22 13:00;4;10,8125;18,5;14,625;2618;202;0;
13447;2021.09.22 13:15;4;11;18,6875;14,875;2617;202;0;
13448;2021.09.22 13:30;4;11,125;19;15,125;2616;202;0;
13449;2021.09.22 13:45;4;11,3125;19;15,1875;2615;202;0;
13450;2021.09.22 14:00;4;11,4375;19;15;2615;202;0;
13451;2021.09.22 14:15;4;11,5625;18,75;15,125;2613;202;0;
13452;2021.09.22 14:30;4;11,625;18,75;15,375;2613;202;0;
13453;2021.09.22 14:45;4;11,75;18,25;14,8125;2611;202;0;
13454;2021.09.22 15:00;4;11,875;17;14;2609;202;0;
13455;2021.09.22 15:15;4;11,875;16,125;13,5;2606;202;0;
13456;2021.09.22 15:30;4;11,875;15,3125;13,125;2604;202;0;
13457;2021.09.22 15:45;4;11,75;9,5;9,4375;2597;202;0;
13458;2021.09.22 16:00;4;11,625;8,5;9,25;2594;202;0;
13459;2021.09.22 16:15;4;11,4375;8,125;9,125;2593;202;0;
13460;2021.09.22 16:30;4;11,25;7,75;8,8125;2592;202;0;
13461;2021.09.22 16:45;4;11;7,6875;8,875;2591;202;0;
13462;2021.09.22 17:00;4;10,6875;7,25;8,375;2590;202;0;
13463;2021.09.22 17:15;4;10,5;6,4375;7,5;2588;202;0;
13464;2021.09.22 17:30;4;10,25;5;5,875;2587;202;0;
13465;2021.09.22 17:45;4;10;5;6,0625;2586;202;0;
13466;2021.09.22 18:00;4;9,75;5,375;6,625;2586;202;0;
13467;2021.09.22 18:15;4;9,5;5,25;6,3125;2585;202;0;
13468;2021.09.22 18:30;4;9,375;4,875;5,9375;2584;202;0;
13469;2021.09.22 18:45;4;9,125;4,625;5,8125;2583;202;0;
13470;2021.09.22 19:00;4;8,9375;4,5;5,625;2582;202;0;
13471;2021.09.22 19:15;4;8,75;4,4375;5,8125;2582;202;0;
13472;2021.09.22 19:30;4;8,625;5,125;6,625;2582;202;0;
13473;2021.09.22 19:45;4;8,4375;5;6,4375;2582;202;0;
13474;2021.09.22 20:00;4;8,25;5,0625;6,625;2581;202;0;
13475;2021.09.22 20:15;4;8,125;4,9375;6,375;2581;202;0;
13476;2021.09.22 20:30;4;8;5;6,4375;2580;202;0;
13477;2021.09.22 20:45;4;7,875;4,875;6,375;2579;202;0;
13478;2021.09.22 21:00;4;7,75;5;6,5;2579;202;0;
13479;2021.09.22 21:15;4;7,625;5,0625;6,6875;2579;202;0;
13480;2021.09.22 21:30;4;7,5;5;6,5625;2578;202;0;
13481;2021.09.22 21:45;4;7,375;5;6,625;2578;202;0;
13482;2021.09.22 22:00;4;7,25;4,75;6,25;2577;202;0;
13483;2021.09.22 22:15;4;7,125;4,875;6,5;2577;202;0;
13484;2021.09.22 22:30;4;7;4,875;6,5625;2576;202;0;
13485;2021.09.22 22:45;4;6,875;4,625;6,3125;2575;202;0;
13486;2021.09.22 23:00;4;6,8125;4,5;6,25;2575;202;0;
13487;2021.09.22 23:15;4;6,75;4,5625;6,375;2574;202;0;
13488;2021.09.22 23:30;4;6,625;4,125;6;2574;202;0;
13489;2021.09.22 23:45;4;6,5;3,3125;5;2573;202;0;
13490;2021.09.23 00:00;4;6,375;2,75;4,5;2572;202;0;
13491;2021.09.23 00:15;4;6,25;2,75;4,375;2572;202;0;
13492;2021.09.23 00:30;4;6,125;2,875;4,375;2572;202;0;
13493;2021.09.23 00:45;4;6,0625;2,8125;4,375;2573;202;0;
13494;2021.09.23 01:00;4;6;2,75;4,6875;2570;202;0;
13495;2021.09.23 01:15;4;5,875;2,4375;4;2570;202;0;
13496;2021.09.23 01:30;4;5,75;2,5;4,25;2570;202;0;
13497;2021.09.23 01:45;4;5,625;2,25;3,6875;2569;202;0;
13498;2021.09.23 02:00;4;5,5625;2,1875;3,6875;2569;202;0;
13499;2021.09.23 02:15;4;5,5;2,125;4;2568;202;0;
13500;2021.09.23 02:30;4;5,375;2;3,75;2568;202;0;
13501;2021.09.23 02:45;4;5,3125;2;3,625;2568;202;0;
13502;2021.09.23 03:00;4;5,1875;1,125;2,9375;2567;202;0;
13503;2021.09.23 03:15;4;5,125;0,875;2,75;2567;202;0;
13504;2021.09.23 03:30;4;5;1,375;3,5;2567;202;0;
13505;2021.09.23 03:45;4;4,9375;0,5;2,375;2566;202;0;
13506;2021.09.23 04:00;4;4,875;1,125;3,25;2567;202;0;
13507;2021.09.23 04:15;4;4,75;0,3125;2,125;2566;202;0;
13508;2021.09.23 04:30;4;4,6875;0,5;2,375;2566;202;0;
13509;2021.09.23 04:45;4;4,625;0,625;2,5;2566;202;0;
13510;2021.09.23 05:00;4;4,5;0,5;2,25;2566;202;0;
13511;2021.09.23 05:15;4;4,375;0,375;2,4375;2566;202;0;
13512;2021.09.23 05:30;4;4,375;0,4375;2,25;2566;202;0;
13513;2021.09.23 05:45;4;4,25;0,125;1,875;2566;202;0;
13514;2021.09.23 06:00;4;4,1875;0,5;2,4375;2566;202;0;
13515;2021.09.23 06:15;4;4,125;1,125;3,125;2567;202;0;
13516;2021.09.23 06:30;4;4,0625;6,25;9,8125;2572;202;0;
13517;2021.09.23 06:45;4;4,0625;8,75;12,75;2574;202;0;
13518;2021.09.23 07:00;4;4,125;10,25;12,8125;2575;202;0;
13519;2021.09.23 07:15;4;4,25;11,1875;12,5625;2576;202;0;
13520;2021.09.23 07:30;4;4,4375;12,375;13,5;2578;202;0;
13521;2021.09.23 07:45;4;4,625;13,375;14,375;2579;202;0;
13522;2021.09.23 08:00;4;4,875;14,375;15,5;2580;202;0;
13523;2021.09.23 08:15;4;5,25;14,625;14,3125;2580;202;0;
13524;2021.09.23 08:30;4;5,5;15,25;14,25;2581;202;0;
13525;2021.09.23 08:45;4;5,875;15,75;14,125;2581;202;0;
13526;2021.09.23 09:00;4;6,25;16,1875;14,25;2581;202;0;
13527;2021.09.23 09:15;4;6,5625;16,625;14,25;2582;202;0;
13528;2021.09.23 09:30;4;6,9375;17,4375;14,75;2582;202;0;
13529;2021.09.23 09:45;4;7,375;17,3125;14,25;2582;202;0;
13530;2021.09.23 10:00;4;7,75;17,875;14,25;2582;202;0;
13531;2021.09.23 10:15;4;8,125;16,8125;13,625;2580;202;0;
13532;2021.09.23 10:30;4;8,5;16,125;13,625;2579;202;0;
13533;2021.09.23 10:45;4;8,875;18,625;15,375;2582;202;0;
13534;2021.09.23 11:00;4;9,1875;18,375;14,5;2581;202;0;
13535;2021.09.23 11:15;4;9,5;18,875;15,3125;2581;202;0;
13536;2021.09.23 11:30;4;9,875;19,5;15,875;2582;202;0;
13537;2021.09.23 11:45;4;10,25;19,75;15,6875;2582;202;0;
13538;2021.09.23 12:00;4;10,5625;20,0625;16,125;2582;202;0;
13539;2021.09.23 12:15;4;10,875;20,25;15,625;2581;202;0;
13540;2021.09.23 12:30;4;11,125;19,4375;14,875;2580;202;0;
13541;2021.09.23 12:45;4;11,375;19,5625;16,5;2426;202;0;
13542;2021.09.23 13:00;4;11,625;18,9375;15,25;2425;202;0;
13543;2021.09.23 13:15;4;11,75;18,4375;14,75;2427;202;0;
13544;2021.09.23 13:30;4;11,875;18,25;14,625;2429;202;0;
13545;2021.09.23 13:45;4;12;18,25;14,5625;2431;202;0;
13546;2021.09.23 14:00;4;12,125;18,125;14,375;2433;202;0;
13547;2021.09.23 14:15;4;12,125;17,4375;14,1875;2433;202;0;
13548;2021.09.23 14:30;4;12,25;17,625;14,625;2434;202;0;
13549;2021.09.23 14:45;4;12,25;17,125;14;2435;202;0;
13550;2021.09.23 15:00;4;12,3125;16;13,125;2434;202;0;
13551;2021.09.23 15:15;4;12,3125;16;13,75;2434;202;0;
13552;2021.09.23 15:30;4;12,3125;15,25;13,1875;2434;202;0;
13553;2021.09.23 15:45;4;12,25;10;8,375;2428;202;0;
13554;2021.09.23 16:00;4;12,125;8,125;7,4375;2428;202;0;
13555;2021.09.23 16:15;4;12;7,375;7;2428;202;0;
13556;2021.09.23 16:30;4;11,75;7,125;6,75;2428;202;0;
13557;2021.09.23 16:45;4;11,5625;6,625;6;2429;202;0;
13558;2021.09.23 17:00;4;11,375;6;5,8125;2428;202;0;
13559;2021.09.23 17:15;4;11,125;5,25;5,125;2427;202;0;
13560;2021.09.23 17:30;4;10,9375;4,75;4,75;2425;202;0;
13561;2021.09.23 17:45;4;10,75;4,5;4,625;2428;202;0;
13562;2021.09.23 18:00;4;10,5;5,1875;4,875;2426;202;0;
13563;2021.09.23 18:15;4;10,3125;4,8125;4,625;2424;202;0;
13564;2021.09.23 18:30;4;10,125;4,125;4,125;2424;202;0;
13565;2021.09.23 18:45;4;9,9375;3,625;3,75;2424;202;0;
13566;2021.09.23 19:00;4;9,75;3,3125;3,625;2423;202;0;
13567;2021.09.23 19:15;4;9,5625;3,8125;4,125;2424;202;0;
13568;2021.09.23 19:30;4;9,375;3,625;3,875;2424;202;0;
13569;2021.09.23 19:45;4;9,25;4,25;4,3125;2425;202;0;
13570;2021.09.23 20:00;4;9,0625;4,625;4,625;2424;202;0;
13571;2021.09.23 20:15;4;8,9375;4,5;4,375;2424;202;0;
13572;2021.09.23 20:30;4;8,8125;5;4,8125;2424;202;0;
13573;2021.09.23 20:45;4;8,75;5,375;4,875;2423;202;0;
13574;2021.09.23 21:00;4;8,625;5,375;4,8125;2423;202;0;
13575;2021.09.23 21:15;4;8,5;5,4375;4,875;2423;202;0;
13576;2021.09.23 21:30;4;8,5;5,25;4,75;2422;202;0;
13577;2021.09.23 21:45;4;8,375;3,75;3,75;2421;202;0;
13578;2021.09.23 22:00;4;8,375;3,1875;3,5625;2421;202;0;
13579;2021.09.23 22:15;4;8,25;2,625;3;2421;202;0;
13580;2021.09.23 22:30;4;8,125;2,375;2,75;2421;202;0;
13581;2021.09.23 22:45;4;8;2;2,375;2421;202;0;
13582;2021.09.23 23:00;4;7,875;2;2,625;2421;202;0;
13583;2021.09.23 23:15;4;7,75;2,0625;2,75;2422;202;0;
13584;2021.09.23 23:30;4;7,625;1,75;2,375;2424;202;0;
13585;2021.09.23 23:45;4;7,5;1,5625;2,125;2420;202;0;
13586;2021.09.24 00:00;4;7,375;1,375;2,125;2420;202;0;
13587;2021.09.24 00:15;4;7,25;1,75;2,6875;2420;202;0;
13588;2021.09.24 00:30;4;7,125;2;3;2421;202;0;
13589;2021.09.24 00:45;4;7;1,5625;2,5;2420;202;0;
13590;2021.09.24 01:00;4;6,875;1,4375;2,4375;2420;202;0;
13591;2021.09.24 01:15;4;6,75;1,25;2,25;2420;202;0;
13592;2021.09.24 01:30;4;6,625;1,5;2,8125;2421;202;0;
13593;2021.09.24 01:45;4;6,5625;1,375;2,75;2420;202;0;
13594;2021.09.24 02:00;4;6,5;1,125;2,625;2419;202;0;
13595;2021.09.24 02:15;4;6,375;0,625;2,1875;2418;202;0;
13596;2021.09.24 02:30;4;6,25;1,25;3,1875;2419;202;0;
13597;2021.09.24 02:45;4;6,125;0,5625;1,875;2418;202;0;
13598;2021.09.24 03:00;4;6;0,625;2,25;2419;202;0;
13599;2021.09.24 03:15;4;5,9375;0,625;2;2419;202;0;
13600;2021.09.24 03:30;4;5,8125;0,6875;2,25;2418;202;0;
13601;2021.09.24 03:45;4;5,75;0,5;1,9375;2421;202;0;
13602;2021.09.24 04:00;4;5,625;0,1875;1,6875;2417;202;0;
13603;2021.09.24 04:15;4;5,5;0,125;1,5625;2418;202;0;
13604;2021.09.24 04:30;4;5,4375;0,1875;1,8125;2418;202;0;
13605;2021.09.24 04:45;4;5,375;-0,125;1,375;2418;202;0;
13606;2021.09.24 05:00;4;5,25;0,0625;2,25;2418;202;0;
13607;2021.09.24 05:15;4;5,125;-0,375;1,125;2417;202;0;
13608;2021.09.24 05:30;4;5,0625;-0,25;1,25;2417;202;0;
13609;2021.09.24 05:45;4;5;0,0625;1,375;2418;202;0;
13610;2021.09.24 06:00;4;4,875;-0,125;1,5625;2417;202;0;
13611;2021.09.24 06:15;4;4,8125;1;3,25;2418;202;0;
13612;2021.09.24 06:30;4;4,75;4,125;8,125;2421;202;0;
13613;2021.09.24 06:45;4;4,6875;7,625;12;2422;202;0;
13614;2021.09.24 07:00;4;4,75;9,875;13,625;2422;202;0;
13615;2021.09.24 07:15;4;4,875;11,375;14,125;2422;202;0;
13616;2021.09.24 07:30;4;5;12;13;2421;202;0;
13617;2021.09.24 07:45;4;5,25;12,875;13,375;2421;202;0;
13618;2021.09.24 08:00;4;5,5;13,375;12,75;2421;202;0;
13619;2021.09.24 08:15;4;5,75;13,875;12,875;2422;202;0;
13620;2021.09.24 08:30;4;6;14,875;13,75;2422;202;0;
13621;2021.09.24 08:45;4;6,375;14,9375;12,75;2423;202;0;
13622;2021.09.24 09:00;4;6,6875;15,6875;13,75;2423;202;0;
13623;2021.09.24 09:15;4;7;16,125;13,8125;2424;202;0;
13624;2021.09.24 09:30;4;7,375;16,375;13,4375;2424;202;0;
13625;2021.09.24 09:45;4;7,75;17,25;14,5625;2424;202;0;
13626;2021.09.24 10:00;4;8,0625;17,1875;14,125;2424;202;0;
13627;2021.09.24 10:15;4;8,4375;17,375;14,375;2425;202;0;
13628;2021.09.24 10:30;4;8,75;17,75;14,75;2424;202;0;
13629;2021.09.24 10:45;4;9,125;17,8125;15;2424;202;0;
13630;2021.09.24 11:00;4;9,4375;18,375;15,625;2425;202;0;
13631;2021.09.24 11:15;4;9,75;17,625;14,5625;2424;202;0;
13632;2021.09.24 11:30;4;10,125;18,125;15,125;2424;202;0;
13633;2021.09.24 11:45;4;10,375;18,4375;15,5;2424;202;0;
13634;2021.09.24 12:00;4;10,625;18,75;15,75;2425;202;0;
13635;2021.09.24 12:15;4;10,875;19,125;15,75;2425;202;0;
13636;2021.09.24 12:30;4;11,125;18,75;15,6875;2425;202;0;
13637;2021.09.24 12:45;4;11,375;19,25;16,5;2427;202;0;
13638;2021.09.24 13:00;4;11,625;18;14,9375;2426;202;0;
13639;2021.09.24 13:15;4;11,8125;18,4375;16;2427;202;0;
13640;2021.09.24 13:30;4;12;18,75;15,75;2429;202;0;
13641;2021.09.24 13:45;4;12,125;18;14,875;2429;202;0;
13642;2021.09.24 14:00;4;12,25;17,6875;14,3125;2429;202;0;
13643;2021.09.24 14:15;4;12,375;18;15;2429;202;0;
13644;2021.09.24 14:30;4;12,4375;18,25;14,9375;2429;202;0;
13645;2021.09.24 14:45;4;12,5;18;15,0625;2430;202;0;
13646;2021.09.24 15:00;4;12,5;17,0625;14;2429;202;0;
13647;2021.09.24 15:15;4;12,5625;16,1875;13,5;2427;202;0;
13648;2021.09.24 15:30;4;12,5625;14;11,125;2423;202;0;
13649;2021.09.24 15:45;4;12,5;9,75;8,9375;2418;202;0;
13650;2021.09.24 16:00;4;12,4375;8,75;8,625;2418;202;0;
13651;2021.09.24 16:15;4;12,25;8,25;8,375;2419;202;0;
13652;2021.09.24 16:30;4;12;8;8,25;2418;202;0;
13653;2021.09.24 16:45;4;11,875;7,5;7,875;2418;202;0;
13654;2021.09.24 17:00;4;11,625;7,25;7,875;2418;202;0;
13655;2021.09.24 17:15;4;11,375;6,5;7,1875;2417;202;0;
13656;2021.09.24 17:30;4;11,1875;6,5;7,5;2416;202;0;
13657;2021.09.24 17:45;4;11;6,5;7,75;2416;202;0;
13658;2021.09.24 18:00;4;10,75;6,375;7,6875;2415;202;0;
13659;2021.09.24 18:15;4;10,5625;6,4375;7,75;2414;202;0;
13660;2021.09.24 18:30;4;10,375;6,4375;7,6875;2414;202;0;
13661;2021.09.24 18:45;4;10,125;6,375;7,75;2413;202;0;
13662;2021.09.24 19:00;4;9,9375;6;7,375;2412;202;0;
13663;2021.09.24 19:15;4;9,75;6;7,375;2411;202;0;
13664;2021.09.24 19:30;4;9,625;5,75;7,25;2411;202;0;
13665;2021.09.24 19:45;4;9,375;5,25;6,625;2411;202;0;
13666;2021.09.24 20:00;4;9,25;4,875;6,125;2409;202;0;
13667;2021.09.24 20:15;4;9,125;4,4375;5,5;2409;202;0;
13668;2021.09.24 20:30;4;8,9375;4;5,0625;2409;202;0;
13669;2021.09.24 20:45;4;8,75;4,25;5,5;2409;202;0;
13670;2021.09.24 21:00;4;8,625;3,75;4,75;2408;202;0;
13671;2021.09.24 21:15;4;8,5;3,5;4,5625;2408;202;0;
13672;2021.09.24 21:30;4;8,375;3,5;4,625;2408;202;0;
13673;2021.09.24 21:45;4;8,25;3,5;4,5625;2408;202;0;
13674;2021.09.24 22:00;4;8,125;3,5625;4,5;2407;202;0;
13675;2021.09.24 22:15;4;8;3,875;5,0625;2406;202;0;
13676;2021.09.24 22:30;4;7,875;4;5,125;2406;202;0;
13677;2021.09.24 22:45;4;7,75;4,25;5,25;2406;202;0;
13678;2021.09.24 23:00;4;7,625;4,375;5,375;2406;202;0;
13679;2021.09.24 23:15;4;7,5625;4,125;5;2405;202;0;
13680;2021.09.24 23:30;4;7,5;4;5;2404;202;0;
13681;2021.09.24 23:45;4;7,375;4;5;2404;202;0;
13682;2021.09.25 00:00;4;7,3125;3,9375;5,1875;2404;202;0;
13683;2021.09.25 00:15;4;7,25;3,875;4,875;2404;202;0;
13684;2021.09.25 00:30;4;7,125;3,75;4,75;2404;202;0;
13685;2021.09.25 00:45;4;7,0625;3,6875;4,8125;2404;202;0;
13686;2021.09.25 01:00;4;7;3,5;4,625;2403;202;0;
13687;2021.09.25 01:15;4;6,875;3,875;4,9375;2404;202;0;
13688;2021.09.25 01:30;4;6,875;4;5,375;2404;202;0;
13689;2021.09.25 01:45;4;6,75;4,0625;5,375;2403;202;0;
13690;2021.09.25 02:00;4;6,6875;4;5,4375;2403;202;0;
13691;2021.09.25 02:15;4;6,625;4,25;5,5625;2402;202;0;
13692;2021.09.25 02:30;4;6,5625;4,375;5,5625;2402;202;0;
13693;2021.09.25 02:45;4;6,5;4,75;5,875;2402;202;0;
13694;2021.09.25 03:00;4;6,5;5,125;6,125;2402;202;0;
13695;2021.09.25 03:15;4;6,375;5;5,9375;2400;202;0;
13696;2021.09.25 03:30;4;6,375;4,875;5,8125;2400;202;0;
13697;2021.09.25 03:45;4;6,375;5;6,0625;2399;202;0;
13698;2021.09.25 04:00;4;6,3125;5,125;5,875;2399;202;0;
13699;2021.09.25 04:15;4;6,25;5;5,75;2398;202;0;
13700;2021.09.25 04:30;4;6,25;5,125;5,6875;2399;202;0;
13701;2021.09.25 04:45;4;6,25;5,125;6,0625;2398;202;0;
13702;2021.09.25 05:00;4;6,25;4,875;5,625;2398;202;0;
13703;2021.09.25 05:15;4;6,25;5;5,9375;2398;202;0;
13704;2021.09.25 05:30;4;6,1875;5,25;6,25;2398;202;0;
13705;2021.09.25 05:45;4;6,125;5,375;6,25;2398;202;0;
13706;2021.09.25 06:00;4;6,125;5,625;6,5;2397;202;0;
13707;2021.09.25 06:15;4;6,125;5,8125;6,5;2397;202;0;
13708;2021.09.25 06:30;4;6,125;7,9375;8,75;2399;202;0;
13709;2021.09.25 06:45;4;6,125;9,125;9,5;2400;202;0;
13710;2021.09.25 07:00;4;6,1875;10,375;10,8125;2401;202;0;
13711;2021.09.25 07:15;4;6,25;10,75;10,625;2401;202;0;
13712;2021.09.25 07:30;4;6,375;11,75;11,125;2401;202;0;
13713;2021.09.25 07:45;4;6,5;12;11,125;2401;202;0;
13714;2021.09.25 08:00;4;6,625;11,8125;10,75;2400;202;0;
13715;2021.09.25 08:15;4;6,75;8,875;8,5;2396;202;0;
13716;2021.09.25 08:30;4;6,875;10,8125;10,375;2398;202;0;
13717;2021.09.25 08:45;4;7;9,0625;8,875;2395;202;0;
13718;2021.09.25 09:00;4;7,0625;9,8125;10,25;2396;202;0;
13719;2021.09.25 09:15;4;7,125;13,1875;11,5625;2400;202;0;
13720;2021.09.25 09:30;4;7,25;14,625;13,125;2402;202;0;
13721;2021.09.25 09:45;4;7,4375;15,75;12,875;2403;202;0;
13722;2021.09.25 10:00;4;7,6875;14,9375;13,375;2401;202;0;
13723;2021.09.25 10:15;4;7,9375;17,125;14,5;2404;202;0;
13724;2021.09.25 10:30;4;8,25;17,75;14,75;2405;202;0;
13725;2021.09.25 10:45;4;8,5;16,625;13,25;2403;202;0;
13726;2021.09.25 11:00;4;8,875;12,25;10,6875;2397;202;0;
13727;2021.09.25 11:15;4;9,125;9,625;9,125;2394;202;0;
13728;2021.09.25 11:30;4;9,25;9,625;9,6875;2395;202;0;
13729;2021.09.25 11:45;4;9,25;9,25;9,0625;2396;202;0;
13730;2021.09.25 12:00;4;9,25;9,125;9,25;2396;202;0;
13731;2021.09.25 12:15;4;9,25;9;8,875;2397;202;0;
13732;2021.09.25 12:30;4;9,25;8,4375;8,5;2396;202;0;
13733;2021.09.25 12:45;4;9,25;8,25;8,375;2396;202;0;
13734;2021.09.25 13:00;4;9,25;8,125;8,25;2397;202;0;
13735;2021.09.25 13:15;4;9,125;8,125;8,0625;2397;202;0;
13736;2021.09.25 13:30;4;9,125;8,375;8,125;2398;202;0;
13737;2021.09.25 13:45;4;9,0625;8,75;8,5;2398;202;0;
13738;2021.09.25 14:00;4;9;8,25;7,75;2397;202;0;
13739;2021.09.25 14:15;4;9;8,3125;8;2397;202;0;
13740;2021.09.25 14:30;4;9;8,8125;8,625;2397;202;0;
13741;2021.09.25 14:45;4;9;8,75;8,8125;2397;202;0;
13742;2021.09.25 15:00;4;8,9375;9,125;8,875;2397;202;0;
13743;2021.09.25 15:15;4;8,875;9;8,75;2396;202;0;
13744;2021.09.25 15:30;4;8,875;9,1875;9;2395;202;0;
13745;2021.09.25 15:45;4;8,875;8,6875;8,625;2394;202;0;
13746;2021.09.25 16:00;4;8,875;8,5;8,625;2394;202;0;
13747;2021.09.25 16:15;4;8,875;8,25;8,5;2393;202;0;
13748;2021.09.25 16:30;4;8,8125;8,1875;8,5;2393;202;0;
13749;2021.09.25 16:45;4;8,75;7,875;8,0625;2392;202;0;
13750;2021.09.25 17:00;4;8,75;7,875;8,25;2392;202;0;
13751;2021.09.25 17:15;4;8,625;7,75;7,875;2392;202;0;
13752;2021.09.25 17:30;4;8,625;7,1875;7,5;2391;202;0;
13753;2021.09.25 17:45;4;8,5;6,75;7,125;2391;202;0;
13754;2021.09.25 18:00;4;8,5;5,625;5,875;2393;202;0;
13755;2021.09.25 18:15;4;8,375;5,125;5,625;2396;202;0;
13756;2021.09.25 18:30;4;8,375;4,375;4,75;2397;202;0;
13757;2021.09.25 18:45;4;8,25;4,875;5,125;2400;202;0;
13758;2021.09.25 19:00;4;8,125;5,875;6,0625;2402;202;0;
13759;2021.09.25 19:15;4;8;6,125;6;2403;202;0;
13760;2021.09.25 19:30;4;8;6,125;6;2403;202;0;
13761;2021.09.25 19:45;4;7,875;6,25;6,125;2403;202;0;
13762;2021.09.25 20:00;4;7,875;6,375;6,25;2403;202;0;
13763;2021.09.25 20:15;4;7,875;6,375;6,25;2403;202;0;
13764;2021.09.25 20:30;4;7,8125;6,375;6,125;2403;202;0;
13765;2021.09.25 20:45;4;7,75;6,25;6,0625;2403;202;0;
13766;2021.09.25 21:00;4;7,75;6,1875;6;2403;202;0;
13767;2021.09.25 21:15;4;7,75;6,0625;5,875;2403;202;0;
13768;2021.09.25 21:30;4;7,6875;6;5,8125;2403;202;0;
13769;2021.09.25 21:45;4;7,6875;5,875;5,75;2403;202;0;
13770;2021.09.25 22:00;4;7,625;5,6875;5,75;2403;202;0;
13771;2021.09.25 22:15;4;7,625;5,625;5,625;2403;202;0;
13772;2021.09.25 22:30;4;7,5625;5,5625;5,625;2404;202;0;
13773;2021.09.25 22:45;4;7,5;5,625;5,5625;2404;202;0;
13774;2021.09.25 23:00;4;7,5;5,3125;5,5;2403;202;0;
13775;2021.09.25 23:15;4;7,4375;5,25;5,375;2403;202;0;
13776;2021.09.25 23:30;4;7,375;5,3125;5,625;2403;202;0;
13777;2021.09.25 23:45;4;7,375;5,25;5,5625;2403;202;0;
13778;2021.09.26 00:00;4;7,3125;5,375;5,5;2404;202;0;
13779;2021.09.26 00:15;4;7,25;5,375;5,75;2404;202;0;
13780;2021.09.26 00:30;4;7,25;5,3125;6,4375;2404;202;0;
13781;2021.09.26 00:45;4;7,1875;5,25;5,6875;2405;202;0;
13782;2021.09.26 01:00;4;7,125;5,3125;5,9375;2404;202;0;
13783;2021.09.26 01:15;4;7,125;5,25;5,75;2406;202;0;
13784;2021.09.26 01:30;4;7;5,5625;6;2405;202;0;
13785;2021.09.26 01:45;4;7;5,375;5,75;2405;202;0;
13786;2021.09.26 02:00;4;7;5,25;5,25;2405;202;0;
13787;2021.09.26 02:15;4;6,9375;5,0625;5,125;2404;202;0;
13788;2021.09.26 02:30;4;6,875;4,875;4,75;2405;202;0;
13789;2021.09.26 02:45;4;6,875;4,875;4,8125;2408;202;0;
13790;2021.09.26 03:00;4;6,875;4,9375;4,8125;2430;202;0;
13791;2021.09.26 03:15;4;6,8125;5;4,75;2455;202;0;
13792;2021.09.26 03:30;4;6,75;5;4,875;2510;202;0;
13793;2021.09.26 03:45;4;6,75;5;4,8125;2624;202;0;
13794;2021.09.26 04:00;4;6,75;5,125;5;2654;202;0;
13795;2021.09.26 04:15;4;6,75;5,125;4,9375;2671;202;0;
13796;2021.09.26 04:30;4;6,6875;5,125;4,9375;2681;202;0;
13797;2021.09.26 04:45;4;6,625;5;4,75;2704;202;0;
13798;2021.09.26 05:00;4;6,625;4,875;4,625;2697;202;0;
13799;2021.09.26 05:15;4;6,625;4,75;4,5;2683;202;0;
13800;2021.09.26 05:30;4;6,625;4,75;4,5;2678;202;0;
13801;2021.09.26 05:45;4;6,625;4,6875;4,375;2697;202;0;
13802;2021.09.26 06:00;4;6,5;2,875;2,375;2854;202;0;
13803;2021.09.26 06:15;4;6,4375;1;1;2917;202;0;
13804;2021.09.26 06:30;4;6,3125;0,5;0,875;2930;202;0;
13805;2021.09.26 06:45;4;6,125;0,625;0,875;2950;202;0;
13806;2021.09.26 07:00;4;5,9375;0,4375;0,6875;2953;202;0;
13807;2021.09.26 07:15;4;5,75;0,375;0,4375;2953;202;0;
13808;2021.09.26 07:30;4;5,625;0,25;0;2926;202;0;
13809;2021.09.26 07:45;4;5,5;0,25;-0,0625;2899;202;0;
13810;2021.09.26 08:00;4;5,375;0,25;0;2877;202;0;
13811;2021.09.26 08:15;4;5,25;0,375;0,5625;2898;202;0;
13812;2021.09.26 08:30;4;5,125;0,1875;-0,0625;2883;202;0;
13813;2021.09.26 08:45;4;5;0,375;0,75;2889;202;0;
13814;2021.09.26 09:00;4;4,875;0,375;0,875;2900;202;0;
13815;2021.09.26 09:15;4;4,8125;0,125;0,5;2900;202;0;
13816;2021.09.26 09:30;4;4,75;0,1875;0,625;2903;202;0;
13817;2021.09.26 09:45;4;4,625;0,125;0,5;2902;202;0;
13818;2021.09.26 10:00;4;4,5;0,1875;0,75;2911;202;0;
13819;2021.09.26 10:15;4;4,4375;0,375;1,25;2915;202;0;
13820;2021.09.26 10:30;4;4,375;0,375;0,8125;2910;202;0;
13821;2021.09.26 10:45;4;4,375;0,5625;1;2897;202;0;
13822;2021.09.26 11:00;4;4,25;0,3125;0,3125;2884;202;0;
13823;2021.09.26 11:15;4;4,25;0,375;0,375;2870;202;0;
13824;2021.09.26 11:30;4;4,1875;0,5;0,5;2858;202;0;
13825;2021.09.26 11:45;4;4,125;0,6875;0,875;2847;202;0;
13826;2021.09.26 12:00;4;4,125;1,1875;1,5;2839;202;0;
13827;2021.09.26 12:15;4;4,125;2,0625;2,4375;2844;202;0;
13828;2021.09.26 12:30;4;4,125;2,625;2,5625;2860;202;0;
13829;2021.09.26 12:45;4;4,125;3,75;4,375;2877;202;0;
13830;2021.09.26 13:00;4;4,25;6,25;5,5625;2905;202;0;
13831;2021.09.26 13:15;4;4,375;6,875;6,625;2932;202;0;
13832;2021.09.26 13:30;4;4,5625;7,25;7;2942;202;0;
13833;2021.09.26 13:45;4;4,75;7,8125;7,8125;2924;202;0;
13834;2021.09.26 14:00;4;4,875;9;8,4375;2899;202;0;
13835;2021.09.26 14:15;4;5,125;9,5;8,5625;2869;202;0;
13836;2021.09.26 14:30;4;5,25;9,8125;8,875;2847;202;0;
13837;2021.09.26 14:45;4;5,5;9,25;8,375;2819;202;0;
13838;2021.09.26 15:00;4;5,6875;9,5625;8,3125;2802;202;0;
13839;2021.09.26 15:15;4;5,875;9,375;8,375;2788;202;0;
13840;2021.09.26 15:30;4;6;8,5625;7,375;2776;202;0;
13841;2021.09.26 15:45;4;6,125;6,4375;5,75;2762;202;0;
13842;2021.09.26 16:00;4;6,1875;5,625;5,25;2752;202;0;
13843;2021.09.26 16:15;4;6,25;4,875;4,6875;2742;202;0;
13844;2021.09.26 16:30;4;6,25;4,375;4,4375;2734;202;0;
13845;2021.09.26 16:45;4;6,25;3,75;4;2728;202;0;
13846;2021.09.26 17:00;4;6,125;3,125;3,1875;2722;202;0;
13847;2021.09.26 17:15;4;6,125;2,5;2,4375;2715;202;0;
13848;2021.09.26 17:30;4;6;1,75;1,8125;2710;202;0;
13849;2021.09.26 17:45;4;5,875;1,5;1,5;2706;202;0;
13850;2021.09.26 18:00;4;5,75;1,3125;1,5;2702;202;0;
13851;2021.09.26 18:15;4;5,625;1,375;1,6875;2699;202;0;
13852;2021.09.26 18:30;4;5,5;1,4375;1,6875;2696;202;0;
13853;2021.09.26 18:45;4;5,375;1;1,0625;2692;202;0;
13854;2021.09.26 19:00;4;5,25;0,9375;1,25;2689;202;0;
13855;2021.09.26 19:15;4;5,1875;0,75;1;2687;202;0;
13856;2021.09.26 19:30;4;5,125;0,8125;1,125;2684;202;0;
13857;2021.09.26 19:45;4;5;1,125;1,375;2682;202;0;
13858;2021.09.26 20:00;4;4,875;1,1875;1,375;2681;202;0;
13859;2021.09.26 20:15;4;4,75;0,4375;0,75;2678;202;0;
13860;2021.09.26 20:30;4;4,75;0,0625;0,4375;2676;202;0;
13861;2021.09.26 20:45;4;4,625;-0,25;0,125;2673;202;0;
13862;2021.09.26 21:00;4;4,5;-0,125;0,5;2672;202;0;
13863;2021.09.26 21:15;4;4,4375;-0,25;0,25;2670;202;0;
13864;2021.09.26 21:30;4;4,3125;0,25;1;2669;202;0;
13865;2021.09.26 21:45;4;4,25;-0,125;0,375;2667;202;0;
13866;2021.09.26 22:00;4;4,125;-0,125;0,5625;2665;202;0;
13867;2021.09.26 22:15;4;4,125;0,125;1,25;2663;202;0;
13868;2021.09.26 22:30;4;4;0,125;1,125;2661;202;0;
13869;2021.09.26 22:45;4;3,9375;0,125;0,75;2660;202;0;
13870;2021.09.26 23:00;4;3,875;-0,1875;0,375;2658;202;0;
13871;2021.09.26 23:15;4;3,8125;-0,5;0;2656;202;0;
13872;2021.09.26 23:30;4;3,75;-0,375;0,375;2654;202;0;
13873;2021.09.26 23:45;4;3,6875;-0,375;0,5;2653;202;0;
13874;2021.09.27 00:00;4;3,625;-0,375;0,875;2651;202;0;
13875;2021.09.27 00:15;4;3,5625;0,125;2;2650;202;0;
13876;2021.09.27 00:30;4;3,5;0,375;2,125;2649;202;0;
13877;2021.09.27 00:45;4;3,4375;0,5;2,25;2647;202;0;
13878;2021.09.27 01:00;4;3,375;0,25;1,6875;2646;202;0;
13879;2021.09.27 01:15;4;3,375;-0,125;0,9375;2644;202;0;
13880;2021.09.27 01:30;4;3,3125;-0,375;0,5;2643;202;0;
13881;2021.09.27 01:45;4;3,25;-0,625;0,375;2641;202;0;
13882;2021.09.27 02:00;4;3,25;-0,5625;0,5;2640;202;0;
13883;2021.09.27 02:15;4;3,1875;-0,625;0,25;2638;202;0;
13884;2021.09.27 02:30;4;3,125;-0,5625;0,25;2636;202;0;
13885;2021.09.27 02:45;4;3,125;-0,5625;0,3125;2635;202;0;
13886;2021.09.27 03:00;4;3;-0,5;1;2633;202;0;
13887;2021.09.27 03:15;4;3;0;1,25;2632;202;0;
13888;2021.09.27 03:30;4;3;-0,375;0,5625;2631;202;0;
13889;2021.09.27 03:45;4;2,9375;-0,25;1,5;2630;202;0;
13890;2021.09.27 04:00;4;2,875;0,5;2,5;2629;202;0;
13891;2021.09.27 04:15;4;2,875;-0,25;0,6875;2627;202;0;
13892;2021.09.27 04:30;4;2,875;-0,5625;0,375;2626;202;0;
13893;2021.09.27 04:45;4;2,8125;-0,5;0,25;2624;202;0;
13894;2021.09.27 05:00;4;2,75;-0,375;0,4375;2623;202;0;
13895;2021.09.27 05:15;4;2,75;-0,5625;0,1875;2622;202;0;
13896;2021.09.27 05:30;4;2,75;-0,625;0,5;2620;202;0;
13897;2021.09.27 05:45;4;2,6875;-0,3125;0,75;2620;202;0;
13898;2021.09.27 06:00;4;2,625;1,875;4,375;2620;202;0;
13899;2021.09.27 06:15;4;2,625;2,375;4,5625;2619;202;0;
13900;2021.09.27 06:30;4;2,625;3,0625;5,25;2620;202;0;
13901;2021.09.27 06:45;4;2,625;3,4375;5,375;2621;202;0;
13902;2021.09.27 07:00;4;2,625;4;5,9375;2623;202;0;
13903;2021.09.27 07:15;4;2,625;4,6875;6,375;2625;202;0;
13904;2021.09.27 07:30;4;2,625;5,75;6,875;2628;202;0;
13905;2021.09.27 07:45;4;2,6875;6,0625;6,875;2628;202;0;
13906;2021.09.27 08:00;4;2,75;7,125;8;2629;202;0;
13907;2021.09.27 08:15;4;2,875;7,875;8,5;2630;202;0;
13908;2021.09.27 08:30;4;3;8,5;8,875;2631;202;0;
13909;2021.09.27 08:45;4;3,1875;9,1875;9,125;2633;202;0;
13910;2021.09.27 09:00;4;3,375;10,1875;9,4375;2634;202;0;
13911;2021.09.27 09:15;4;3,625;10,375;9,375;2631;202;0;
13912;2021.09.27 09:30;4;3,875;10,5;9,125;2632;202;0;
13913;2021.09.27 09:45;4;4,125;11,3125;10,25;2632;202;0;
13914;2021.09.27 10:00;4;4,4375;12;10,625;2632;202;0;
13915;2021.09.27 10:15;4;4,75;12,375;10,375;2632;202;0;
13916;2021.09.27 10:30;4;5,0625;13,5;11,125;2631;202;0;
13917;2021.09.27 10:45;4;5,375;13;10,75;2630;202;0;
13918;2021.09.27 11:00;4;5,75;14,3125;12,375;2631;202;0;
13919;2021.09.27 11:15;4;6,125;14,375;12;2630;202;0;
13920;2021.09.27 11:30;4;6,4375;14,625;11,8125;2630;202;0;
13921;2021.09.27 11:45;4;6,75;15;12,875;2628;202;0;
13922;2021.09.27 12:00;4;7,125;15,125;12,625;2626;202;0;
13923;2021.09.27 12:15;4;7,5;15;12,25;2625;202;0;
13924;2021.09.27 12:30;4;7,75;15;12,75;2624;202;0;
13925;2021.09.27 12:45;4;8;13,625;11,125;2624;202;0;
13926;2021.09.27 13:00;4;8,25;14;11,5625;2621;202;0;
13927;2021.09.27 13:15;4;8,5;14;11,75;2620;202;0;
13928;2021.09.27 13:30;4;8,625;14,0625;12;2619;202;0;
13929;2021.09.27 13:45;4;8,75;14,5;12,0625;2619;202;0;
13930;2021.09.27 14:00;4;8,875;14,5625;11,5;2617;202;0;
13931;2021.09.27 14:15;4;9;14,75;12,5;2618;202;0;
13932;2021.09.27 14:30;4;9,125;13,625;10,6875;2615;202;0;
13933;2021.09.27 14:45;4;9,25;10,25;8,375;2610;202;0;
13934;2021.09.27 15:00;4;9,25;11;10;2610;202;0;
13935;2021.09.27 15:15;4;9,25;9,5;8,25;2607;202;0;
13936;2021.09.27 15:30;4;9,25;10,25;8,875;2607;202;0;
13937;2021.09.27 15:45;4;9,1875;8;7;2603;202;0;
13938;2021.09.27 16:00;4;9,125;7,375;6,75;2599;202;0;
13939;2021.09.27 16:15;4;9;7,25;6,6875;2598;202;0;
13940;2021.09.27 16:30;4;8,875;7,375;6,75;2600;202;0;
13941;2021.09.27 16:45;4;8,75;7;6,375;2599;202;0;
13942;2021.09.27 17:00;4;8,6875;5,875;5,25;2596;202;0;
13943;2021.09.27 17:15;4;8,5625;4,375;4,0625;2593;202;0;
13944;2021.09.27 17:30;4;8,4375;3,625;3,5;2590;202;0;
13945;2021.09.27 17:45;4;8,25;3;2,875;2591;202;0;
13946;2021.09.27 18:00;4;8,125;2,625;2,75;2589;202;0;
13947;2021.09.27 18:15;4;7,9375;2,625;2,875;2587;202;0;
13948;2021.09.27 18:30;4;7,75;2,4375;2,5;2586;202;0;
13949;2021.09.27 18:45;4;7,625;2,1875;2,4375;2585;202;0;
13950;2021.09.27 19:00;4;7,375;1,8125;2;2585;202;0;
13951;2021.09.27 19:15;4;7,25;2,75;2,8125;2586;202;0;
13952;2021.09.27 19:30;4;7,125;3,1875;3,1875;2586;202;0;
13953;2021.09.27 19:45;4;6,9375;3,5625;3,375;2585;202;0;
13954;2021.09.27 20:00;4;6,875;3,25;3,25;2583;202;0;
13955;2021.09.27 20:15;4;6,75;2,625;2,75;2583;202;0;
13956;2021.09.27 20:30;4;6,625;3,3125;3,1875;2582;202;0;
13957;2021.09.27 20:45;4;6,5625;3,25;3;2582;202;0;
13958;2021.09.27 21:00;4;6,5;2;2,125;2578;202;0;
13959;2021.09.27 21:15;4;6,375;1,125;1,5;2579;202;0;
13960;2021.09.27 21:30;4;6,25;1,5;2,5;2578;202;0;
13961;2021.09.27 21:45;4;6,1875;0,625;0,9375;2578;202;0;
13962;2021.09.27 22:00;4;6,0625;0,9375;1,5;2577;202;0;
13963;2021.09.27 22:15;4;5,9375;2,25;2,25;2577;202;0;
13964;2021.09.27 22:30;4;5,8125;2,75;2,5;2578;202;0;
13965;2021.09.27 22:45;4;5,75;2,75;2,375;2576;202;0;
13966;2021.09.27 23:00;4;5,6875;2,75;2,3125;2577;202;0;
13967;2021.09.27 23:15;4;5,625;2,3125;2;2577;202;0;
13968;2021.09.27 23:30;4;5,625;1,5625;1,375;2574;202;0;
13969;2021.09.27 23:45;4;5,5625;0,3125;0,5;2572;202;0;
13970;2021.09.28 00:00;4;5,5;-0,375;-0,3125;2572;202;0;
13971;2021.09.28 00:15;4;5,375;-0,625;-0,25;2571;202;0;
13972;2021.09.28 00:30;4;5,25;-0,4375;0;2570;202;0;
13973;2021.09.28 00:45;4;5,125;-0,5625;0,125;2573;202;0;
13974;2021.09.28 01:00;4;5;-1;-0,375;2570;202;0;
13975;2021.09.28 01:15;4;4,9375;-0,5;0,75;2571;202;0;
13976;2021.09.28 01:30;4;4,8125;-0,5;0,75;2571;202;0;
13977;2021.09.28 01:45;4;4,75;-0,5;0,625;2570;202;0;
13978;2021.09.28 02:00;4;4,625;-0,625;0,75;2570;202;0;
13979;2021.09.28 02:15;4;4,5;-0,5;0,9375;2568;202;0;
13980;2021.09.28 02:30;4;4,375;-0,0625;1,25;2568;202;0;
13981;2021.09.28 02:45;4;4,3125;-0,125;1,1875;2569;202;0;
13982;2021.09.28 03:00;4;4,25;1;3;2569;202;0;
13983;2021.09.28 03:15;4;4,125;1,75;3,5;2570;202;0;
13984;2021.09.28 03:30;4;4,125;1,5625;3;2567;202;0;
13985;2021.09.28 03:45;4;4;1,125;2,5;2567;202;0;
13986;2021.09.28 04:00;4;4;1,9375;3,6875;2567;202;0;
13987;2021.09.28 04:15;4;3,875;2;3,625;2566;202;0;
13988;2021.09.28 04:30;4;3,875;2;3,625;2567;202;0;
13989;2021.09.28 04:45;4;3,8125;2,125;3,625;2566;202;0;
13990;2021.09.28 05:00;4;3,75;2,25;3,75;2567;202;0;
13991;2021.09.28 05:15;4;3,75;2,5;3,875;2565;202;0;
13992;2021.09.28 05:30;4;3,75;2,5;3,875;2565;202;0;
13993;2021.09.28 05:45;4;3,6875;2,5625;3,875;2565;202;0;
13994;2021.09.28 06:00;4;3,625;2,5625;3,75;2564;202;0;
13995;2021.09.28 06:15;4;3,625;2,75;3,875;2563;202;0;
13996;2021.09.28 06:30;4;3,625;4,4375;5,25;2564;202;0;
13997;2021.09.28 06:45;4;3,625;4,75;5,5;2566;202;0;
13998;2021.09.28 07:00;4;3,625;5,875;6,5625;2566;202;0;
13999;2021.09.28 07:15;4;3,625;6;6;2566;202;0;
14000;2021.09.28 07:30;4;3,6875;6,375;6,4375;2565;202;0;
14001;2021.09.28 07:45;4;3,75;7,625;7,375;2568;202;0;
14002;2021.09.28 08:00;4;3,875;8,5625;8,0625;2567;202;0;
14003;2021.09.28 08:15;4;4;9,375;8,5;2567;202;0;
14004;2021.09.28 08:30;4;4,25;9,3125;8,4375;2568;202;0;
14005;2021.09.28 08:45;4;4,375;10;8,6875;2568;202;0;
14006;2021.09.28 09:00;4;4,625;10,375;8,875;2568;202;0;
14007;2021.09.28 09:15;4;4,875;10,625;8,9375;2568;202;0;
14008;2021.09.28 09:30;4;5,0625;10,9375;9,125;2568;202;0;
14009;2021.09.28 09:45;4;5,3125;10;8,6875;2566;202;0;
14010;2021.09.28 10:00;4;5,5;11,0625;9,5;2567;202;0;
14011;2021.09.28 10:15;4;5,75;11,625;9,875;2567;202;0;
14012;2021.09.28 10:30;4;5,9375;12;10,0625;2567;202;0;
14013;2021.09.28 10:45;4;6,125;12,125;10,625;2565;202;0;
14014;2021.09.28 11:00;4;6,375;12,625;10,1875;2566;202;0;
14015;2021.09.28 11:15;4;6,625;11,5625;10,5;2564;202;0;
14016;2021.09.28 11:30;4;6,75;12,75;11;2565;202;0;
14017;2021.09.28 11:45;4;7;12,75;10,75;2564;202;0;
14018;2021.09.28 12:00;4;7,125;11,375;10,625;2562;202;0;
14019;2021.09.28 12:15;4;7,3125;11,9375;10,25;2562;202;0;
14020;2021.09.28 12:30;4;7,4375;12,375;10,875;2564;202;0;
14021;2021.09.28 12:45;4;7,5625;10,5;9,25;2559;202;0;
14022;2021.09.28 13:00;4;7,6875;12,4375;11,125;2561;202;0;
14023;2021.09.28 13:15;4;7,75;11,25;9,875;2559;202;0;
14024;2021.09.28 13:30;4;7,875;10,4375;9,4375;2557;202;0;
14025;2021.09.28 13:45;4;7,875;11,875;10,625;2558;202;0;
14026;2021.09.28 14:00;4;7,9375;11,625;10,25;2556;202;0;
14027;2021.09.28 14:15;4;8;11,0625;10;2555;202;0;
14028;2021.09.28 14:30;4;8;10,0625;9,1875;2553;202;0;
14029;2021.09.28 14:45;4;8;9,1875;8,75;2550;202;0;
14030;2021.09.28 15:00;4;8;8,625;8,375;2549;202;0;
14031;2021.09.28 15:15;4;8;8,25;8,125;2548;202;0;
14032;2021.09.28 15:30;4;8;8;7,8125;2548;202;0;
14033;2021.09.28 15:45;4;7,875;7,5625;7,5;2547;202;0;
14034;2021.09.28 16:00;4;7,875;7,1875;7,25;2547;202;0;
14035;2021.09.28 16:15;4;7,75;6,875;6,875;2547;202;0;
14036;2021.09.28 16:30;4;7,75;6,5;6,625;2547;202;0;
14037;2021.09.28 16:45;4;7,625;6,0625;6,25;2441;202;0;
14038;2021.09.28 17:00;4;7,5625;5,6875;5,9375;2440;202;0;
14039;2021.09.28 17:15;4;7,5;5,375;5,625;2440;202;0;
14040;2021.09.28 17:30;4;7,375;5,125;5,375;2441;202;0;
14041;2021.09.28 17:45;4;7,25;4,875;5,1875;2441;202;0;
14042;2021.09.28 18:00;4;7,1875;4,5;4,875;2443;202;0;
14043;2021.09.28 18:15;4;7,125;4,6875;5,125;2442;202;0;
14044;2021.09.28 18:30;4;7;4,625;5;2443;202;0;
14045;2021.09.28 18:45;4;6,875;4,5;4,875;2444;202;0;
14046;2021.09.28 19:00;4;6,8125;4,625;4,75;2444;202;0;
14047;2021.09.28 19:15;4;6,75;4,375;4,5;2444;202;0;
14048;2021.09.28 19:30;4;6,625;4,5;4,625;2444;202;0;
14049;2021.09.28 19:45;4;6,5625;4,5;4,5;2444;202;0;
14050;2021.09.28 20:00;4;6,5;4,3125;4,375;2444;202;0;
14051;2021.09.28 20:15;4;6,4375;4,125;4,25;2444;202;0;
14052;2021.09.28 20:30;4;6,375;3,9375;4;2444;202;0;
14053;2021.09.28 20:45;4;6,3125;3,375;3,5;2444;202;0;
14054;2021.09.28 21:00;4;6,25;2,875;3,1875;2444;202;0;
14055;2021.09.28 21:15;4;6,1875;3,125;4,125;2444;202;0;
14056;2021.09.28 21:30;4;6,125;3,75;4,875;2444;202;0;
14057;2021.09.28 21:45;4;6;3,5;4,5;2444;202;0;
14058;2021.09.28 22:00;4;5,9375;3,5;4,625;2444;202;0;
14059;2021.09.28 22:15;4;5,8125;3,375;4,375;2443;202;0;
14060;2021.09.28 22:30;4;5,75;3,1875;4;2443;202;0;
14061;2021.09.28 22:45;4;5,625;2,875;3,5;2443;202;0;
14062;2021.09.28 23:00;4;5,5;2,875;3,5;2443;202;0;
14063;2021.09.28 23:15;4;5,4375;2,75;3,125;2443;202;0;
14064;2021.09.28 23:30;4;5,375;2,125;2,3125;2442;202;0;
14065;2021.09.28 23:45;4;5,3125;1,875;2,125;2442;202;0;
14066;2021.09.29 00:00;4;5,25;1,3125;1,75;2441;202;0;
14067;2021.09.29 00:15;4;5,1875;1,25;1,625;2442;202;0;
14068;2021.09.29 00:30;4;5,125;2,25;2,875;2443;202;0;
14069;2021.09.29 00:45;4;5,0625;2,375;3,125;2443;202;0;
14070;2021.09.29 01:00;4;5;2,375;3;2443;202;0;
14071;2021.09.29 01:15;4;4,9375;2;2,625;2442;202;0;
14072;2021.09.29 01:30;4;4,875;2,375;3;2443;202;0;
14073;2021.09.29 01:45;4;4,875;2,25;2,875;2442;202;0;
14074;2021.09.29 02:00;4;4,8125;2,5625;3,125;2443;202;0;
14075;2021.09.29 02:15;4;4,75;2,875;3,25;2443;202;0;
14076;2021.09.29 02:30;4;4,75;2,75;3,0625;2442;202;0;
14077;2021.09.29 02:45;4;4,75;2,25;2,375;2442;202;0;
14078;2021.09.29 03:00;4;4,6875;1,8125;1,875;2444;202;0;
14079;2021.09.29 03:15;4;4,625;1,875;1,875;2448;202;0;
14080;2021.09.29 03:30;4;4,625;1,8125;1,875;2450;202;0;
14081;2021.09.29 03:45;4;4,625;1,875;2;2452;202;0;
14082;2021.09.29 04:00;4;4,5625;1,8125;2,125;2453;202;0;
14083;2021.09.29 04:15;4;4,5;1,75;2;2454;202;0;
14084;2021.09.29 04:30;4;4,5;1,375;1,875;2455;202;0;
14085;2021.09.29 04:45;4;4,5;1,125;1,75;2456;202;0;
14086;2021.09.29 05:00;4;4,4375;0,875;1,5625;2456;202;0;
14087;2021.09.29 05:15;4;4,375;0,75;1,375;2456;202;0;
14088;2021.09.29 05:30;4;4,3125;0,5;1,25;2457;202;0;
14089;2021.09.29 05:45;4;4,25;0,5625;1;2457;202;0;
14090;2021.09.29 06:00;4;4,1875;0,875;1;2458;202;0;
14091;2021.09.29 06:15;4;4,125;1,75;1,6875;2459;202;0;
14092;2021.09.29 06:30;4;4,125;4,75;6,25;2462;202;0;
14093;2021.09.29 06:45;4;4,125;5,125;6,5;2461;202;0;
14094;2021.09.29 07:00;4;4,125;5,125;5,6875;2459;202;0;
14095;2021.09.29 07:15;4;4,25;5,3125;5,5;2458;202;0;
14096;2021.09.29 07:30;4;4,375;4,625;3,4375;2458;202;0;
14097;2021.09.29 07:45;4;4,5;5,625;5,5;2458;202;0;
14098;2021.09.29 08:00;4;4,625;8;8,125;2462;202;0;
14099;2021.09.29 08:15;4;4,75;9,125;7,875;2461;202;0;
14100;2021.09.29 08:30;4;5;9,8125;8,3125;2462;202;0;
14101;2021.09.29 08:45;4;5,25;10,4375;8,125;2464;202;0;
14102;2021.09.29 09:00;4;5,5;11,75;9,1875;2465;202;0;
14103;2021.09.29 09:15;4;5,8125;12,25;9,375;2466;202;0;
14104;2021.09.29 09:30;4;6,125;9,625;7;2465;202;0;
14105;2021.09.29 09:45;4;6,4375;11,4375;8,5;2466;202;0;
14106;2021.09.29 10:00;4;6,6875;8,875;5,4375;2463;202;0;
14107;2021.09.29 10:15;4;6,9375;8;5,75;2463;202;0;
14108;2021.09.29 10:30;4;7,125;8,125;6,25;2465;202;0;
14109;2021.09.29 10:45;4;7,25;9,375;7,125;2466;202;0;
14110;2021.09.29 11:00;4;7,375;7,5625;5,5;2463;202;0;
14111;2021.09.29 11:15;4;7,5;7,25;5,5625;2465;202;0;
14112;2021.09.29 11:30;4;7,5;8,5;6,625;2467;202;0;
14113;2021.09.29 11:45;4;7,625;8,25;6,75;2467;202;0;
14114;2021.09.29 12:00;4;7,625;8,25;6,5625;2469;202;0;
14115;2021.09.29 12:15;4;7,75;8,125;6,125;2469;202;0;
14116;2021.09.29 12:30;4;7,8125;7,375;5,25;2469;202;0;
14117;2021.09.29 12:45;4;7,875;9,25;6,5625;2471;202;0;
14118;2021.09.29 13:00;4;8;9,8125;6,75;2472;202;0;
14119;2021.09.29 13:15;4;8,0625;7,6875;5,375;2471;202;0;
14120;2021.09.29 13:30;4;8,125;7,25;5,25;2471;202;0;
14121;2021.09.29 13:45;4;8,25;8,375;6,625;2473;202;0;
14122;2021.09.29 14:00;4;8,25;9,5;7,25;2474;202;0;
14123;2021.09.29 14:15;4;8,3125;7,1875;5,125;2472;202;0;
14124;2021.09.29 14:30;4;8,375;10,625;8,3125;2477;202;0;
14125;2021.09.29 14:45;4;8,4375;7,125;4,375;2473;202;0;
14126;2021.09.29 15:00;4;8,5;8,5;6,4375;2476;202;0;
14127;2021.09.29 15:15;4;8,5;6,5625;4;2475;202;0;
14128;2021.09.29 15:30;4;8,5;4,5;2,625;2473;202;0;
14129;2021.09.29 15:45;4;8,4375;3,875;2,5;2475;202;0;
14130;2021.09.29 16:00;4;8,375;3,8125;2,25;2475;202;0;
14131;2021.09.29 16:15;4;8,25;2,625;1,375;2473;202;0;
14132;2021.09.29 16:30;4;8,125;2,0625;1,125;2473;202;0;
14133;2021.09.29 16:45;4;8;1,375;0,625;2472;202;0;
14134;2021.09.29 17:00;4;7,875;1;0,375;2472;202;0;
14135;2021.09.29 17:15;4;7,6875;0,375;-0,125;2471;202;0;
14136;2021.09.29 17:30;4;7,5;-0,125;-0,3125;2471;202;0;
14137;2021.09.29 17:45;4;7,3125;-0,5;-0,625;2471;202;0;
14138;2021.09.29 18:00;4;7,125;-0,75;-0,875;2470;202;0;
14139;2021.09.29 18:15;4;6,9375;-1;-1,1875;2470;202;0;
14140;2021.09.29 18:30;4;6,75;-1,5;-1,6875;2470;202;0;
14141;2021.09.29 18:45;4;6,5;-1,625;-1,5;2469;202;0;
14142;2021.09.29 19:00;4;6,375;-1,875;-1,875;2467;202;0;
14143;2021.09.29 19:15;4;6,125;-1,875;-1,875;2467;202;0;
14144;2021.09.29 19:30;4;6;-2;-2,0625;2466;202;0;
14145;2021.09.29 19:45;4;5,75;-2,125;-2,375;2466;202;0;
14146;2021.09.29 20:00;4;5,625;-1,5;-1,875;2465;202;0;
14147;2021.09.29 20:15;4;5,5;-1,25;-1,875;2465;202;0;
14148;2021.09.29 20:30;4;5,375;-1,5;-2,0625;2465;202;0;
14149;2021.09.29 20:45;4;5,25;-1;-1,625;2465;202;0;
14150;2021.09.29 21:00;4;5,125;-0,75;-1,5625;2465;202;0;
14151;2021.09.29 21:15;4;5;-1,125;-1,75;2465;202;0;
14152;2021.09.29 21:30;4;4,9375;-1,375;-1,9375;2465;202;0;
14153;2021.09.29 21:45;4;4,875;-1,9375;-2,375;2464;202;0;
14154;2021.09.29 22:00;4;4,75;-2,5;-2,625;2463;202;0;
14155;2021.09.29 22:15;4;4,625;-2,625;-2,75;2463;202;0;
14156;2021.09.29 22:30;4;4,5;-2,875;-3;2462;202;0;
14157;2021.09.29 22:45;4;4,4375;-3,25;-3,5;2461;202;0;
14158;2021.09.29 23:00;4;4,375;-3,25;-3,25;2459;202;0;
14159;2021.09.29 23:15;4;4,25;-2,8125;-3,0625;2459;202;0;
14160;2021.09.29 23:30;4;4,125;-3,125;-3,25;2457;202;0;
14161;2021.09.29 23:45;4;4,0625;-3,375;-3,5;2454;202;0;
14162;2021.09.30 00:00;4;4;-3,3125;-3,4375;2452;202;0;
14163;2021.09.30 00:15;4;3,875;-2,8125;-2,875;2451;202;0;
14164;2021.09.30 00:30;4;3,75;-2,8125;-3;2450;202;0;
14165;2021.09.30 00:45;4;3,75;-3,125;-3,25;2448;202;0;
14166;2021.09.30 01:00;4;3,625;-3,75;-4,0625;2446;202;0;
14167;2021.09.30 01:15;4;3,5625;-3,875;-4,125;2443;202;0;
14168;2021.09.30 01:30;4;3,5;-3,875;-4;2441;202;0;
14169;2021.09.30 01:45;4;3,4375;-4;-3,9375;2439;202;0;
14170;2021.09.30 02:00;4;3,375;-3,9375;-3,625;2437;202;0;
14171;2021.09.30 02:15;4;3,25;-4;-3,4375;2436;202;0;
14172;2021.09.30 02:30;4;3,25;-3,75;-3,0625;2433;202;0;
14173;2021.09.30 02:45;4;3,1875;-3,3125;-2;2432;202;0;
14174;2021.09.30 03:00;4;3,125;-3;-1,3125;2431;202;0;
14175;2021.09.30 03:15;4;3,0625;-3,375;-2,125;2430;202;0;
14176;2021.09.30 03:30;4;3;-3,4375;-2;2427;202;0;
14177;2021.09.30 03:45;4;2,9375;-3,1875;-2;2426;202;0;
14178;2021.09.30 04:00;4;2,875;-2,8125;-1,5625;2425;202;0;
14179;2021.09.30 04:15;4;2,8125;-1,625;0,5;2427;202;0;
14180;2021.09.30 04:30;4;2,75;-1,375;0,75;2427;202;0;
14181;2021.09.30 04:45;4;2,75;-1,875;-0,5;2426;202;0;
14182;2021.09.30 05:00;4;2,6875;-1,75;0;2425;202;0;
14183;2021.09.30 05:15;4;2,625;-1,75;-0,125;2426;202;0;
14184;2021.09.30 05:30;4;2,625;-1,75;0;2424;202;0;
14185;2021.09.30 05:45;4;2,5;-1,6875;-0,125;2423;202;0;
14186;2021.09.30 06:00;4;2,5;-1,75;-0,125;2423;202;0;
14187;2021.09.30 06:15;4;2,4375;-1,875;-0,5;2422;202;0;
14188;2021.09.30 06:30;4;2,375;2;5,375;2432;202;0;
14189;2021.09.30 06:45;4;2,375;4,25;7,875;2446;202;0;
14190;2021.09.30 07:00;4;2,375;5,8125;10,125;2453;202;0;
14191;2021.09.30 07:15;4;2,3125;6,875;10,75;2456;202;0;
14192;2021.09.30 07:30;4;2,25;7,75;10,25;2456;202;0;
14193;2021.09.30 07:45;4;2,3125;8,625;10,25;2456;202;0;
14194;2021.09.30 08:00;4;2,375;9,5;10,5;2456;202;0;
14195;2021.09.30 08:15;4;2,4375;10,1875;10,6875;2456;202;0;
14196;2021.09.30 08:30;4;2,5625;11;10,875;2456;202;0;
14197;2021.09.30 08:45;4;2,75;11,75;11,3125;2457;202;0;
14198;2021.09.30 09:00;4;3;12,75;12;2458;202;0;
14199;2021.09.30 09:15;4;3,25;13,75;13;2458;202;0;
14200;2021.09.30 09:30;4;3,625;14,4375;12,75;2458;202;0;
14201;2021.09.30 09:45;4;3,9375;14,1875;11,75;2458;202;0;
14202;2021.09.30 10:00;4;4,25;14,625;12,25;2458;202;0;
14203;2021.09.30 10:15;4;4,625;14,875;12,4375;2458;202;0;
14204;2021.09.30 10:30;4;5;14;11,625;2457;202;0;
14205;2021.09.30 10:45;4;5,375;14,375;12;2456;202;0;
14206;2021.09.30 11:00;4;5,6875;14,375;11,75;2456;202;0;
14207;2021.09.30 11:15;4;6;15,0625;12,8125;2457;202;0;
14208;2021.09.30 11:30;4;6,3125;15,375;12,625;2457;202;0;
14209;2021.09.30 11:45;4;6,625;14,875;12;2458;202;0;
14210;2021.09.30 12:00;4;6,9375;14,75;12;2458;202;0;
14211;2021.09.30 12:15;4;7,25;14;11,3125;2458;202;0;
14212;2021.09.30 12:30;4;7,5;14,1875;11,5;2459;202;0;
14213;2021.09.30 12:45;4;7,6875;14,1875;11,625;2460;202;0;
14214;2021.09.30 13:00;4;7,875;14,375;11,5625;2463;202;0;
14215;2021.09.30 13:15;4;8,0625;14,625;11,375;2463;202;0;
14216;2021.09.30 13:30;4;8,25;14,875;11,75;2466;202;0;
14217;2021.09.30 13:45;4;8,375;14,75;11,1875;2467;202;0;
14218;2021.09.30 14:00;4;8,5;14,5;11,25;2468;202;0;
14219;2021.09.30 14:15;4;8,625;14;10,6875;2468;202;0;
14220;2021.09.30 14:30;4;8,75;13,625;10,375;2469;202;0;
14221;2021.09.30 14:45;4;8,875;13,1875;10,75;2469;202;0;
14222;2021.09.30 15:00;4;8,875;13,4375;11,125;2469;202;0;
14223;2021.09.30 15:15;4;9;12,25;10,0625;2468;202;0;
14224;2021.09.30 15:30;4;9;8,625;6,375;2463;202;0;
14225;2021.09.30 15:45;4;9;5,5;4,375;2461;202;0;
14226;2021.09.30 16:00;4;8,875;4,1875;3,8125;2461;202;0;
14227;2021.09.30 16:15;4;8,75;3,4375;3,3125;2460;202;0;
14228;2021.09.30 16:30;4;8,5;2,75;2,8125;2459;202;0;
14229;2021.09.30 16:45;4;8,375;2,25;2,5;2458;202;0;
14230;2021.09.30 17:00;4;8,125;2,1875;2,75;2458;202;0;
14231;2021.09.30 17:15;4;7,9375;2;2,625;2457;202;0;
14232;2021.09.30 17:30;4;7,75;1,25;1,625;2457;202;0;
14233;2021.09.30 17:45;4;7,5;1,125;1,8125;2456;202;0;
14234;2021.09.30 18:00;4;7,3125;1,0625;1,75;2455;202;0;
14235;2021.09.30 18:15;4;7,125;1,625;2,5;2454;202;0;
14236;2021.09.30 18:30;4;6,9375;2;3,0625;2454;202;0;
14237;2021.09.30 18:45;4;6,75;1,625;2,3125;2454;202;0;
14238;2021.09.30 19:00;4;6,625;1,4375;2;2453;202;0;
14239;2021.09.30 19:15;4;6,4375;0,875;1,25;2452;202;0;
14240;2021.09.30 19:30;4;6,25;1,25;2,125;2453;202;0;
14241;2021.09.30 19:45;4;6,125;1,375;2,125;2453;202;0;
14242;2021.09.30 20:00;4;6;1,625;2,375;2453;202;0;
14243;2021.09.30 20:15;4;5,875;1,375;2,1875;2452;202;0;
14244;2021.09.30 20:30;4;5,75;1;1,5;2452;202;0;
14245;2021.09.30 20:45;4;5,625;1,0625;1,875;2451;202;0;
14246;2021.09.30 21:00;4;5,5;1,25;1,9375;2451;202;0;
14247;2021.09.30 21:15;4;5,4375;1,5625;2,25;2450;202;0;
14248;2021.09.30 21:30;4;5,3125;1,6875;2,125;2450;202;0;
14249;2021.09.30 21:45;4;5,25;1,625;2;2450;202;0;
14250;2021.09.30 22:00;4;5,125;1,4375;1,75;2449;202;0;
14251;2021.09.30 22:15;4;5,0625;1,5;1,8125;2449;202;0;
14252;2021.09.30 22:30;4;5;1,5;1,75;2449;202;0;
14253;2021.09.30 22:45;4;4,9375;1,5;1,75;2449;202;0;
14254;2021.09.30 23:00;4;4,875;1,5625;1,875;2449;202;0;
14255;2021.09.30 23:15;4;4,8125;1,875;1,875;2449;202;0;
14256;2021.09.30 23:30;4;4,75;2,125;2,0625;2448;202;0;
14257;2021.09.30 23:45;4;4,75;2,25;2,125;2448;202;0;
14258;2021.10.01 00:00;4;4,6875;2,125;2;2447;202;0;
14259;2021.10.01 00:15;4;4,625;2;1,9375;2447;202;0;
14260;2021.10.01 00:30;4;4,625;1,875;1,875;2447;202;0;
14261;2021.10.01 00:45;4;4,625;1,75;1,75;2447;202;0;
14262;2021.10.01 01:00;4;4,5625;1,625;1,625;2447;202;0;
14263;2021.10.01 01:15;4;4,5;1,6875;1,6875;2446;202;0;
14264;2021.10.01 01:30;4;4,5;1,5;1,5;2446;202;0;
14265;2021.10.01 01:45;4;4,5;1,5;1,5;2446;202;0;
14266;2021.10.01 02:00;4;4,4375;1,625;1,375;2446;202;0;
14267;2021.10.01 02:15;4;4,375;1,3125;1,1875;2445;202;0;
14268;2021.10.01 02:30;4;4,375;1,0625;1,125;2445;202;0;
14269;2021.10.01 02:45;4;4,375;0,8125;1,125;2445;202;0;
14270;2021.10.01 03:00;4;4,3125;0,625;1;2444;202;0;
14271;2021.10.01 03:15;4;4,25;0,625;1;2444;202;0;
14272;2021.10.01 03:30;4;4,1875;0,5625;1;2444;202;0;
14273;2021.10.01 03:45;4;4,125;0,5;0,9375;2444;202;0;
14274;2021.10.01 04:00;4;4,125;0,5625;0,875;2445;202;0;
14275;2021.10.01 04:15;4;4;0,5;0,75;2444;202;0;
14276;2021.10.01 04:30;4;4;0,5625;0,75;2445;202;0;
14277;2021.10.01 04:45;4;3,9375;0,5;0,8125;2445;202;0;
14278;2021.10.01 05:00;4;3,875;0,375;0,75;2444;202;0;
14279;2021.10.01 05:15;4;3,8125;0,375;0,8125;2444;202;0;
14280;2021.10.01 05:30;4;3,75;0,375;0,875;2444;202;0;
14281;2021.10.01 05:45;4;3,75;0,3125;0,8125;2444;202;0;
14282;2021.10.01 06:00;4;3,6875;0,375;0,875;2444;202;0;
14283;2021.10.01 06:15;4;3,625;0,4375;0,875;2444;202;0;
14284;2021.10.01 06:30;4;3,625;2,3125;2,6875;2446;202;0;
14285;2021.10.01 06:45;4;3,5625;3,5;3,625;2445;202;0;
14286;2021.10.01 07:00;4;3,5625;4;4;2444;202;0;
14287;2021.10.01 07:15;4;3,625;4,6875;4,375;2444;202;0;
14288;2021.10.01 07:30;4;3,625;5,25;4,625;2444;202;0;
14289;2021.10.01 07:45;4;3,75;5,75;4,875;2443;202;0;
14290;2021.10.01 08:00;4;3,875;6,375;5,1875;2443;202;0;
14291;2021.10.01 08:15;4;4;7,0625;5,75;2444;202;0;
14292;2021.10.01 08:30;4;4,125;7,75;6,25;2444;202;0;
14293;2021.10.01 08:45;4;4,3125;8,125;6,25;2444;202;0;
14294;2021.10.01 09:00;4;4,5;8,3125;6,25;2444;202;0;
14295;2021.10.01 09:15;4;4,6875;8,5625;6,3125;2444;202;0;
14296;2021.10.01 09:30;4;4,875;8,8125;6,5;2444;202;0;
14297;2021.10.01 09:45;4;5,125;9,25;6,8125;2444;202;0;
14298;2021.10.01 10:00;4;5,25;9,625;7,1875;2444;202;0;
14299;2021.10.01 10:15;4;5,5;10;7,375;2444;202;0;
14300;2021.10.01 10:30;4;5,75;10,1875;7,5625;2444;202;0;
14301;2021.10.01 10:45;4;5,9375;10,375;7,8125;2444;202;0;
14302;2021.10.01 11:00;4;6,125;10,625;8;2444;202;0;
14303;2021.10.01 11:15;4;6,375;11,125;8,5;2445;202;0;
14304;2021.10.01 11:30;4;6,625;11,375;8,625;2446;202;0;
14305;2021.10.01 11:45;4;6,75;11,3125;8,75;2446;202;0;
14306;2021.10.01 12:00;4;7;11,25;8,625;2446;202;0;
14307;2021.10.01 12:15;4;7,1875;11,5;8,875;2447;202;0;
14308;2021.10.01 12:30;4;7,375;11,625;9,125;2448;202;0;
14309;2021.10.01 12:45;4;7,5;11,75;9,125;2449;202;0;
14310;2021.10.01 13:00;4;7,625;11,875;9,25;2450;202;0;
14311;2021.10.01 13:15;4;7,8125;11,6875;9,125;2450;202;0;
14312;2021.10.01 13:30;4;7,9375;11,125;8,1875;2450;202;0;
14313;2021.10.01 13:45;4;8,0625;9,0625;7,875;2449;202;0;
14314;2021.10.01 14:00;4;8,125;8,8125;7,25;2449;202;0;
14315;2021.10.01 14:15;4;8,125;8,375;7;2448;202;0;
14316;2021.10.01 14:30;4;8,125;8,375;7,75;2449;202;0;
14317;2021.10.01 14:45;4;8,125;7,5;6,75;2448;202;0;
14318;2021.10.01 15:00;4;8;9,75;8,375;2450;202;0;
14319;2021.10.01 15:15;4;8;8,75;7,5;2448;202;0;
14320;2021.10.01 15:30;4;8;6,6875;5,9375;2446;202;0;
14321;2021.10.01 15:45;4;7,875;5,875;5,5625;2446;202;0;
14322;2021.10.01 16:00;4;7,875;5,375;5,25;2446;202;0;
14323;2021.10.01 16:15;4;7,75;5,125;5,125;2447;202;0;
14324;2021.10.01 16:30;4;7,625;5;5;2446;202;0;
14325;2021.10.01 16:45;4;7,5;4,375;4,4375;2446;202;0;
14326;2021.10.01 17:00;4;7,4375;3,875;4;2445;202;0;
14327;2021.10.01 17:15;4;7,3125;3,375;3,5;2445;202;0;
14328;2021.10.01 17:30;4;7,25;3,3125;3,625;2445;202;0;
14329;2021.10.01 17:45;4;7,125;3,125;3,4375;2445;202;0;
14330;2021.10.01 18:00;4;6,9375;3;3,25;2445;202;0;
14331;2021.10.01 18:15;4;6,8125;2,875;3,1875;2445;202;0;
14332;2021.10.01 18:30;4;6,75;2,625;2,8125;2445;202;0;
14333;2021.10.01 18:45;4;6,625;2,5625;2,6875;2444;202;0;
14334;2021.10.01 19:00;4;6,5;2,625;2,75;2444;202;0;
14335;2021.10.01 19:15;4;6,375;2,6875;2,75;2444;202;0;
14336;2021.10.01 19:30;4;6,25;2,75;2,6875;2444;202;0;
14337;2021.10.01 19:45;4;6,125;2,75;2,625;2444;202;0;
14338;2021.10.01 20:00;4;6,125;3;2,6875;2444;202;0;
14339;2021.10.01 20:15;4;6;2,9375;2,6875;2444;202;0;
14340;2021.10.01 20:30;4;5,9375;2,9375;2,625;2443;202;0;
14341;2021.10.01 20:45;4;5,875;2,875;2,5625;2443;202;0;
14342;2021.10.01 21:00;4;5,875;2,75;2,5;2443;202;0;
14343;2021.10.01 21:15;4;5,75;2,6875;2,5;2442;202;0;
14344;2021.10.01 21:30;4;5,75;2,875;2,5625;2442;202;0;
14345;2021.10.01 21:45;4;5,6875;2,75;2,5;2442;202;0;
14346;2021.10.01 22:00;4;5,625;2,75;2,5;2441;202;0;
14347;2021.10.01 22:15;4;5,625;2,6875;2,375;2441;202;0;
14348;2021.10.01 22:30;4;5,5625;2,6875;2,375;2441;202;0;
14349;2021.10.01 22:45;4;5,5;2,625;2,25;2440;202;0;
14350;2021.10.01 23:00;4;5,5;2,5625;2,125;2440;202;0;
14351;2021.10.01 23:15;4;5,4375;2,25;2;2440;202;0;
14352;2021.10.01 23:30;4;5,375;2,375;2;2440;202;0;
14353;2021.10.01 23:45;4;5,375;2,375;2,125;2440;202;0;
14354;2021.10.02 00:00;4;5,375;2,25;1,9375;2439;202;0;
14355;2021.10.02 00:15;4;5,25;2,375;2;2439;202;0;
14356;2021.10.02 00:30;4;5,25;2,25;1,875;2439;202;0;
14357;2021.10.02 00:45;4;5,25;2,375;2;2439;202;0;
14358;2021.10.02 01:00;4;5,1875;2,4375;2;2439;202;0;
14359;2021.10.02 01:15;4;5,125;2,375;1,875;2439;202;0;
14360;2021.10.02 01:30;4;5,125;2,25;1,75;2438;202;0;
14361;2021.10.02 01:45;4;5,125;2,25;1,75;2438;202;0;
14362;2021.10.02 02:00;4;5,125;2,125;1,625;2438;202;0;
14363;2021.10.02 02:15;4;5,0625;2,125;1,625;2438;202;0;
14364;2021.10.02 02:30;4;5;2;1,5;2437;202;0;
14365;2021.10.02 02:45;4;5;1,5;1,0625;2437;202;0;
14366;2021.10.02 03:00;4;5;1,25;1,125;2437;202;0;
14367;2021.10.02 03:15;4;4,9375;1,625;1,375;2438;202;0;
14368;2021.10.02 03:30;4;4,875;1,625;1,375;2437;202;0;
14369;2021.10.02 03:45;4;4,875;1,5;1,1875;2436;202;0;
14370;2021.10.02 04:00;4;4,8125;1,5;1,25;2437;202;0;
14371;2021.10.02 04:15;4;4,75;1;0,9375;2435;202;0;
14372;2021.10.02 04:30;4;4,75;0,375;0,5625;2435;202;0;
14373;2021.10.02 04:45;4;4,625;1,1875;1,125;2436;202;0;
14374;2021.10.02 05:00;4;4,625;0,875;0,8125;2436;202;0;
14375;2021.10.02 05:15;4;4,5;1,1875;1;2436;202;0;
14376;2021.10.02 05:30;4;4,5;1,25;0,9375;2436;202;0;
14377;2021.10.02 05:45;4;4,4375;1,3125;0,9375;2436;202;0;
14378;2021.10.02 06:00;4;4,375;0,875;0,625;2435;202;0;
14379;2021.10.02 06:15;4;4,375;0,625;0,625;2435;202;0;
14380;2021.10.02 06:30;4;4,375;0,875;1;2435;202;0;
14381;2021.10.02 06:45;4;4,3125;2,9375;3,5625;2437;202;0;
14382;2021.10.02 07:00;4;4,25;4,3125;4,625;2437;202;0;
14383;2021.10.02 07:15;4;4,25;6,125;5,875;2438;202;0;
14384;2021.10.02 07:30;4;4,375;7,5;6,5;2438;202;0;
14385;2021.10.02 07:45;4;4,5;8,125;6,875;2437;202;0;
14386;2021.10.02 08:00;4;4,625;8,25;6,5;2436;202;0;
14387;2021.10.02 08:15;4;4,75;9,625;7,5625;2436;202;0;
14388;2021.10.02 08:30;4;4,9375;9,8125;7,4375;2436;202;0;
14389;2021.10.02 08:45;4;5,125;9;6,125;2434;202;0;
14390;2021.10.02 09:00;4;5,375;7,25;5,3125;2432;202;0;
14391;2021.10.02 09:15;4;5,5;8;5,8125;2432;202;0;
14392;2021.10.02 09:30;4;5,6875;7,5625;5,375;2431;202;0;
14393;2021.10.02 09:45;4;5,8125;7,75;5,6875;2431;202;0;
14394;2021.10.02 10:00;4;5,9375;9;6,625;2433;202;0;
14395;2021.10.02 10:15;4;6,0625;8,9375;6,625;2432;202;0;
14396;2021.10.02 10:30;4;6,25;10;7,375;2433;202;0;
14397;2021.10.02 10:45;4;6,375;10,75;8,5;2434;202;0;
14398;2021.10.02 11:00;4;6,5625;11,125;8,1875;2434;202;0;
14399;2021.10.02 11:15;4;6,75;12,125;8,9375;2435;202;0;
14400;2021.10.02 11:30;4;7;12,6875;9,5;2436;202;0;
14401;2021.10.02 11:45;4;7,1875;10,625;7,375;2433;202;0;
14402;2021.10.02 12:00;4;7,375;7,8125;6,25;2431;202;0;
14403;2021.10.02 12:15;4;7,5;7,5;6,125;2431;202;0;
14404;2021.10.02 12:30;4;7,625;9,3125;8;2434;202;0;
14405;2021.10.02 12:45;4;7,625;9,375;7,3125;2434;202;0;
14406;2021.10.02 13:00;4;7,6875;9,1875;7,625;2434;202;0;
14407;2021.10.02 13:15;4;7,75;9,875;7,875;2435;202;0;
14408;2021.10.02 13:30;4;7,75;9,4375;7,625;2434;202;0;
14409;2021.10.02 13:45;4;7,875;7,875;6,625;2433;202;0;
14410;2021.10.02 14:00;4;7,875;7,875;6,875;2433;202;0;
14411;2021.10.02 14:15;4;7,875;8;6,625;2433;202;0;
14412;2021.10.02 14:30;4;7,875;7,125;6,1875;2432;202;0;
14413;2021.10.02 14:45;4;7,875;6,875;6,0625;2432;202;0;
14414;2021.10.02 15:00;4;7,8125;6,625;6;2432;202;0;
14415;2021.10.02 15:15;4;7,75;6,3125;5,6875;2432;202;0;
14416;2021.10.02 15:30;4;7,75;5,625;5,25;2432;202;0;
14417;2021.10.02 15:45;4;7,625;5;4,875;2432;202;0;
14418;2021.10.02 16:00;4;7,5625;4,375;4,4375;2433;202;0;
14419;2021.10.02 16:15;4;7,5;4,125;4,25;2433;202;0;
14420;2021.10.02 16:30;4;7,375;3,8125;3,875;2434;202;0;
14421;2021.10.02 16:45;4;7,25;3,625;3,75;2433;202;0;
14422;2021.10.02 17:00;4;7,125;3,25;3,375;2433;202;0;
14423;2021.10.02 17:15;4;7;3;3,25;2434;202;0;
14424;2021.10.02 17:30;4;6,875;3;3,1875;2434;202;0;
14425;2021.10.02 17:45;4;6,75;2,875;3;2434;202;0;
14426;2021.10.02 18:00;4;6,625;2,875;3;2434;202;0;
14427;2021.10.02 18:15;4;6,5625;2,625;2,75;2433;202;0;
14428;2021.10.02 18:30;4;6,4375;2,5;2,625;2433;202;0;
14429;2021.10.02 18:45;4;6,375;2,5;2,5625;2433;202;0;
14430;2021.10.02 19:00;4;6,25;2,8125;2,75;2433;202;0;
14431;2021.10.02 19:15;4;6,125;2,875;2,6875;2433;202;0;
14432;2021.10.02 19:30;4;6,125;3;2,75;2433;202;0;
14433;2021.10.02 19:45;4;6;3,0625;2,75;2433;202;0;
14434;2021.10.02 20:00;4;6;3;2,6875;2432;202;0;
14435;2021.10.02 20:15;4;5,875;3;2,625;2432;202;0;
14436;2021.10.02 20:30;4;5,875;3;2,6875;2432;202;0;
14437;2021.10.02 20:45;4;5,8125;2,9375;2,625;2431;202;0;
14438;2021.10.02 21:00;4;5,75;2,875;2,5625;2431;202;0;
14439;2021.10.02 21:15;4;5,75;2,75;2,5;2431;202;0;
14440;2021.10.02 21:30;4;5,6875;2,75;2,4375;2430;202;0;
14441;2021.10.02 21:45;4;5,625;2,6875;2,4375;2430;202;0;
14442;2021.10.02 22:00;4;5,625;2,5625;2,3125;2429;202;0;
14443;2021.10.02 22:15;4;5,5625;2,4375;2,125;2430;202;0;
14444;2021.10.02 22:30;4;5,5;2,375;2,125;2430;202;0;
14445;2021.10.02 22:45;4;5,5;2,375;2,125;2429;202;0;
14446;2021.10.02 23:00;4;5,4375;2,3125;2,125;2429;202;0;
14447;2021.10.02 23:15;4;5,375;2,3125;2,0625;2429;202;0;
14448;2021.10.02 23:30;4;5,375;2,3125;2,0625;2429;202;0;
14449;2021.10.02 23:45;4;5,3125;2,375;2;2429;202;0;
14450;2021.10.03 00:00;4;5,25;2,25;1,9375;2429;202;0;
14451;2021.10.03 00:15;4;5,25;2;1,75;2429;202;0;
14452;2021.10.03 00:30;4;5,25;1,75;1,625;2429;202;0;
14453;2021.10.03 00:45;4;5,1875;1,8125;1,625;2428;202;0;
14454;2021.10.03 01:00;4;5,125;1,6875;1,5;2428;202;0;
14455;2021.10.03 01:15;4;5,125;1,625;1,375;2428;202;0;
14456;2021.10.03 01:30;4;5;1,375;1,25;2427;202;0;
14457;2021.10.03 01:45;4;5;1,25;1,1875;2427;202;0;
14458;2021.10.03 02:00;4;4,9375;1,25;1,125;2427;202;0;
14459;2021.10.03 02:15;4;4,875;1,125;1;2427;202;0;
14460;2021.10.03 02:30;4;4,8125;1,0625;1,0625;2426;202;0;
14461;2021.10.03 02:45;4;4,75;1;0,9375;2426;202;0;
14462;2021.10.03 03:00;4;4,75;1;1;2426;202;0;
14463;2021.10.03 03:15;4;4,625;1,125;1,125;2426;202;0;
14464;2021.10.03 03:30;4;4,625;1,125;1,125;2426;202;0;
14465;2021.10.03 03:45;4;4,5;1,25;1,375;2426;202;0;
14466;2021.10.03 04:00;4;4,5;1,3125;1,375;2425;202;0;
14467;2021.10.03 04:15;4;4,4375;1,375;1,375;2425;202;0;
14468;2021.10.03 04:30;4;4,375;1,5625;1,5625;2425;202;0;
14469;2021.10.03 04:45;4;4,375;1,625;1,6875;2425;202;0;
14470;2021.10.03 05:00;4;4,375;1,625;1,625;2425;202;0;
14471;2021.10.03 05:15;4;4,3125;1,5;1,5625;2424;202;0;
14472;2021.10.03 05:30;4;4,25;1,5625;1,625;2424;202;0;
14473;2021.10.03 05:45;4;4,25;1,5;1,375;2424;202;0;
14474;2021.10.03 06:00;4;4,25;1,5;1,375;2424;202;0;
14475;2021.10.03 06:15;4;4,1875;1,5;1,375;2424;202;0;
14476;2021.10.03 06:30;4;4,125;1,6875;1,625;2424;202;0;
14477;2021.10.03 06:45;4;4,125;1,8125;1,75;2424;202;0;
14478;2021.10.03 07:00;4;4,125;2,375;2,25;2424;202;0;
14479;2021.10.03 07:15;4;4,125;3,8125;3,625;2425;202;0;
14480;2021.10.03 07:30;4;4,125;3,8125;3,125;2423;202;0;
14481;2021.10.03 07:45;4;4,1875;3,75;3,0625;2422;202;0;
14482;2021.10.03 08:00;4;4,25;4,125;3,625;2422;202;0;
14483;2021.10.03 08:15;4;4,25;3,1875;2,5625;2420;202;0;
14484;2021.10.03 08:30;4;4,3125;3,1875;3;2420;202;0;
14485;2021.10.03 08:45;4;4,375;3,375;2,9375;2420;202;0;
14486;2021.10.03 09:00;4;4,375;3,25;3;2420;202;0;
14487;2021.10.03 09:15;4;4,375;3,5;3,125;2420;202;0;
14488;2021.10.03 09:30;4;4,375;3,375;2,875;2419;202;0;
14489;2021.10.03 09:45;4;4,4375;4;3,625;2420;202;0;
14490;2021.10.03 10:00;4;4,4375;4,125;3,9375;2419;202;0;
14491;2021.10.03 10:15;4;4,5;5,8125;5,375;2420;202;0;
14492;2021.10.03 10:30;4;4,5;6,1875;5,25;2420;202;0;
14493;2021.10.03 10:45;4;4,625;5,4375;5;2418;202;0;
14494;2021.10.03 11:00;4;4,6875;5,375;5;2417;202;0;
14495;2021.10.03 11:15;4;4,75;5,125;4,875;2416;202;0;
14496;2021.10.03 11:30;4;4,75;4,8125;4,625;2416;202;0;
14497;2021.10.03 11:45;4;4,8125;5;5;2416;202;0;
14498;2021.10.03 12:00;4;4,875;5,1875;5,0625;2416;202;0;
14499;2021.10.03 12:15;4;4,875;5,3125;5,25;2415;202;0;
14500;2021.10.03 12:30;4;4,875;5,25;5;2415;202;0;
14501;2021.10.03 12:45;4;4,875;5;4,9375;2414;202;0;
14502;2021.10.03 13:00;4;4,875;3,9375;3,75;2413;202;0;
14503;2021.10.03 13:15;4;4,9375;3,375;3,625;2413;202;0;
14504;2021.10.03 13:30;4;4,875;4;4,375;2414;202;0;
14505;2021.10.03 13:45;4;4,875;4,625;4,8125;2414;202;0;
14506;2021.10.03 14:00;4;4,875;5;5,1875;2414;202;0;
14507;2021.10.03 14:15;4;4,875;5;5,1875;2414;202;0;
14508;2021.10.03 14:30;4;4,875;5;5,125;2413;202;0;
14509;2021.10.03 14:45;4;4,875;5;5,0625;2413;202;0;
14510;2021.10.03 15:00;4;4,875;5;5,125;2412;202;0;
14511;2021.10.03 15:15;4;4,875;4,9375;5,125;2412;202;0;
14512;2021.10.03 15:30;4;4,875;4,9375;5,0625;2412;202;0;
14513;2021.10.03 15:45;4;4,875;4,9375;5,125;2411;202;0;
14514;2021.10.03 16:00;4;4,875;4,8125;5;2411;202;0;
14515;2021.10.03 16:15;4;4,875;4,625;4,875;2411;202;0;
14516;2021.10.03 16:30;4;4,875;4,6875;4,875;2410;202;0;
14517;2021.10.03 16:45;4;4,875;4,625;4,875;2410;202;0;
14518;2021.10.03 17:00;4;4,875;4,5;4,625;2410;202;0;
14519;2021.10.03 17:15;4;4,875;4,25;4,375;2410;202;0;
14520;2021.10.03 17:30;4;4,8125;4;4;2410;202;0;
14521;2021.10.03 17:45;4;4,8125;3,625;3,6875;2409;202;0;
14522;2021.10.03 18:00;4;4,75;3;3,1875;2409;202;0;
14523;2021.10.03 18:15;4;4,75;2,9375;3,0625;2410;202;0;
14524;2021.10.03 18:30;4;4,75;2,875;2,8125;2411;202;0;
14525;2021.10.03 18:45;4;4,75;2,75;2,625;2411;202;0;
14526;2021.10.03 19:00;4;4,6875;2,75;2,625;2412;202;0;
14527;2021.10.03 19:15;4;4,625;2,25;2,375;2419;202;0;
14528;2021.10.03 19:30;4;4,625;2,625;2,5;2434;202;0;
14529;2021.10.03 19:45;4;4,625;2,625;2,4375;2441;202;0;
14530;2021.10.03 20:00;4;4,5625;2,625;2,375;2451;202;0;
14531;2021.10.03 20:15;4;4,5;2,5;2,375;2463;202;0;
14532;2021.10.03 20:30;4;4,5;2,4375;2,25;2473;202;0;
14533;2021.10.03 20:45;4;4,5;2,375;2,1875;2482;202;0;
14534;2021.10.03 21:00;4;4,4375;2,25;2,0625;2488;202;0;
14535;2021.10.03 21:15;4;4,375;2,25;2;2494;202;0;
14536;2021.10.03 21:30;4;4,375;2,125;1,875;2499;202;0;
14537;2021.10.03 21:45;4;4,375;2;1,75;2503;202;0;
14538;2021.10.03 22:00;4;4,3125;2;1,875;2507;202;0;
14539;2021.10.03 22:15;4;4,25;2,125;2;2511;202;0;
14540;2021.10.03 22:30;4;4,25;2,25;2,125;2515;202;0;
14541;2021.10.03 22:45;4;4,25;2,25;2,125;2521;202;0;
14542;2021.10.03 23:00;4;4,1875;2;1,875;2528;202;0;
14543;2021.10.03 23:15;4;4,1875;1,75;1,5625;2536;202;0;
14544;2021.10.03 23:30;4;4,125;1,75;1,5;2543;202;0;
14545;2021.10.03 23:45;4;4,125;1,875;1,6875;2545;202;0;
14546;2021.10.04 00:00;4;4,125;2;1,875;2550;202;0;
14547;2021.10.04 00:15;4;4,0625;2;1,875;2556;202;0;
14548;2021.10.04 00:30;4;4;1,875;1,75;2565;202;0;
14549;2021.10.04 00:45;4;4;1,75;1,625;2574;202;0;
14550;2021.10.04 01:00;4;4;1,125;1;2603;202;0;
14551;2021.10.04 01:15;4;3,9375;1,4375;1,4375;2614;202;0;
14552;2021.10.04 01:30;4;3,875;1,625;1,5;2622;202;0;
14553;2021.10.04 01:45;4;3,875;1,75;1,625;2625;202;0;
14554;2021.10.04 02:00;4;3,8125;1,9375;1,8125;2627;202;0;
14555;2021.10.04 02:15;4;3,75;2;1,875;2627;202;0;
14556;2021.10.04 02:30;4;3,75;2,125;2;2630;202;0;
14557;2021.10.04 02:45;4;3,75;2,3125;2,1875;2630;202;0;
14558;2021.10.04 03:00;4;3,75;2,375;2,25;2627;202;0;
14559;2021.10.04 03:15;4;3,75;2,375;2,25;2628;202;0;
14560;2021.10.04 03:30;4;3,75;2,4375;2,3125;2631;202;0;
14561;2021.10.04 03:45;4;3,75;2,375;2,25;2630;202;0;
14562;2021.10.04 04:00;4;3,75;2,375;2,25;2628;202;0;
14563;2021.10.04 04:15;4;3,75;2,375;2,1875;2625;202;0;
14564;2021.10.04 04:30;4;3,75;2,3125;2,125;2622;202;0;
14565;2021.10.04 04:45;4;3,75;2,375;2,25;2622;202;0;
14566;2021.10.04 05:00;4;3,75;2,3125;2,125;2621;202;0;
14567;2021.10.04 05:15;4;3,75;2,25;2,0625;2618;202;0;
14568;2021.10.04 05:30;4;3,75;2,25;2,125;2616;202;0;
14569;2021.10.04 05:45;4;3,75;2,375;2,25;2616;202;0;
14570;2021.10.04 06:00;4;3,75;2,4375;2,25;2615;202;0;
14571;2021.10.04 06:15;4;3,75;2,375;2,25;2616;202;0;
14572;2021.10.04 06:30;4;3,75;2,4375;2,25;2615;202;0;
14573;2021.10.04 06:45;4;3,75;2,5;2,3125;2616;202;0;
14574;2021.10.04 07:00;4;3,75;2,5;2,375;2616;202;0;
14575;2021.10.04 07:15;4;3,75;2,4375;2,25;2616;202;0;
14576;2021.10.04 07:30;4;3,75;2,5;2,3125;2616;202;0;
14577;2021.10.04 07:45;4;3,75;2,4375;2,25;2616;202;0;
14578;2021.10.04 08:00;4;3,75;2,4375;2,25;2619;202;0;
14579;2021.10.04 08:15;4;3,75;2,0625;1,875;2631;202;0;
14580;2021.10.04 08:30;4;3,75;1,6875;1,625;2647;202;0;
14581;2021.10.04 08:45;4;3,75;1,5;1,375;2658;202;0;
14582;2021.10.04 09:00;4;3,6875;0,875;0,625;2666;202;0;
14583;2021.10.04 09:15;4;3,625;0,1875;-0,125;2671;202;0;
14584;2021.10.04 09:30;4;3,625;0;-0,125;2665;202;0;
14585;2021.10.04 09:45;4;3,5;0,0625;-0,0625;2663;202;0;
14586;2021.10.04 10:00;4;3,4375;0,125;0,0625;2660;202;0;
14587;2021.10.04 10:15;4;3,375;0,0625;-0,125;2657;202;0;
14588;2021.10.04 10:30;4;3,375;0,125;0,125;2659;202;0;
14589;2021.10.04 10:45;4;3,25;0,0625;0;2663;202;0;
14590;2021.10.04 11:00;4;3,25;0,0625;0,125;2664;202;0;
14591;2021.10.04 11:15;4;3,1875;0,125;0,25;2668;202;0;
14592;2021.10.04 11:30;4;3,125;0,25;0,5;2671;202;0;
14593;2021.10.04 11:45;4;3,125;0,375;0,5625;2673;202;0;
14594;2021.10.04 12:00;4;3,125;0,5;0,5625;2676;202;0;
14595;2021.10.04 12:15;4;3,0625;0,375;0,5;2678;202;0;
14596;2021.10.04 12:30;4;3;0,5;0,625;2681;202;0;
14597;2021.10.04 12:45;4;3;0,1875;0,125;2682;202;0;
14598;2021.10.04 13:00;4;3;0,0625;0,0625;2679;202;0;
14599;2021.10.04 13:15;4;3;0,125;0,125;2677;202;0;
14600;2021.10.04 13:30;4;2,9375;0,125;0,25;2676;202;0;
14601;2021.10.04 13:45;4;2,875;0,25;0,4375;2676;202;0;
14602;2021.10.04 14:00;4;2,875;0,25;0,4375;2677;202;0;
14603;2021.10.04 14:15;4;2,875;0,25;0,3125;2677;202;0;
14604;2021.10.04 14:30;4;2,875;0,3125;0,5;2678;202;0;
14605;2021.10.04 14:45;4;2,8125;0,375;0,5625;2678;202;0;
14606;2021.10.04 15:00;4;2,75;0,4375;0,75;2680;202;0;
14607;2021.10.04 15:15;4;2,75;0,375;0,75;2684;202;0;
14608;2021.10.04 15:30;4;2,75;0,4375;0,75;2689;202;0;
14609;2021.10.04 15:45;4;2,75;0,5;1;2696;202;0;
14610;2021.10.04 16:00;4;2,6875;0,625;1,1875;2703;202;0;
14611;2021.10.04 16:15;4;2,6875;0,75;1,375;2711;202;0;
14612;2021.10.04 16:30;4;2,625;0,875;1,5625;2727;202;0;
14613;2021.10.04 16:45;4;2,625;1,125;1,75;2763;202;0;
14614;2021.10.04 17:00;4;2,625;1;1,625;2801;202;0;
14615;2021.10.04 17:15;4;2,625;1;1,6875;2830;202;0;
14616;2021.10.04 17:30;4;2,5625;0,9375;1,375;2850;202;0;
14617;2021.10.04 17:45;4;2,5;0,25;0,5;2857;202;0;
14618;2021.10.04 18:00;4;2,5;0,0625;0,25;2852;202;0;
14619;2021.10.04 18:15;4;2,5;-0,0625;0;2838;202;0;
14620;2021.10.04 18:30;4;2,375;-0,125;-0,25;2828;202;0;
14621;2021.10.04 18:45;4;2,375;-0,125;-0,25;2821;202;0;
14622;2021.10.04 19:00;4;2,375;-0,125;-0,25;2812;202;0;
14623;2021.10.04 19:15;4;2,375;-0,125;-0,25;2801;202;0;
14624;2021.10.04 19:30;4;2,3125;-0,125;-0,25;2786;202;0;
14625;2021.10.04 19:45;4;2,3125;-0,125;-0,25;2776;202;0;
14626;2021.10.04 20:00;4;2,25;-0,125;-0,25;2765;202;0;
14627;2021.10.04 20:15;4;2,25;-0,125;-0,3125;2757;202;0;
14628;2021.10.04 20:30;4;2,25;-0,125;-0,25;2749;202;0;
14629;2021.10.04 20:45;4;2,25;-0,125;-0,25;2743;202;0;
14630;2021.10.04 21:00;4;2,25;-0,125;-0,25;2737;202;0;
14631;2021.10.04 21:15;4;2,25;-0,125;-0,375;2730;202;0;
14632;2021.10.04 21:30;4;2,25;-0,125;-0,25;2722;202;0;
14633;2021.10.04 21:45;4;2,1875;-0,125;-0,375;2717;202;0;
14634;2021.10.04 22:00;4;2,1875;-0,25;-0,8125;2711;202;0;
14635;2021.10.04 22:15;4;2,1875;-0,25;-0,75;2706;202;0;
14636;2021.10.04 22:30;4;2,1875;-0,125;-0,5;2702;202;0;
14637;2021.10.04 22:45;4;2,1875;-0,125;-0,375;2697;202;0;
14638;2021.10.04 23:00;4;2,1875;-0,0625;-0,3125;2693;202;0;
14639;2021.10.04 23:15;4;2,1875;-0,0625;-0,3125;2687;202;0;
14640;2021.10.04 23:30;4;2,125;-0,0625;-0,25;2683;202;0;
14641;2021.10.04 23:45;4;2,125;-0,125;-0,375;2679;202;0;
14642;2021.10.05 00:00;4;2,125;-0,125;-0,5;2676;202;0;
14643;2021.10.05 00:15;4;2,125;-0,0625;-0,25;2673;202;0;
14644;2021.10.05 00:30;4;2,125;-0,125;0;2670;202;0;
14645;2021.10.05 00:45;4;2,125;-0,125;-0,0625;2667;202;0;
14646;2021.10.05 01:00;4;2,125;-0,0625;0;2664;202;0;
14647;2021.10.05 01:15;4;2,125;-0,125;-0,125;2661;202;0;
14648;2021.10.05 01:30;4;2,125;-0,125;-0,375;2658;202;0;
14649;2021.10.05 01:45;4;2,125;-0,0625;0;2656;202;0;
14650;2021.10.05 02:00;4;2,125;0;0;2655;202;0;
14651;2021.10.05 02:15;4;2,125;0;-0,3125;2653;202;0;
14652;2021.10.05 02:30;4;2,125;-0,0625;-0,375;2651;202;0;
14653;2021.10.05 02:45;4;2,125;0;-0,375;2649;202;0;
14654;2021.10.05 03:00;4;2,125;0;-0,125;2648;202;0;
14655;2021.10.05 03:15;4;2,125;-0,0625;-0,5;2646;202;0;
14656;2021.10.05 03:30;4;2,125;-0,125;-0,5;2644;202;0;
14657;2021.10.05 03:45;4;2,125;-0,125;-0,5;2642;202;0;
14658;2021.10.05 04:00;4;2,125;-0,125;-0,625;2640;202;0;
14659;2021.10.05 04:15;4;2,125;-0,125;-0,6875;2639;202;0;
14660;2021.10.05 04:30;4;2,125;-0,125;-0,5625;2637;202;0;
14661;2021.10.05 04:45;4;2,125;0;-0,3125;2636;202;0;
14662;2021.10.05 05:00;4;2,125;0;-0,25;2636;202;0;
14663;2021.10.05 05:15;4;2,125;0;-0,25;2635;202;0;
14664;2021.10.05 05:30;4;2,125;-0,25;-0,8125;2633;202;0;
14665;2021.10.05 05:45;4;2,125;-0,3125;-1,25;2632;202;0;
14666;2021.10.05 06:00;4;2,0625;-0,375;-1;2630;202;0;
14667;2021.10.05 06:15;4;2,125;-0,25;-0,75;2629;202;0;
14668;2021.10.05 06:30;4;2,0625;-0,125;0,875;2628;202;0;
14669;2021.10.05 06:45;4;2,0625;0;0,5625;2628;202;0;
14670;2021.10.05 07:00;4;2,0625;0,125;1,1875;2628;202;0;
14671;2021.10.05 07:15;4;2,125;0,375;3;2626;202;0;
14672;2021.10.05 07:30;4;2,125;0,5;2;2625;202;0;
14673;2021.10.05 07:45;4;2,125;0,5;1,125;2624;202;0;
14674;2021.10.05 08:00;4;2,125;0,75;2;2624;202;0;
14675;2021.10.05 08:15;4;2,125;1,0625;3,625;2624;202;0;
14676;2021.10.05 08:30;4;2,125;1,25;3,875;2625;202;0;
14677;2021.10.05 08:45;4;2,125;1,4375;5;2625;202;0;
14678;2021.10.05 09:00;4;2,125;1,625;5,0625;2626;202;0;
14679;2021.10.05 09:15;4;2,1875;2;4,875;2627;202;0;
14680;2021.10.05 09:30;4;2,25;1,625;3,25;2627;202;0;
14681;2021.10.05 09:45;4;2,25;1,5;2,8125;2628;202;0;
14682;2021.10.05 10:00;4;2,25;1,3125;2,875;2629;202;0;
14683;2021.10.05 10:15;4;2,25;1,5;3,6875;2631;202;0;
14684;2021.10.05 10:30;4;2,25;1,125;2,25;2632;202;0;
14685;2021.10.05 10:45;4;2,25;1,4375;3,0625;2634;202;0;
14686;2021.10.05 11:00;4;2,25;2,375;5,875;2635;202;0;
14687;2021.10.05 11:15;4;2,3125;2,375;5,3125;2638;202;0;
14688;2021.10.05 11:30;4;2,3125;2,75;5,1875;2639;202;0;
14689;2021.10.05 11:45;4;2,375;2,375;4,75;2642;202;0;
14690;2021.10.05 12:00;4;2,375;2,875;4,875;2646;202;0;
14691;2021.10.05 12:15;4;2,375;2,75;5,1875;2651;202;0;
14692;2021.10.05 12:30;4;2,375;2,5;4,6875;2656;202;0;
14693;2021.10.05 12:45;4;2,375;2,25;4,375;2659;202;0;
14694;2021.10.05 13:00;4;2,4375;2,3125;3,625;2662;202;0;
14695;2021.10.05 13:15;4;2,375;1,625;2,375;2664;202;0;
14696;2021.10.05 13:30;4;2,4375;1,6875;2,5625;2665;202;0;
14697;2021.10.05 13:45;4;2,375;2;3,75;2666;202;0;
14698;2021.10.05 14:00;4;2,375;1,75;2,125;2666;202;0;
14699;2021.10.05 14:15;4;2,375;2;3,125;2667;202;0;
14700;2021.10.05 14:30;4;2,375;1,625;2;2668;202;0;
14701;2021.10.05 14:45;4;2,375;0,75;0,375;2668;202;0;
14702;2021.10.05 15:00;4;2,375;0,3125;-0,0625;2667;202;0;
14703;2021.10.05 15:15;4;2,375;0,125;-0,375;2666;202;0;
14704;2021.10.05 15:30;4;2,375;0,3125;0,75;2664;202;0;
14705;2021.10.05 15:45;4;2,3125;0,25;0,375;2662;202;0;
14706;2021.10.05 16:00;4;2,25;0,25;0,125;2661;202;0;
14707;2021.10.05 16:15;4;2,25;0,25;0;2659;202;0;
14708;2021.10.05 16:30;4;2,25;0,25;-0,1875;2657;202;0;
14709;2021.10.05 16:45;4;2,25;0,1875;-0,25;2655;202;0;
14710;2021.10.05 17:00;4;2,1875;0,1875;-0,3125;2652;202;0;
14711;2021.10.05 17:15;4;2,1875;0,1875;-0,5;2650;202;0;
14712;2021.10.05 17:30;4;2,125;0,0625;-1,125;2648;202;0;
14713;2021.10.05 17:45;4;2,125;-0,125;-1,5625;2646;202;0;
14714;2021.10.05 18:00;4;2,125;-0,375;-1,5625;2644;202;0;
14715;2021.10.05 18:15;4;2,125;-0,5;-1,75;2642;202;0;
14716;2021.10.05 18:30;4;2,125;-0,875;-2,375;2640;202;0;
14717;2021.10.05 18:45;4;2,0625;-1,4375;-2,5;2638;202;0;
14718;2021.10.05 19:00;4;2;-1,4375;-2;2636;202;0;
14719;2021.10.05 19:15;4;2;-1;-1,75;2635;202;0;
14720;2021.10.05 19:30;4;2;-0,75;-1,5625;2634;202;0;
14721;2021.10.05 19:45;4;2;-0,75;-1,6875;2632;202;0;
14722;2021.10.05 20:00;4;2;-0,625;-1,5;2631;202;0;
14723;2021.10.05 20:15;4;1,9375;-0,5;-1,5625;2630;202;0;
14724;2021.10.05 20:30;4;1,9375;-0,4375;-1,625;2628;202;0;
14725;2021.10.05 20:45;4;1,9375;-0,4375;-1,6875;2627;202;0;
14726;2021.10.05 21:00;4;1,875;-0,4375;-1,75;2625;202;0;
14727;2021.10.05 21:15;4;1,9375;-0,4375;-1,75;2624;202;0;
14728;2021.10.05 21:30;4;1,875;-0,375;-2,125;2623;202;0;
14729;2021.10.05 21:45;4;1,875;-0,4375;-2,5;2622;202;0;
14730;2021.10.05 22:00;4;1,875;-0,5;-2,625;2621;202;0;
14731;2021.10.05 22:15;4;1,875;-0,5;-2,875;2620;202;0;
14732;2021.10.05 22:30;4;1,875;-0,625;-3;2618;202;0;
14733;2021.10.05 22:45;4;1,875;-0,625;-3,0625;2617;202;0;
14734;2021.10.05 23:00;4;1,875;-0,625;-3,125;2616;202;0;
14735;2021.10.05 23:15;4;1,875;-0,625;-3,1875;2615;202;0;
14736;2021.10.05 23:30;4;1,875;-0,625;-3,375;2614;202;0;
14737;2021.10.05 23:45;4;1,875;-0,625;-3,4375;2613;202;0;
14738;2021.10.06 00:00;4;1,875;-0,625;-3,5;2612;202;0;
14739;2021.10.06 00:15;4;1,875;-0,625;-3,4375;2611;202;0;
14740;2021.10.06 00:30;4;1,875;-0,625;-3,5;2610;202;0;
14741;2021.10.06 00:45;4;1,875;-0,625;-3,5;2609;202;0;
14742;2021.10.06 01:00;4;1,875;-0,625;-3,5625;2608;202;0;
14743;2021.10.06 01:15;4;1,875;-0,625;-3,625;2607;202;0;
14744;2021.10.06 01:30;4;1,875;-0,625;-3,625;2606;202;0;
14745;2021.10.06 01:45;4;1,875;-0,625;-3,75;2605;202;0;
14746;2021.10.06 02:00;4;1,875;-0,625;-3,8125;2605;202;0;
14747;2021.10.06 02:15;4;1,875;-0,625;-3,9375;2604;202;0;
14748;2021.10.06 02:30;4;1,875;-0,625;-4;2603;202;0;
14749;2021.10.06 02:45;4;1,875;-0,625;-4,0625;2602;202;0;
14750;2021.10.06 03:00;4;1,875;-0,6875;-4,0625;2602;202;0;
14751;2021.10.06 03:15;4;1,875;-0,6875;-4,125;2601;202;0;
14752;2021.10.06 03:30;4;1,875;-0,6875;-4,25;2600;202;0;
14753;2021.10.06 03:45;4;1,875;-0,625;-4,25;2599;202;0;
14754;2021.10.06 04:00;4;1,875;-0,75;-4,25;2599;202;0;
14755;2021.10.06 04:15;4;1,875;-0,75;-4,25;2598;202;0;
14756;2021.10.06 04:30;4;1,875;-0,75;-4,25;2597;202;0;
14757;2021.10.06 04:45;4;1,875;-0,75;-4,25;2597;202;0;
14758;2021.10.06 05:00;4;1,875;-0,75;-4,375;2596;202;0;
14759;2021.10.06 05:15;4;1,875;-0,75;-4,625;2595;202;0;
14760;2021.10.06 05:30;4;1,875;-0,8125;-4,75;2594;202;0;
14761;2021.10.06 05:45;4;1,875;-0,875;-4,875;2593;202;0;
14762;2021.10.06 06:00;4;1,875;-0,875;-5;2592;202;0;
14763;2021.10.06 06:15;4;1,875;-1;-5,125;2592;202;0;
14764;2021.10.06 06:30;4;1,875;-1;-5;2591;202;0;
14765;2021.10.06 06:45;4;1,875;-1;-5,125;2590;202;0;
14766;2021.10.06 07:00;4;1,875;-1;-4,625;2590;202;0;
14767;2021.10.06 07:15;4;1,875;-0,875;-4,25;2589;202;0;
14768;2021.10.06 07:30;4;1,875;-0,625;-3,9375;2589;202;0;
14769;2021.10.06 07:45;4;1,875;-0,625;-4,4375;2588;202;0;
14770;2021.10.06 08:00;4;1,875;-0,625;-4,125;2588;202;0;
14771;2021.10.06 08:15;4;1,875;-0,5625;-3,75;2587;202;0;
14772;2021.10.06 08:30;4;1,875;-0,4375;-3,375;2586;202;0;
14773;2021.10.06 08:45;4;1,875;-0,125;-2,375;2586;202;0;
14774;2021.10.06 09:00;4;1,875;0,0625;-1,125;2585;202;0;
14775;2021.10.06 09:15;4;1,875;0,25;-1,75;2585;202;0;
14776;2021.10.06 09:30;4;1,875;0,3125;-1,25;2584;202;0;
14777;2021.10.06 09:45;4;1,875;0,375;-2,125;2584;202;0;
14778;2021.10.06 10:00;4;1,875;0,4375;-1,375;2583;202;0;
14779;2021.10.06 10:15;4;1,875;0,5;-1,9375;2583;202;0;
14780;2021.10.06 10:30;4;1,875;0,5625;-0,125;2583;202;0;
14781;2021.10.06 10:45;4;1,875;0,625;-1,25;2583;202;0;
14782;2021.10.06 11:00;4;1,875;0,625;-0,9375;2583;202;0;
14783;2021.10.06 11:15;4;1,875;0,6875;-1,875;2583;202;0;
14784;2021.10.06 11:30;4;1,9375;0,75;0,125;2583;202;0;
14785;2021.10.06 11:45;4;1,9375;0,75;0,125;2583;202;0;
14786;2021.10.06 12:00;4;1,9375;0,75;-1,5;2584;202;0;
14787;2021.10.06 12:15;4;1,9375;0,75;-0,75;2584;202;0;
14788;2021.10.06 12:30;4;1,9375;0,75;-0,375;2584;202;0;
14789;2021.10.06 12:45;4;1,9375;0,75;-0,375;2584;202;0;
14790;2021.10.06 13:00;4;1,9375;0,75;-2,5;2584;202;0;
14791;2021.10.06 13:15;4;1,9375;0,625;-1,625;2584;202;0;
14792;2021.10.06 13:30;4;1,9375;0,6875;-1,875;2584;202;0;
14793;2021.10.06 13:45;4;1,9375;0,75;-0,75;2584;202;0;
14794;2021.10.06 14:00;4;1,9375;0,6875;-1,375;2585;202;0;
14795;2021.10.06 14:15;4;1,9375;0,5625;-3,375;2585;202;0;
14796;2021.10.06 14:30;4;1,9375;0,3125;-4,5;2585;202;0;
14797;2021.10.06 14:45;4;1,875;0,125;-4,5;2584;202;0;
14798;2021.10.06 15:00;4;1,875;0;-5;2584;202;0;
14799;2021.10.06 15:15;4;1,875;-0,1875;-5;2584;202;0;
14800;2021.10.06 15:30;4;1,875;-0,3125;-4,5625;2584;202;0;
14801;2021.10.06 15:45;4;1,875;-0,375;-4,5;2584;202;0;
14802;2021.10.06 16:00;4;1,875;-0,4375;-4,9375;2584;202;0;
14803;2021.10.06 16:15;4;1,875;-0,5;-5;2584;202;0;
14804;2021.10.06 16:30;4;1,875;-0,5625;-5,5;2584;202;0;
14805;2021.10.06 16:45;4;1,875;-0,75;-5,375;2584;202;0;
14806;2021.10.06 17:00;4;1,875;-1,25;-5,75;2583;202;0;
14807;2021.10.06 17:15;4;1,875;-1,5;-6;2583;202;0;
14808;2021.10.06 17:30;4;1,875;-1,875;-6;2582;202;0;
14809;2021.10.06 17:45;4;1,8125;-2,25;-6,375;2581;202;0;
14810;2021.10.06 18:00;4;1,8125;-2,375;-6,4375;2581;202;0;
14811;2021.10.06 18:15;4;1,75;-2,5;-6;2581;202;0;
14812;2021.10.06 18:30;4;1,75;-2,6875;-6,4375;2580;202;0;
14813;2021.10.06 18:45;4;1,75;-2,75;-6,3125;2580;202;0;
14814;2021.10.06 19:00;4;1,75;-2,875;-6,5;2578;202;0;
14815;2021.10.06 19:15;4;1,75;-2,875;-6,3125;2577;202;0;
14816;2021.10.06 19:30;4;1,75;-2,875;-6,75;2576;202;0;
14817;2021.10.06 19:45;4;1,6875;-3;-6,625;2574;202;0;
14818;2021.10.06 20:00;4;1,6875;-3;-6,375;2573;202;0;
14819;2021.10.06 20:15;4;1,625;-2,75;-6,25;2572;202;0;
14820;2021.10.06 20:30;4;1,625;-2,8125;-6,125;2571;202;0;
14821;2021.10.06 20:45;4;1,625;-2,6875;-6,0625;2571;202;0;
14822;2021.10.06 21:00;4;1,625;-2,625;-6,0625;2570;202;0;
14823;2021.10.06 21:15;4;1,625;-2,625;-5,875;2569;202;0;
14824;2021.10.06 21:30;4;1,625;-2,5;-5,75;2568;202;0;
14825;2021.10.06 21:45;4;1,5625;-2,4375;-5,75;2568;202;0;
14826;2021.10.06 22:00;4;1,5625;-2,5;-5,875;2567;202;0;
14827;2021.10.06 22:15;4;1,5625;-2,625;-6;2566;202;0;
14828;2021.10.06 22:30;4;1,5;-2,9375;-6,625;2564;202;0;
14829;2021.10.06 22:45;4;1,5;-3,25;-6,75;2562;202;0;
14830;2021.10.06 23:00;4;1,5;-3,25;-6,5;2560;202;0;
14831;2021.10.06 23:15;4;1,5;-3;-6,125;2558;202;0;
14832;2021.10.06 23:30;4;1,5;-3;-6,25;2557;202;0;
14833;2021.10.06 23:45;4;1,5;-2,875;-6;2556;202;0;
14834;2021.10.07 00:00;4;1,5;-2,875;-6,125;2555;202;0;
14835;2021.10.07 00:15;4;1,5;-3,125;-6,125;2553;202;0;
14836;2021.10.07 00:30;4;1,5;-3,125;-6,125;2551;202;0;
14837;2021.10.07 00:45;4;1,4375;-3,0625;-6;2550;202;0;
14838;2021.10.07 01:00;4;1,4375;-2,9375;-6;2548;202;0;
14839;2021.10.07 01:15;4;1,375;-3,25;-6,125;2546;202;0;
14840;2021.10.07 01:30;4;1,375;-3,625;-6,25;2543;202;0;
14841;2021.10.07 01:45;4;1,375;-3,9375;-6;2539;202;0;
14842;2021.10.07 02:00;4;1,375;-4,0625;-6,625;2535;202;0;
14843;2021.10.07 02:15;4;1,375;-4;-6,75;2532;202;0;
14844;2021.10.07 02:30;4;1,375;-4,25;-6,5625;2528;202;0;
14845;2021.10.07 02:45;4;1,375;-4,5;-6,625;2523;202;0;
14846;2021.10.07 03:00;4;1,375;-4,5;-6,375;2518;202;0;
14847;2021.10.07 03:15;4;1,375;-4,25;-6,25;2514;202;0;
14848;2021.10.07 03:30;4;1,3125;-4;-6,125;2511;202;0;
14849;2021.10.07 03:45;4;1,3125;-3,875;-6;2508;202;0;
14850;2021.10.07 04:00;4;1,3125;-3,6875;-6;2505;202;0;
14851;2021.10.07 04:15;4;1,25;-3,875;-6,25;2502;202;0;
14852;2021.10.07 04:30;4;1,25;-4,3125;-6,25;2498;202;0;
14853;2021.10.07 04:45;4;1,25;-4,3125;-6,5625;2494;202;0;
14854;2021.10.07 05:00;4;1,25;-4,375;-6,5625;2491;202;0;
14855;2021.10.07 05:15;4;1,25;-4,375;-6,375;2487;202;0;
14856;2021.10.07 05:30;4;1,25;-4,125;-6,375;2485;202;0;
14857;2021.10.07 05:45;4;1,25;-4;-6,5625;2482;202;0;
14858;2021.10.07 06:00;4;1,25;-4,25;-6,625;2479;202;0;
14859;2021.10.07 06:15;4;1,1875;-4,375;-6,1875;2476;202;0;
14860;2021.10.07 06:30;4;1,1875;-3,6875;-3,375;2474;202;0;
14861;2021.10.07 06:45;4;1,1875;-2,6875;-1;2474;202;0;
14862;2021.10.07 07:00;4;1,125;-2;-0,75;2475;202;0;
14863;2021.10.07 07:15;4;1,125;-1,625;0;2477;202;0;
14864;2021.10.07 07:30;4;1,125;-1,375;0;2478;202;0;
14865;2021.10.07 07:45;4;1,125;-0,875;0,75;2481;202;0;
14866;2021.10.07 08:00;4;1,125;-0,5;2,0625;2484;202;0;
14867;2021.10.07 08:15;4;1,125;-0,5625;1,625;2486;202;0;
14868;2021.10.07 08:30;4;1,125;-0,125;2,875;2490;202;0;
14869;2021.10.07 08:45;4;1,125;0,0625;2,9375;2493;202;0;
14870;2021.10.07 09:00;4;1,125;0,25;2,75;2497;202;0;
14871;2021.10.07 09:15;4;1,125;0,375;2,75;2502;202;0;
14872;2021.10.07 09:30;4;1,125;0,5625;3,375;2507;202;0;
14873;2021.10.07 09:45;4;1,125;0,625;3;2512;202;0;
14874;2021.10.07 10:00;4;1,125;0,75;2,5625;2517;202;0;
14875;2021.10.07 10:15;4;1,125;0,6875;1,9375;2523;202;0;
14876;2021.10.07 10:30;4;1,125;0,8125;2,75;2526;202;0;
14877;2021.10.07 10:45;4;1,125;0,9375;3,75;2527;202;0;
14878;2021.10.07 11:00;4;1,125;1,0625;3,75;2529;202;0;
14879;2021.10.07 11:15;4;1,125;1,125;0,8125;2533;202;0;
14880;2021.10.07 11:30;4;1,125;0,75;1,5;2535;202;0;
14881;2021.10.07 11:45;4;1,125;0,9375;1,625;2538;202;0;
14882;2021.10.07 12:00;4;1,125;0,875;2,8125;2541;202;0;
14883;2021.10.07 12:15;4;1,1875;0,875;2,75;2543;202;0;
14884;2021.10.07 12:30;4;1,1875;0,75;1;2545;202;0;
14885;2021.10.07 12:45;4;1,25;0,75;3,875;2546;202;0;
14886;2021.10.07 13:00;4;1,25;0,9375;2,625;2548;202;0;
14887;2021.10.07 13:15;4;1,25;1,0625;2,9375;2549;202;0;
14888;2021.10.07 13:30;4;1,25;1;2,75;2551;202;0;
14889;2021.10.07 13:45;4;1,3125;0,5;-0,125;2553;202;0;
14890;2021.10.07 14:00;4;1,3125;0,1875;0,4375;2554;202;0;
14891;2021.10.07 14:15;4;1,375;0,125;0,1875;2555;202;0;
14892;2021.10.07 14:30;4;1,375;0,125;0,5;2556;202;0;
14893;2021.10.07 14:45;4;1,375;0,25;1;2557;202;0;
14894;2021.10.07 15:00;4;1,375;-0,375;-3,125;2558;202;0;
14895;2021.10.07 15:15;4;1,375;-1,4375;-4,1875;2558;202;0;
14896;2021.10.07 15:30;4;1,375;-2,3125;-5,125;2558;202;0;
14897;2021.10.07 15:45;4;1,375;-2,75;-5,875;2558;202;0;
14898;2021.10.07 16:00;4;1,375;-2,8125;-6;2558;202;0;
14899;2021.10.07 16:15;4;1,375;-3,1875;-6,5;2555;202;0;
14900;2021.10.07 16:30;4;1,375;-3,375;-6,4375;2553;202;0;
14901;2021.10.07 16:45;4;1,375;-3,5625;-6,8125;2551;202;0;
14902;2021.10.07 17:00;4;1,375;-3,75;-7,0625;2550;202;0;
14903;2021.10.07 17:15;4;1,375;-3,625;-6,125;2548;202;0;
14904;2021.10.07 17:30;4;1,3125;-3,75;-6,6875;2546;202;0;
14905;2021.10.07 17:45;4;1,3125;-3,75;-6,5625;2544;202;0;
14906;2021.10.07 18:00;4;1,25;-3,6875;-6,625;2542;202;0;
14907;2021.10.07 18:15;4;1,25;-3,8125;-6,625;2540;202;0;
14908;2021.10.07 18:30;4;1,25;-3,75;-5,875;2538;202;0;
14909;2021.10.07 18:45;4;1,25;-3,5;-4,4375;2536;202;0;
14910;2021.10.07 19:00;4;1,25;-2,75;-1,8125;2535;202;0;
14911;2021.10.07 19:15;4;1,25;-2,375;-1,3125;2534;202;0;
14912;2021.10.07 19:30;4;1,25;-2,3125;-1,1875;2532;202;0;
14913;2021.10.07 19:45;4;1,25;-2,25;-1,1875;2531;202;0;
14914;2021.10.07 20:00;4;1,1875;-2,375;-1,625;2529;202;0;
14915;2021.10.07 20:15;4;1,1875;-2,375;-1;2527;202;0;
14916;2021.10.07 20:30;4;1,1875;-2,0625;-1;2525;202;0;
14917;2021.10.07 20:45;4;1,125;-2,1875;-1,375;2523;202;0;
14918;2021.10.07 21:00;4;1,125;-2,125;-1,625;2522;202;0;
14919;2021.10.07 21:15;4;1,125;-2;-1,5;2521;202;0;
14920;2021.10.07 21:30;4;1,125;-1,875;-1,25;2520;202;0;
14921;2021.10.07 21:45;4;1,125;-2,125;-1,3125;2518;202;0;
14922;2021.10.07 22:00;4;1,125;-2;-1,5625;2517;202;0;
14923;2021.10.07 22:15;4;1,125;-2,125;-1,5625;2516;202;0;
14924;2021.10.07 22:30;4;1,125;-2,25;-1,5625;2515;202;0;
14925;2021.10.07 22:45;4;1,125;-2,25;-1,8125;2513;202;0;
14926;2021.10.07 23:00;4;1,125;-2,25;-1,3125;2511;202;0;
14927;2021.10.07 23:15;4;1,125;-2,125;-1,4375;2510;202;0;
14928;2021.10.07 23:30;4;1,125;-2,125;-2;2509;202;0;
14929;2021.10.07 23:45;4;1,125;-2,125;-1,375;2507;202;0;
14930;2021.10.08 00:00;4;1,0625;-1,75;-1,375;2506;202;0;
14931;2021.10.08 00:15;4;1,0625;-1,875;-1,5;2505;202;0;
14932;2021.10.08 00:30;4;1,0625;-1,75;-1,125;2504;202;0;
14933;2021.10.08 00:45;4;1,0625;-1,75;-1,625;2503;202;0;
14934;2021.10.08 01:00;4;1,0625;-1,875;-1,625;2503;202;0;
14935;2021.10.08 01:15;4;1;-1,9375;-1,9375;2502;202;0;
14936;2021.10.08 01:30;4;1;-1,75;-1,0625;2502;202;0;
14937;2021.10.08 01:45;4;1;-2;-1,6875;2501;202;0;
14938;2021.10.08 02:00;4;1;-1,875;-0,9375;2499;202;0;
14939;2021.10.08 02:15;4;1;-1,75;-0,875;2499;202;0;
14940;2021.10.08 02:30;4;1;-1,625;-0,625;2498;202;0;
14941;2021.10.08 02:45;4;1;-1,625;-1,125;2498;202;0;
14942;2021.10.08 03:00;4;1;-1,625;-0,875;2497;202;0;
14943;2021.10.08 03:15;4;1;-1,625;-0,625;2496;202;0;
14944;2021.10.08 03:30;4;1;-1,5;-0,1875;2496;202;0;
14945;2021.10.08 03:45;4;1;-1,5;-1,0625;2495;202;0;
14946;2021.10.08 04:00;4;1;-1,6875;-0,875;2495;202;0;
14947;2021.10.08 04:15;4;1;-1,625;-1;2494;202;0;
14948;2021.10.08 04:30;4;1;-1,625;-1,0625;2494;202;0;
14949;2021.10.08 04:45;4;1;-1,5625;-0,4375;2493;202;0;
14950;2021.10.08 05:00;4;1;-1,375;-0,125;2492;202;0;
14951;2021.10.08 05:15;4;1;-1;0,1875;2493;202;0;
14952;2021.10.08 05:30;4;1;-1,125;-0,125;2492;202;0;
14953;2021.10.08 05:45;4;1;-1,25;-0,5;2492;202;0;
14954;2021.10.08 06:00;4;1;-1,1875;0,125;2492;202;0;
14955;2021.10.08 06:15;4;1;-0,875;0,375;2492;202;0;
14956;2021.10.08 06:30;4;1;0,125;2,625;2494;202;0;
14957;2021.10.08 06:45;4;1;0,75;3,75;2499;202;0;
14958;2021.10.08 07:00;4;0,9375;1,125;4,5;2504;202;0;
14959;2021.10.08 07:15;4;0,9375;1,5;5,5;2508;202;0;
14960;2021.10.08 07:30;4;0,9375;1,875;6,1875;2511;202;0;
14961;2021.10.08 07:45;4;1;2,25;6,125;2512;202;0;
14962;2021.10.08 08:00;4;0,9375;2,375;6,0625;2517;202;0;
14963;2021.10.08 08:15;4;0,9375;2,875;7,125;2522;202;0;
14964;2021.10.08 08:30;4;0,9375;3,75;8,75;2529;202;0;
14965;2021.10.08 08:45;4;0,9375;4,375;8,625;2536;202;0;
14966;2021.10.08 09:00;4;0,9375;4,5;8,125;2541;202;0;
14967;2021.10.08 09:15;4;0,9375;4,1875;6,5;2544;202;0;
14968;2021.10.08 09:30;4;1;4,9375;7,75;2546;202;0;
14969;2021.10.08 09:45;4;1;6,0625;8,5;2550;202;0;
14970;2021.10.08 10:00;4;1;6,375;8,25;2553;202;0;
14971;2021.10.08 10:15;4;1;7,375;9,75;2557;202;0;
14972;2021.10.08 10:30;4;1,125;6,125;7,5;2559;202;0;
14973;2021.10.08 10:45;4;1,25;6,375;7,4375;2566;202;0;
14974;2021.10.08 11:00;4;1,375;7,375;8,4375;2580;202;0;
14975;2021.10.08 11:15;4;1,5625;8,625;9,4375;2608;202;0;
14976;2021.10.08 11:30;4;1,75;8,625;9,5;2640;202;0;
14977;2021.10.08 11:45;4;1,875;6,875;6,125;2670;202;0;
14978;2021.10.08 12:00;4;2;5,875;6,125;2682;202;0;
14979;2021.10.08 12:15;4;2,125;6,375;7,625;2688;202;0;
14980;2021.10.08 12:30;4;2,1875;5,875;6,3125;2693;202;0;
14981;2021.10.08 12:45;4;2,25;7,5;7,75;2696;202;0;
14982;2021.10.08 13:00;4;2,25;8,5625;9,375;2700;202;0;
14983;2021.10.08 13:15;4;2,375;9,25;9;2707;202;0;
14984;2021.10.08 13:30;4;2,5;10,125;9,0625;2712;202;0;
14985;2021.10.08 13:45;4;2,625;8,875;7,375;2711;202;0;
14986;2021.10.08 14:00;4;2,875;9,875;7,8125;2709;202;0;
14987;2021.10.08 14:15;4;3,0625;9,125;8,4375;2702;202;0;
14988;2021.10.08 14:30;4;3,25;9,375;9,125;2694;202;0;
14989;2021.10.08 14:45;4;3,375;8;6,5;2683;202;0;
14990;2021.10.08 15:00;4;3,5;3,9375;3;2672;202;0;
14991;2021.10.08 15:15;4;3,5;2,5;2,0625;2665;202;0;
14992;2021.10.08 15:30;4;3,5;1,875;1,75;2660;202;0;
14993;2021.10.08 15:45;4;3,4375;1,375;1,25;2655;202;0;
14994;2021.10.08 16:00;4;3,375;0,875;1;2651;202;0;
14995;2021.10.08 16:15;4;3,25;0,5;0,75;2647;202;0;
14996;2021.10.08 16:30;4;3,125;0,125;0,625;2644;202;0;
14997;2021.10.08 16:45;4;3;0,1875;1;2641;202;0;
14998;2021.10.08 17:00;4;2,875;0;0,9375;2637;202;0;
14999;2021.10.08 17:15;4;2,75;-0,0625;0,8125;2635;202;0;
15000;2021.10.08 17:30;4;2,625;0;1,125;2632;202;0;
15001;2021.10.08 17:45;4;2,5;0,125;1,25;2630;202;0;
15002;2021.10.08 18:00;4;2,375;0;1,0625;2628;202;0;
15003;2021.10.08 18:15;4;2,25;0;1;2626;202;0;
15004;2021.10.08 18:30;4;2,125;0;1,125;2624;202;0;
15005;2021.10.08 18:45;4;2,125;-0,25;0,8125;2621;202;0;
15006;2021.10.08 19:00;4;2;-1;-0,25;2619;202;0;
15007;2021.10.08 19:15;4;1,9375;-1,25;-0,625;2617;202;0;
15008;2021.10.08 19:30;4;1,875;-1,5;-0,875;2614;202;0;
15009;2021.10.08 19:45;4;1,875;-1,4375;-0,875;2612;202;0;
15010;2021.10.08 20:00;4;1,75;-1,375;-0,5;2608;202;0;
15011;2021.10.08 20:15;4;1,75;-0,8125;0,5625;2606;202;0;
15012;2021.10.08 20:30;4;1,6875;-0,25;1,25;2604;202;0;
15013;2021.10.08 20:45;4;1,625;-1,0625;-0,5;2602;202;0;
15014;2021.10.08 21:00;4;1,625;-0,9375;0;2600;202;0;
15015;2021.10.08 21:15;4;1,5625;-0,5625;0,6875;2599;202;0;
15016;2021.10.08 21:30;4;1,5;-0,625;0,1875;2597;202;0;
15017;2021.10.08 21:45;4;1,5;-0,625;0,125;2596;202;0;
15018;2021.10.08 22:00;4;1,5;-0,6875;0,0625;2594;202;0;
15019;2021.10.08 22:15;4;1,4375;-0,75;0;2593;202;0;
15020;2021.10.08 22:30;4;1,375;-0,875;-0,5625;2591;202;0;
15021;2021.10.08 22:45;4;1,375;-0,875;-0,6875;2590;202;0;
15022;2021.10.08 23:00;4;1,375;-1,0625;-0,9375;2589;202;0;
15023;2021.10.08 23:15;4;1,375;-1,125;-0,875;2587;202;0;
15024;2021.10.08 23:30;4;1,3125;-1,4375;-1,3125;2585;202;0;
15025;2021.10.08 23:45;4;1,3125;-1,75;-1,125;2580;202;0;
15026;2021.10.09 00:00;4;1,25;-1,625;-0,6875;2577;202;0;
15027;2021.10.09 00:15;4;1,25;-1,5;-0,5;2575;202;0;
15028;2021.10.09 00:30;4;1,25;-1,25;0;2573;202;0;
15029;2021.10.09 00:45;4;1,25;-1,75;-0,8125;2570;202;0;
15030;2021.10.09 01:00;4;1,25;-1,8125;-1;2567;202;0;
15031;2021.10.09 01:15;4;1,1875;-1,75;-0,875;2564;202;0;
15032;2021.10.09 01:30;4;1,1875;-1,625;-0,75;2562;202;0;
15033;2021.10.09 01:45;4;1,125;-1,625;-0,8125;2559;202;0;
15034;2021.10.09 02:00;4;1,125;-1,75;-0,875;2556;202;0;
15035;2021.10.09 02:15;4;1,125;-1,5;-0,625;2554;202;0;
15036;2021.10.09 02:30;4;1,125;-1,8125;-1,3125;2551;202;0;
15037;2021.10.09 02:45;4;1,125;-1,625;-0,625;2549;202;0;
15038;2021.10.09 03:00;4;1,125;-1,5625;-0,8125;2546;202;0;
15039;2021.10.09 03:15;4;1,0625;-1,875;-1,125;2543;202;0;
15040;2021.10.09 03:30;4;1,0625;-2,0625;-1,375;2540;202;0;
15041;2021.10.09 03:45;4;1,0625;-2,25;-1,75;2536;202;0;
15042;2021.10.09 04:00;4;1;-2,125;-1,5;2532;202;0;
15043;2021.10.09 04:15;4;1;-2,5;-2,0625;2527;202;0;
15044;2021.10.09 04:30;4;1;-2,625;-2,25;2522;202;0;
15045;2021.10.09 04:45;4;1;-2,625;-2,125;2518;202;0;
15046;2021.10.09 05:00;4;1;-2,625;-2,1875;2514;202;0;
15047;2021.10.09 05:15;4;1;-2,625;-2,125;2509;202;0;
15048;2021.10.09 05:30;4;0,9375;-2,625;-2,1875;2505;202;0;
15049;2021.10.09 05:45;4;0,9375;-2,5625;-1,875;2501;202;0;
15050;2021.10.09 06:00;4;0,9375;-2,625;-2,1875;2497;202;0;
15051;2021.10.09 06:15;4;0,875;-2,75;-2,25;2493;202;0;
15052;2021.10.09 06:30;4;0,875;-0,0625;2,25;2494;202;0;
15053;2021.10.09 06:45;4;0,875;1,5;4,125;2501;202;0;
15054;2021.10.09 07:00;4;0,875;2,25;5,1875;2511;202;0;
15055;2021.10.09 07:15;4;0,875;3,5;7;2523;202;0;
15056;2021.10.09 07:30;4;0,875;4,3125;6,9375;2538;202;0;
15057;2021.10.09 07:45;4;0,875;3,875;5,125;2550;202;0;
15058;2021.10.09 08:00;4;0,875;4,8125;7;2562;202;0;
15059;2021.10.09 08:15;4;0,875;5,875;7,1875;2573;202;0;
15060;2021.10.09 08:30;4;0,875;6,625;8,375;2580;202;0;
15061;2021.10.09 08:45;4;0,8125;6,5;7,5;2584;202;0;
15062;2021.10.09 09:00;4;0,875;8;8,625;2587;202;0;
15063;2021.10.09 09:15;4;1;7,0625;6,9375;2588;202;0;
15064;2021.10.09 09:30;4;1,125;7,625;7,25;2590;202;0;
15065;2021.10.09 09:45;4;1,375;9,3125;9,375;2593;202;0;
15066;2021.10.09 10:00;4;1,625;8,625;6,625;2594;202;0;
15067;2021.10.09 10:15;4;1,9375;7,875;6,4375;2594;202;0;
15068;2021.10.09 10:30;4;2,25;8,875;6,5;2595;202;0;
15069;2021.10.09 10:45;4;2,5;8,9375;7,125;2597;202;0;
15070;2021.10.09 11:00;4;2,75;9,25;6,75;2598;202;0;
15071;2021.10.09 11:15;4;3;5,375;3,75;2594;202;0;
15072;2021.10.09 11:30;4;3,25;7,125;5,875;2597;202;0;
15073;2021.10.09 11:45;4;3,375;4,0625;2,5625;2595;202;0;
15074;2021.10.09 12:00;4;3,5;4,1875;3,375;2596;202;0;
15075;2021.10.09 12:15;4;3,625;5,0625;4,5;2597;202;0;
15076;2021.10.09 12:30;4;3,625;5,3125;4,125;2598;202;0;
15077;2021.10.09 12:45;4;3,75;4,875;4;2598;202;0;
15078;2021.10.09 13:00;4;3,8125;5,1875;4,625;2599;202;0;
15079;2021.10.09 13:15;4;3,875;6,75;6,0625;2600;202;0;
15080;2021.10.09 13:30;4;4;6,5;5,6875;2600;202;0;
15081;2021.10.09 13:45;4;4,125;5,5;4,25;2598;202;0;
15082;2021.10.09 14:00;4;4,1875;5,875;5;2599;202;0;
15083;2021.10.09 14:15;4;4,25;5,75;4,125;2599;202;0;
15084;2021.10.09 14:30;4;4,3125;7,1875;5,5;2599;202;0;
15085;2021.10.09 14:45;4;4,375;7,6875;5,25;2600;202;0;
15086;2021.10.09 15:00;4;4,5;5,625;3,5625;2598;202;0;
15087;2021.10.09 15:15;4;4,5625;3,9375;1,875;2596;202;0;
15088;2021.10.09 15:30;4;4,625;3,1875;1,375;2595;202;0;
15089;2021.10.09 15:45;4;4,625;2,875;1,375;2594;202;0;
15090;2021.10.09 16:00;4;4,625;2,1875;1,1875;2594;202;0;
15091;2021.10.09 16:15;4;4,5;2,25;1,3125;2594;202;0;
15092;2021.10.09 16:30;4;4,5;2,25;1,25;2593;202;0;
15093;2021.10.09 16:45;4;4,375;1,375;0,5;2592;202;0;
15094;2021.10.09 17:00;4;4,3125;1,25;0,5;2591;202;0;
15095;2021.10.09 17:15;4;4,25;1,375;0,75;2591;202;0;
15096;2021.10.09 17:30;4;4,125;1,5;0,6875;2590;202;0;
15097;2021.10.09 17:45;4;4;1,125;0,375;2589;202;0;
15098;2021.10.09 18:00;4;3,9375;0,875;0,3125;2588;202;0;
15099;2021.10.09 18:15;4;3,875;0,8125;0,1875;2588;202;0;
15100;2021.10.09 18:30;4;3,75;0,625;0,1875;2587;202;0;
15101;2021.10.09 18:45;4;3,6875;0,5;0;2586;202;0;
15102;2021.10.09 19:00;4;3,625;-0,125;-0,375;2584;202;0;
15103;2021.10.09 19:15;4;3,5;-0,5;-0,75;2583;202;0;
15104;2021.10.09 19:30;4;3,375;-1;-0,9375;2583;202;0;
15105;2021.10.09 19:45;4;3,25;-1,125;-1,3125;2582;202;0;
15106;2021.10.09 20:00;4;3,1875;-1,375;-1,5625;2581;202;0;
15107;2021.10.09 20:15;4;3,0625;-0,75;-1,125;2582;202;0;
15108;2021.10.09 20:30;4;3;-0,75;-1,4375;2581;202;0;
15109;2021.10.09 20:45;4;2,875;-1,5;-1,375;2580;202;0;
15110;2021.10.09 21:00;4;2,75;-0,875;-0,5;2580;202;0;
15111;2021.10.09 21:15;4;2,6875;-0,75;-0,1875;2579;202;0;
15112;2021.10.09 21:30;4;2,625;-1;-0,5;2578;202;0;
15113;2021.10.09 21:45;4;2,5;-0,875;-0,25;2577;202;0;
15114;2021.10.09 22:00;4;2,5;-1,25;-0,75;2576;202;0;
15115;2021.10.09 22:15;4;2,375;-1,375;-0,75;2575;202;0;
15116;2021.10.09 22:30;4;2,3125;-1,625;-1;2574;202;0;
15117;2021.10.09 22:45;4;2,25;-1,5625;-0,875;2572;202;0;
15118;2021.10.09 23:00;4;2,1875;-1,625;-0,875;2571;202;0;
15119;2021.10.09 23:15;4;2,125;-1,875;-1,25;2569;202;0;
15120;2021.10.09 23:30;4;2,0625;-2,75;-2,5;2563;202;0;
15121;2021.10.09 23:45;4;2;-2,75;-2,4375;2560;202;0;
15122;2021.10.10 00:00;4;2;-3,125;-3,125;2557;202;0;
15123;2021.10.10 00:15;4;1,9375;-3,625;-3,8125;2552;202;0;
15124;2021.10.10 00:30;4;1,875;-3,375;-4,125;2548;202;0;
15125;2021.10.10 00:45;4;1,875;-2,25;-2,9375;2546;202;0;
15126;2021.10.10 01:00;4;1,75;-2;-2,75;2545;202;0;
15127;2021.10.10 01:15;4;1,75;-2;-2,8125;2544;202;0;
15128;2021.10.10 01:30;4;1,75;-1,9375;-3;2543;202;0;
15129;2021.10.10 01:45;4;1,6875;-2;-2,875;2542;202;0;
15130;2021.10.10 02:00;4;1,625;-1,875;-2,75;2541;202;0;
15131;2021.10.10 02:15;4;1,625;-1,875;-2,625;2540;202;0;
15132;2021.10.10 02:30;4;1,625;-1,875;-2,5;2539;202;0;
15133;2021.10.10 02:45;4;1,5625;-2,8125;-3,6875;2536;202;0;
15134;2021.10.10 03:00;4;1,5;-2,875;-3,625;2533;202;0;
15135;2021.10.10 03:15;4;1,5;-3,25;-3,9375;2529;202;0;
15136;2021.10.10 03:30;4;1,5;-3,5;-3,875;2524;202;0;
15137;2021.10.10 03:45;4;1,4375;-3,625;-4;2520;202;0;
15138;2021.10.10 04:00;4;1,4375;-3,625;-4;2515;202;0;
15139;2021.10.10 04:15;4;1,375;-3,75;-4;2511;202;0;
15140;2021.10.10 04:30;4;1,375;-4;-4,375;2506;202;0;
15141;2021.10.10 04:45;4;1,375;-3,75;-4;2501;202;0;
15142;2021.10.10 05:00;4;1,375;-4;-4,25;2497;202;0;
15143;2021.10.10 05:15;4;1,3125;-4,25;-4,625;2492;202;0;
15144;2021.10.10 05:30;4;1,25;-4,4375;-4,875;2486;202;0;
15145;2021.10.10 05:45;4;1,25;-4,25;-4,375;2481;202;0;
15146;2021.10.10 06:00;4;1,25;-4,0625;-4;2476;202;0;
15147;2021.10.10 06:15;4;1,25;-3,875;-3,5;2472;202;0;
15148;2021.10.10 06:30;4;1,1875;-1,375;0,5;2472;202;0;
15149;2021.10.10 06:45;4;1,125;0,375;2,875;2476;202;0;
15150;2021.10.10 07:00;4;1,125;1,375;3,125;2485;202;0;
15151;2021.10.10 07:15;4;1,125;2,4375;4,75;2495;202;0;
15152;2021.10.10 07:30;4;1,125;3,25;5,9375;2507;202;0;
15153;2021.10.10 07:45;4;1,125;3,875;5,5625;2518;202;0;
15154;2021.10.10 08:00;4;1,0625;4,25;5;2530;202;0;
15155;2021.10.10 08:15;4;1,0625;4,75;5;2541;202;0;
15156;2021.10.10 08:30;4;1,0625;5,125;5;2550;202;0;
15157;2021.10.10 08:45;4;1;5,5625;5,5;2556;202;0;
15158;2021.10.10 09:00;4;1,0625;6,25;5,6875;2559;202;0;
15159;2021.10.10 09:15;4;1,125;7;6,4375;2562;202;0;
15160;2021.10.10 09:30;4;1,375;8,25;6,875;2564;202;0;
15161;2021.10.10 09:45;4;1,5625;8,625;6,125;2565;202;0;
15162;2021.10.10 10:00;4;1,875;8,75;6,625;2566;202;0;
15163;2021.10.10 10:15;4;2,125;8,875;5,375;2566;202;0;
15164;2021.10.10 10:30;4;2,4375;9,625;6,4375;2567;202;0;
15165;2021.10.10 10:45;4;2,75;9,75;6,5625;2567;202;0;
15166;2021.10.10 11:00;4;3,0625;9,9375;6,75;2567;202;0;
15167;2021.10.10 11:15;4;3,375;10,5;7,5;2567;202;0;
15168;2021.10.10 11:30;4;3,6875;10,1875;6,9375;2568;202;0;
15169;2021.10.10 11:45;4;4;10,125;7;2569;202;0;
15170;2021.10.10 12:00;4;4,3125;10,5;7,5;2570;202;0;
15171;2021.10.10 12:15;4;4,625;10,875;7,4375;2570;202;0;
15172;2021.10.10 12:30;4;4,9375;10,625;6,375;2571;202;0;
15173;2021.10.10 12:45;4;5,25;10,75;7,0625;2572;202;0;
15174;2021.10.10 13:00;4;5,5;10,625;7,125;2573;202;0;
15175;2021.10.10 13:15;4;5,75;10,8125;6,625;2573;202;0;
15176;2021.10.10 13:30;4;5,9375;10,375;6,5;2572;202;0;
15177;2021.10.10 13:45;4;6,125;10,5;7,1875;2573;202;0;
15178;2021.10.10 14:00;4;6,25;10,875;7,75;2572;202;0;
15179;2021.10.10 14:15;4;6,4375;10,1875;6,5;2571;202;0;
15180;2021.10.10 14:30;4;6,5;9,1875;5,5;2569;202;0;
15181;2021.10.10 14:45;4;6,625;5,0625;1,75;2564;202;0;
15182;2021.10.10 15:00;4;6,625;1,6875;-0,25;2560;202;0;
15183;2021.10.10 15:15;4;6,5;0,625;-0,75;2559;202;0;
15184;2021.10.10 15:30;4;6,375;-0,1875;-1,1875;2558;202;0;
15185;2021.10.10 15:45;4;6,1875;-0,75;-1,625;2556;202;0;
15186;2021.10.10 16:00;4;6;-0,9375;-1,875;2555;202;0;
15187;2021.10.10 16:15;4;5,75;-1,25;-2;2554;202;0;
15188;2021.10.10 16:30;4;5,5;-0,75;-1,625;2554;202;0;
15189;2021.10.10 16:45;4;5,25;-0,8125;-1,875;2553;202;0;
15190;2021.10.10 17:00;4;5,125;-0,5625;-1,75;2552;202;0;
15191;2021.10.10 17:15;4;4,875;-0,625;-1,8125;2552;202;0;
15192;2021.10.10 17:30;4;4,75;-0,625;-1,625;2550;202;0;
15193;2021.10.10 17:45;4;4,625;-0,625;-1,625;2550;202;0;
15194;2021.10.10 18:00;4;4,5;-0,875;-1,875;2549;202;0;
15195;2021.10.10 18:15;4;4,3125;-1,0625;-2;2549;202;0;
15196;2021.10.10 18:30;4;4,1875;-1,625;-2,4375;2548;202;0;
15197;2021.10.10 18:45;4;4,125;-1,625;-2,25;2547;202;0;
15198;2021.10.10 19:00;4;3,9375;-2,25;-2,75;2547;202;0;
15199;2021.10.10 19:15;4;3,8125;-2,25;-2,8125;2546;202;0;
15200;2021.10.10 19:30;4;3,6875;-2,375;-2,125;2546;202;0;
15201;2021.10.10 19:45;4;3,5625;-2,75;-2,75;2544;202;0;
15202;2021.10.10 20:00;4;3,4375;-2,875;-2,9375;2543;202;0;
15203;2021.10.10 20:15;4;3,3125;-2,625;-1,625;2542;202;0;
15204;2021.10.10 20:30;4;3,25;-3,25;-3,25;2540;202;0;
15205;2021.10.10 20:45;4;3,125;-3,3125;-3,0625;2535;202;0;
15206;2021.10.10 21:00;4;3;-3,5;-3,625;2533;202;0;
15207;2021.10.10 21:15;4;2,875;-3,5;-3,5;2530;202;0;
15208;2021.10.10 21:30;4;2,8125;-3,625;-3,75;2527;202;0;
15209;2021.10.10 21:45;4;2,75;-3,625;-3,75;2524;202;0;
15210;2021.10.10 22:00;4;2,625;-3,8125;-4;2520;202;0;
15211;2021.10.10 22:15;4;2,5625;-3,875;-4,125;2517;202;0;
15212;2021.10.10 22:30;4;2,5;-3,75;-3,625;2514;202;0;
15213;2021.10.10 22:45;4;2,4375;-3,625;-3,625;2511;202;0;
15214;2021.10.10 23:00;4;2,375;-3,875;-3,875;2507;202;0;
15215;2021.10.10 23:15;4;2,25;-4;-4,125;2503;202;0;
15216;2021.10.10 23:30;4;2,25;-3,5;-3,125;2500;202;0;
15217;2021.10.10 23:45;4;2,1875;-3,6875;-3,375;2496;202;0;
15218;2021.10.11 00:00;4;2,125;-3,25;-2,5;2493;202;0;
15219;2021.10.11 00:15;4;2,0625;-3,5;-3,0625;2490;202;0;
15220;2021.10.11 00:30;4;2;-3,5;-3;2487;202;0;
15221;2021.10.11 00:45;4;2;-3,1875;-2,375;2484;202;0;
15222;2021.10.11 01:00;4;1,875;-3,1875;-2,125;2481;202;0;
15223;2021.10.11 01:15;4;1,875;-2,375;-1;2479;202;0;
15224;2021.10.11 01:30;4;1,8125;-3,25;-2,375;2476;202;0;
15225;2021.10.11 01:45;4;1,75;-3,625;-3;2472;202;0;
15226;2021.10.11 02:00;4;1,75;-3,75;-3,125;2468;202;0;
15227;2021.10.11 02:15;4;1,6875;-3,8125;-3;2463;202;0;
15228;2021.10.11 02:30;4;1,625;-3,6875;-2,875;2459;202;0;
15229;2021.10.11 02:45;4;1,625;-2,4375;-0,1875;2456;202;0;
15230;2021.10.11 03:00;4;1,5625;-3,25;-2,375;2453;202;0;
15231;2021.10.11 03:15;4;1,5;-3;-1,5625;2449;202;0;
15232;2021.10.11 03:30;4;1,5;-3,125;-1,8125;2446;202;0;
15233;2021.10.11 03:45;4;1,4375;-3,25;-2,25;2442;202;0;
15234;2021.10.11 04:00;4;1,375;-3,125;-1,9375;2438;202;0;
15235;2021.10.11 04:15;4;1,375;-2,875;-1,625;2434;202;0;
15236;2021.10.11 04:30;4;1,375;-2,9375;-1,75;2430;202;0;
15237;2021.10.11 04:45;4;1,3125;-3;-1,875;2426;202;0;
15238;2021.10.11 05:00;4;1,25;-2,875;-1,5625;2421;202;0;
15239;2021.10.11 05:15;4;1,25;-2,75;-1,375;2417;202;0;
15240;2021.10.11 05:30;4;1,25;-2,375;-0,8125;2413;202;0;
15241;2021.10.11 05:45;4;1,1875;-2,625;-1,25;2409;202;0;
15242;2021.10.11 06:00;4;1,125;-2,375;-1;2406;202;0;
15243;2021.10.11 06:15;4;1,125;-2,25;-1;2403;202;0;
15244;2021.10.11 06:30;4;1,125;0,5;2,5625;2404;202;0;
15245;2021.10.11 06:45;4;1,0625;2,25;4,6875;2409;202;0;
15246;2021.10.11 07:00;4;1,0625;3,5625;6,625;2419;202;0;
15247;2021.10.11 07:15;4;1;4,5;7,25;2427;202;0;
15248;2021.10.11 07:30;4;1;5,25;8,375;2437;202;0;
15249;2021.10.11 07:45;4;1;5,625;7,375;2448;202;0;
15250;2021.10.11 08:00;4;1;6,25;8,5625;2460;202;0;
15251;2021.10.11 08:15;4;1;6,625;7,5;2472;202;0;
15252;2021.10.11 08:30;4;1;7,375;8,75;2483;202;0;
15253;2021.10.11 08:45;4;0,9375;8,25;9,25;2495;202;0;
15254;2021.10.11 09:00;4;0,9375;8;8,125;2506;202;0;
15255;2021.10.11 09:15;4;0,9375;8,875;8,75;2516;202;0;
15256;2021.10.11 09:30;4;0,875;9,375;8,75;2523;202;0;
15257;2021.10.11 09:45;4;1;9,5;8,625;2526;202;0;
15258;2021.10.11 10:00;4;1,125;10,875;9,875;2528;202;0;
15259;2021.10.11 10:15;4;1,25;11,375;10,4375;2529;202;0;
15260;2021.10.11 10:30;4;1,5;11,25;9,1875;2529;202;0;
15261;2021.10.11 10:45;4;1,8125;12,375;10,75;2530;202;0;
15262;2021.10.11 11:00;4;2,125;12,25;10,375;2530;202;0;
15263;2021.10.11 11:15;4;2,375;12,875;11,125;2530;202;0;
15264;2021.10.11 11:30;4;2,625;13,1875;11,25;2531;202;0;
15265;2021.10.11 11:45;4;2,9375;13,125;11,0625;2530;202;0;
15266;2021.10.11 12:00;4;3,25;13,1875;11;2531;202;0;
15267;2021.10.11 12:15;4;3,5;13;10,5625;2531;202;0;
15268;2021.10.11 12:30;4;3,75;12,75;9,75;2531;202;0;
15269;2021.10.11 12:45;4;4,0625;11,9375;8,75;2532;202;0;
15270;2021.10.11 13:00;4;4,3125;11,6875;8,6875;2533;202;0;
15271;2021.10.11 13:15;4;4,5625;12;9,0625;2534;202;0;
15272;2021.10.11 13:30;4;4,8125;12;8,9375;2535;202;0;
15273;2021.10.11 13:45;4;5;11,25;7,8125;2535;202;0;
15274;2021.10.11 14:00;4;5,1875;11,125;8;2535;202;0;
15275;2021.10.11 14:15;4;5,375;10,5;7,375;2534;202;0;
15276;2021.10.11 14:30;4;5,5;9,875;6,75;2533;202;0;
15277;2021.10.11 14:45;4;5,625;5,375;3;2528;202;0;
15278;2021.10.11 15:00;4;5,625;2,9375;2;2525;202;0;
15279;2021.10.11 15:15;4;5,625;2;1,9375;2524;202;0;
15280;2021.10.11 15:30;4;5,5;1,25;1,25;2524;202;0;
15281;2021.10.11 15:45;4;5,3125;0,875;0,875;2523;202;0;
15282;2021.10.11 16:00;4;5,125;0,4375;0,625;2522;202;0;
15283;2021.10.11 16:15;4;4,9375;-0,0625;0,4375;2521;202;0;
15284;2021.10.11 16:30;4;4,75;-0,125;0,75;2520;202;0;
15285;2021.10.11 16:45;4;4,5625;-0,5;0,4375;2519;202;0;
15286;2021.10.11 17:00;4;4,375;-1;-0,125;2518;202;0;
15287;2021.10.11 17:15;4;4,1875;-1,3125;-0,375;2517;202;0;
15288;2021.10.11 17:30;4;4;-1,8125;-1,25;2516;202;0;
15289;2021.10.11 17:45;4;3,8125;-2,3125;-2;2516;202;0;
15290;2021.10.11 18:00;4;3,625;-2,4375;-2,0625;2515;202;0;
15291;2021.10.11 18:15;4;3,5;-2,3125;-1,75;2515;202;0;
15292;2021.10.11 18:30;4;3,375;-2,375;-1,8125;2514;202;0;
15293;2021.10.11 18:45;4;3,25;-2,5625;-2,125;2513;202;0;
15294;2021.10.11 19:00;4;3,125;-2,375;-1,6875;2511;202;0;
15295;2021.10.11 19:15;4;3;-2,25;-1,375;2510;202;0;
15296;2021.10.11 19:30;4;2,875;-2,0625;-1,125;2508;202;0;
15297;2021.10.11 19:45;4;2,75;-1,25;0,375;2508;202;0;
15298;2021.10.11 20:00;4;2,6875;-1,375;0,25;2506;202;0;
15299;2021.10.11 20:15;4;2,625;-1,6875;-0,5;2505;202;0;
15300;2021.10.11 20:30;4;2,5;-1,625;-0,125;2503;202;0;
15301;2021.10.11 20:45;4;2,4375;-1,6875;-0,125;2502;202;0;
15302;2021.10.11 21:00;4;2,375;-1,375;0,125;2500;202;0;
15303;2021.10.11 21:15;4;2,3125;-1,625;-0,4375;2498;202;0;
15304;2021.10.11 21:30;4;2,25;-1,375;-0,1875;2498;202;0;
15305;2021.10.11 21:45;4;2,1875;-0,875;0,375;2497;202;0;
15306;2021.10.11 22:00;4;2,125;-0,25;1,125;2498;202;0;
15307;2021.10.11 22:15;4;2,0625;-1,1875;-0,25;2496;202;0;
15308;2021.10.11 22:30;4;2;-1,4375;-0,375;2493;202;0;
15309;2021.10.11 22:45;4;2;-0,875;0,375;2493;202;0;
15310;2021.10.11 23:00;4;1,9375;-1,1875;-0,375;2491;202;0;
15311;2021.10.11 23:15;4;1,875;-1,5;-0,6875;2489;202;0;
15312;2021.10.11 23:30;4;1,875;-2;-1,3125;2485;202;0;
15313;2021.10.11 23:45;4;1,8125;-2,25;-1,4375;2482;202;0;
15314;2021.10.12 00:00;4;1,75;-2,25;-1,3125;2479;202;0;
15315;2021.10.12 00:15;4;1,75;-2,3125;-1,375;2476;202;0;
15316;2021.10.12 00:30;4;1,6875;-2,6875;-2,0625;2473;202;0;
15317;2021.10.12 00:45;4;1,625;-2,6875;-1,875;2469;202;0;
15318;2021.10.12 01:00;4;1,625;-2,125;-1,125;2467;202;0;
15319;2021.10.12 01:15;4;1,625;-2,25;-1,5;2464;202;0;
15320;2021.10.12 01:30;4;1,5625;-2,5;-1,625;2462;202;0;
15321;2021.10.12 01:45;4;1,5;-2,75;-1,875;2459;202;0;
15322;2021.10.12 02:00;4;1,5;-2,375;-1,5;2456;202;0;
15323;2021.10.12 02:15;4;1,5;-2,25;-1,375;2454;202;0;
15324;2021.10.12 02:30;4;1,4375;-2,375;-1,75;2451;202;0;
15325;2021.10.12 02:45;4;1,375;-2,625;-2;2448;202;0;
15326;2021.10.12 03:00;4;1,375;-2,25;-1,25;2446;202;0;
15327;2021.10.12 03:15;4;1,375;-2,0625;-1,375;2443;202;0;
15328;2021.10.12 03:30;4;1,3125;-2,125;-1,4375;2441;202;0;
15329;2021.10.12 03:45;4;1,25;-2,5625;-2;2437;202;0;
15330;2021.10.12 04:00;4;1,25;-3,125;-2,5;2433;202;0;
15331;2021.10.12 04:15;4;1,25;-3,625;-3,25;2428;202;0;
15332;2021.10.12 04:30;4;1,25;-3,875;-3,5;2423;202;0;
15333;2021.10.12 04:45;4;1,1875;-3,875;-3,375;2418;202;0;
15334;2021.10.12 05:00;4;1,125;-2,875;-1,375;2415;202;0;
15335;2021.10.12 05:15;4;1,125;-2,375;-0,75;2412;202;0;
15336;2021.10.12 05:30;4;1,125;-3;-1,875;2408;202;0;
15337;2021.10.12 05:45;4;1,125;-3,25;-2,125;2404;202;0;
15338;2021.10.12 06:00;4;1,0625;-3,25;-2,5;2401;202;0;
15339;2021.10.12 06:15;4;1;-2,75;-1,75;2398;202;0;
15340;2021.10.12 06:30;4;1;-0,375;1,125;2399;202;0;
15341;2021.10.12 06:45;4;1;0,875;2,25;2403;202;0;
15342;2021.10.12 07:00;4;1;2,125;4,625;2411;202;0;
15343;2021.10.12 07:15;4;1;3,375;5,75;2420;202;0;
15344;2021.10.12 07:30;4;0,9375;4,75;6,75;2431;202;0;
15345;2021.10.12 07:45;4;0,9375;5;5,9375;2440;202;0;
15346;2021.10.12 08:00;4;0,9375;5,4375;6,8125;2451;202;0;
15347;2021.10.12 08:15;4;0,875;5,6875;6;2461;202;0;
15348;2021.10.12 08:30;4;0,875;6,1875;6,3125;2471;202;0;
15349;2021.10.12 08:45;4;0,875;6,5;6;2480;202;0;
15350;2021.10.12 09:00;4;0,875;6,5;5,5;2489;202;0;
15351;2021.10.12 09:15;4;0,875;7,625;7,0625;2497;202;0;
15352;2021.10.12 09:30;4;0,875;7,875;6;2500;202;0;
15353;2021.10.12 09:45;4;1;8,6875;7,125;2503;202;0;
15354;2021.10.12 10:00;4;1,125;9,625;7,625;2505;202;0;
15355;2021.10.12 10:15;4;1,3125;9,5;6,625;2505;202;0;
15356;2021.10.12 10:30;4;1,5625;9,8125;7,25;2506;202;0;
15357;2021.10.12 10:45;4;1,875;10;7;2507;202;0;
15358;2021.10.12 11:00;4;2,125;10,625;7,375;2507;202;0;
15359;2021.10.12 11:15;4;2,375;10,75;7,25;2507;202;0;
15360;2021.10.12 11:30;4;2,625;10,75;7;2508;202;0;
15361;2021.10.12 11:45;4;2,875;10,75;7,25;2508;202;0;
15362;2021.10.12 12:00;4;3,125;10,75;7;2509;202;0;
15363;2021.10.12 12:15;4;3,375;10,125;6,5625;2509;202;0;
15364;2021.10.12 12:30;4;3,625;10,1875;6,5;2510;202;0;
15365;2021.10.12 12:45;4;3,8125;10,5;6,75;2512;202;0;
15366;2021.10.12 13:00;4;4;10;6,625;2512;202;0;
15367;2021.10.12 13:15;4;4,25;9,375;5,625;2512;202;0;
15368;2021.10.12 13:30;4;4,4375;8,25;4,75;2512;202;0;
15369;2021.10.12 13:45;4;4,5625;8,625;5,25;2513;202;0;
15370;2021.10.12 14:00;4;4,6875;7,75;4,375;2512;202;0;
15371;2021.10.12 14:15;4;4,75;7,3125;4,3125;2512;202;0;
15372;2021.10.12 14:30;4;4,8125;7;4,0625;2511;202;0;
15373;2021.10.12 14:45;4;4,875;2,1875;0,5;2505;202;0;
15374;2021.10.12 15:00;4;4,8125;0,4375;-0,125;2503;202;0;
15375;2021.10.12 15:15;4;4,75;-0,0625;-0,25;2502;202;0;
15376;2021.10.12 15:30;4;4,625;-0,625;-0,9375;2502;202;0;
15377;2021.10.12 15:45;4;4,375;-1;-1,3125;2500;202;0;
15378;2021.10.12 16:00;4;4,25;-1,1875;-1,25;2500;202;0;
15379;2021.10.12 16:15;4;4,0625;-1,1875;-1;2499;202;0;
15380;2021.10.12 16:30;4;3,875;-1,5625;-1,5;2498;202;0;
15381;2021.10.12 16:45;4;3,75;-1,75;-1,5;2497;202;0;
15382;2021.10.12 17:00;4;3,5625;-2;-1,9375;2496;202;0;
15383;2021.10.12 17:15;4;3,375;-2,5;-2,5;2496;202;0;
15384;2021.10.12 17:30;4;3,25;-3;-3,25;2494;202;0;
15385;2021.10.12 17:45;4;3,125;-3,375;-4,125;2490;202;0;
15386;2021.10.12 18:00;4;3;-3,25;-4,0625;2488;202;0;
15387;2021.10.12 18:15;4;2,875;-2,875;-4;2487;202;0;
15388;2021.10.12 18:30;4;2,75;-2,5625;-3,5;2486;202;0;
15389;2021.10.12 18:45;4;2,625;-2,375;-3,125;2485;202;0;
15390;2021.10.12 19:00;4;2,5625;-2,4375;-3,0625;2483;202;0;
15391;2021.10.12 19:15;4;2,5;-2,625;-3,25;2482;202;0;
15392;2021.10.12 19:30;4;2,375;-2,75;-3,4375;2480;202;0;
15393;2021.10.12 19:45;4;2,375;-2,625;-3,4375;2479;202;0;
15394;2021.10.12 20:00;4;2,25;-3;-3,9375;2477;202;0;
15395;2021.10.12 20:15;4;2,25;-3,5625;-4,1875;2474;202;0;
15396;2021.10.12 20:30;4;2,125;-3,375;-4;2471;202;0;
15397;2021.10.12 20:45;4;2,125;-2,625;-3,5;2470;202;0;
15398;2021.10.12 21:00;4;2,0625;-2,625;-3,6875;2469;202;0;
15399;2021.10.12 21:15;4;2;-2,625;-3,625;2467;202;0;
15400;2021.10.12 21:30;4;1,9375;-2,75;-3,75;2466;202;0;
15401;2021.10.12 21:45;4;1,875;-3,125;-4,125;2464;202;0;
15402;2021.10.12 22:00;4;1,875;-3,75;-4,4375;2460;202;0;
15403;2021.10.12 22:15;4;1,8125;-3,625;-4,3125;2457;202;0;
15404;2021.10.12 22:30;4;1,75;-3,625;-4,375;2454;202;0;
15405;2021.10.12 22:45;4;1,75;-3,5;-4,375;2452;202;0;
15406;2021.10.12 23:00;4;1,75;-3,5;-4,375;2451;202;0;
15407;2021.10.12 23:15;4;1,6875;-3,25;-4,125;2449;202;0;
15408;2021.10.12 23:30;4;1,625;-3,1875;-4,125;2448;202;0;
15409;2021.10.12 23:45;4;1,625;-3,1875;-4,25;2446;202;0;
15410;2021.10.13 00:00;4;1,625;-3,1875;-4,125;2445;202;0;
15411;2021.10.13 00:15;4;1,5625;-3,25;-4,25;2443;202;0;
15412;2021.10.13 00:30;4;1,5;-3,25;-4,125;2441;202;0;
15413;2021.10.13 00:45;4;1,5;-3,3125;-4,1875;2439;202;0;
15414;2021.10.13 01:00;4;1,5;-3,5;-4,25;2437;202;0;
15415;2021.10.13 01:15;4;1,4375;-3,4375;-4,375;2435;202;0;
15416;2021.10.13 01:30;4;1,375;-3,6875;-4,5;2432;202;0;
15417;2021.10.13 01:45;4;1,375;-4,125;-4,75;2429;202;0;
15418;2021.10.13 02:00;4;1,375;-4,5625;-5,125;2425;202;0;
15419;2021.10.13 02:15;4;1,375;-4,875;-5,5;2420;202;0;
15420;2021.10.13 02:30;4;1,3125;-5,25;-6;2416;202;0;
15421;2021.10.13 02:45;4;1,3125;-4,875;-5,625;2413;202;0;
15422;2021.10.13 03:00;4;1,25;-4,125;-5,125;2410;202;0;
15423;2021.10.13 03:15;4;1,25;-3,8125;-5,125;2408;202;0;
15424;2021.10.13 03:30;4;1,25;-3,8125;-5;2406;202;0;
15425;2021.10.13 03:45;4;1,1875;-3,75;-5;2405;202;0;
15426;2021.10.13 04:00;4;1,1875;-3,875;-5,125;2402;202;0;
15427;2021.10.13 04:15;4;1,125;-3,875;-5,0625;2401;202;0;
15428;2021.10.13 04:30;4;1,125;-3,875;-5,125;2399;202;0;
15429;2021.10.13 04:45;4;1,125;-4,8125;-5,875;2395;202;0;
15430;2021.10.13 05:00;4;1,125;-4,875;-5,75;2392;202;0;
15431;2021.10.13 05:15;4;1,125;-4,75;-5,75;2389;202;0;
15432;2021.10.13 05:30;4;1,0625;-4,8125;-5,75;2386;202;0;
15433;2021.10.13 05:45;4;1;-5,0625;-5,75;2381;202;0;
15434;2021.10.13 06:00;4;1;-4,3125;-5,375;2379;202;0;
15435;2021.10.13 06:15;4;1;-4,1875;-5,375;2377;202;0;
15436;2021.10.13 06:30;4;1;-4,25;-5,4375;2375;202;0;
15437;2021.10.13 06:45;4;1;-4,75;-5,75;2372;202;0;
15438;2021.10.13 07:00;4;0,9375;-3,375;-3,75;2371;202;0;
15439;2021.10.13 07:15;4;0,9375;-2,25;-3,0625;2372;202;0;
15440;2021.10.13 07:30;4;0,875;-1,3125;-1,625;2374;202;0;
15441;2021.10.13 07:45;4;0,875;0,25;0,4375;2380;202;0;
15442;2021.10.13 08:00;4;0,875;1;0,6875;2388;202;0;
15443;2021.10.13 08:15;4;0,875;2;1,625;2397;202;0;
15444;2021.10.13 08:30;4;0,875;2,125;1,25;2404;202;0;
15445;2021.10.13 08:45;4;0,875;3;2,3125;2412;202;0;
15446;2021.10.13 09:00;4;0,875;3,75;3,25;2423;202;0;
15447;2021.10.13 09:15;4;0,875;4,25;2,1875;2434;202;0;
15448;2021.10.13 09:30;4;0,875;4,625;2,875;2445;202;0;
15449;2021.10.13 09:45;4;0,875;4,75;1,875;2456;202;0;
15450;2021.10.13 10:00;4;0,875;5,5;3,5625;2469;202;0;
15451;2021.10.13 10:15;4;1;6,125;2,9375;2483;202;0;
15452;2021.10.13 10:30;4;1,125;6,625;3,4375;2489;202;0;
15453;2021.10.13 10:45;4;1,375;7,375;3,8125;2490;202;0;
15454;2021.10.13 11:00;4;1,625;7,625;4,125;2491;202;0;
15455;2021.10.13 11:15;4;2;7,625;3,75;2491;202;0;
15456;2021.10.13 11:30;4;2,25;7,75;4,125;2492;202;0;
15457;2021.10.13 11:45;4;2,5;7,5;3,125;2493;202;0;
15458;2021.10.13 12:00;4;2,75;8,125;4,125;2494;202;0;
15459;2021.10.13 12:15;4;3;7,5;2,9375;2496;202;0;
15460;2021.10.13 12:30;4;3,25;7,625;3,125;2497;202;0;
15461;2021.10.13 12:45;4;3,5;7,25;2,375;2497;202;0;
15462;2021.10.13 13:00;4;3,6875;6,9375;2,625;2499;202;0;
15463;2021.10.13 13:15;4;3,875;6,625;2,0625;2499;202;0;
15464;2021.10.13 13:30;4;4;6,4375;2,125;2500;202;0;
15465;2021.10.13 13:45;4;4,125;6,5;2,625;2500;202;0;
15466;2021.10.13 14:00;4;4,25;5,5;1,25;2499;202;0;
15467;2021.10.13 14:15;4;4,375;4,75;0,75;2498;202;0;
15468;2021.10.13 14:30;4;4,4375;4,5625;1,25;2497;202;0;
15469;2021.10.13 14:45;4;4,5;0,125;-2,125;2493;202;0;
15470;2021.10.13 15:00;4;4,4375;-1,1875;-2,5625;2490;202;0;
15471;2021.10.13 15:15;4;4,375;-1,875;-2,9375;2489;202;0;
15472;2021.10.13 15:30;4;4,25;-2,125;-3,1875;2488;202;0;
15473;2021.10.13 15:45;4;4,0625;-2,625;-3,5;2487;202;0;
15474;2021.10.13 16:00;4;3,875;-3,125;-3,9375;2486;202;0;
15475;2021.10.13 16:15;4;3,75;-3,5;-4,25;2485;202;0;
15476;2021.10.13 16:30;4;3,5625;-3,625;-4,3125;2484;202;0;
15477;2021.10.13 16:45;4;3,375;-4,0625;-4,75;2480;202;0;
15478;2021.10.13 17:00;4;3,25;-4,1875;-4,75;2476;202;0;
15479;2021.10.13 17:15;4;3,125;-4,375;-5;2472;202;0;
15480;2021.10.13 17:30;4;3;-4,375;-5,125;2468;202;0;
15481;2021.10.13 17:45;4;2,875;-4,5;-5,25;2465;202;0;
15482;2021.10.13 18:00;4;2,75;-4,625;-5,3125;2462;202;0;
15483;2021.10.13 18:15;4;2,625;-4,75;-5,5625;2459;202;0;
15484;2021.10.13 18:30;4;2,5;-4,75;-5,5;2455;202;0;
15485;2021.10.13 18:45;4;2,4375;-4,875;-5,625;2452;202;0;
15486;2021.10.13 19:00;4;2,375;-5,125;-5,9375;2448;202;0;
15487;2021.10.13 19:15;4;2,25;-5,25;-6,1875;2444;202;0;
15488;2021.10.13 19:30;4;2,1875;-5,25;-6,1875;2441;202;0;
15489;2021.10.13 19:45;4;2,125;-5,25;-5,75;2437;202;0;
15490;2021.10.13 20:00;4;2;-5,25;-5,75;2434;202;0;
15491;2021.10.13 20:15;4;2;-4,9375;-4,75;2430;202;0;
15492;2021.10.13 20:30;4;1,875;-5,25;-5,5;2427;202;0;
15493;2021.10.13 20:45;4;1,875;-5,125;-5,25;2423;202;0;
15494;2021.10.13 21:00;4;1,8125;-5,375;-5,6875;2418;202;0;
15495;2021.10.13 21:15;4;1,75;-5,375;-5,375;2414;202;0;
15496;2021.10.13 21:30;4;1,6875;-5,4375;-5,5;2410;202;0;
15497;2021.10.13 21:45;4;1,625;-5,125;-4,9375;2406;202;0;
15498;2021.10.13 22:00;4;1,625;-5,0625;-4,6875;2402;202;0;
15499;2021.10.13 22:15;4;1,5625;-5,125;-4,875;2398;202;0;
15500;2021.10.13 22:30;4;1,5;-4,75;-4,3125;2394;202;0;
15501;2021.10.13 22:45;4;1,5;-4,5;-4,125;2391;202;0;
15502;2021.10.13 23:00;4;1,4375;-4,75;-4,4375;2387;202;0;
15503;2021.10.13 23:15;4;1,375;-5;-4,875;2382;202;0;
15504;2021.10.13 23:30;4;1,375;-4,6875;-4,25;2379;202;0;
15505;2021.10.13 23:45;4;1,3125;-4,75;-4,4375;2375;202;0;
15506;2021.10.14 00:00;4;1,25;-4,625;-4,25;2372;202;0;
15507;2021.10.14 00:15;4;1,25;-4,75;-4,4375;2368;202;0;
15508;2021.10.14 00:30;4;1,1875;-4,625;-4,25;2364;202;0;
15509;2021.10.14 00:45;4;1,125;-4,8125;-4,625;2360;202;0;
15510;2021.10.14 01:00;4;1,125;-4,8125;-4,5;2356;202;0;
15511;2021.10.14 01:15;4;1,125;-4,9375;-4,75;2352;202;0;
15512;2021.10.14 01:30;4;1,0625;-5;-4,625;2347;202;0;
15513;2021.10.14 01:45;4;1;-5,0625;-4,75;2342;202;0;
15514;2021.10.14 02:00;4;1;-5,125;-4,8125;2338;202;0;
15515;2021.10.14 02:15;4;1;-4,9375;-4,5;2334;202;0;
15516;2021.10.14 02:30;4;1;-5;-4,625;2329;202;0;
15517;2021.10.14 02:45;4;0,9375;-5,25;-4,875;2324;202;0;
15518;2021.10.14 03:00;4;0,875;-5,125;-4,75;2320;202;0;
15519;2021.10.14 03:15;4;0,875;-5,3125;-5,0625;2315;202;0;
15520;2021.10.14 03:30;4;0,875;-5;-4,375;2310;202;0;
15521;2021.10.14 03:45;4;0,875;-5,25;-5;2306;202;0;
15522;2021.10.14 04:00;4;0,8125;-5,25;-4,9375;2300;202;0;
15523;2021.10.14 04:15;4;0,75;-5,25;-4,8125;2295;202;0;
15524;2021.10.14 04:30;4;0,75;-5,125;-4,6875;2291;202;0;
15525;2021.10.14 04:45;4;0,75;-5,25;-4,875;2287;202;0;
15526;2021.10.14 05:00;4;0,75;-5,375;-5,125;2282;202;0;
15527;2021.10.14 05:15;4;0,6875;-5,3125;-4,875;2278;202;0;
15528;2021.10.14 05:30;4;0,6875;-5,0625;-4,375;2273;202;0;
15529;2021.10.14 05:45;4;0,625;-5,25;-4,875;2268;202;0;
15530;2021.10.14 06:00;4;0,625;-5,25;-4,75;2263;202;0;
15531;2021.10.14 06:15;4;0,625;-5,125;-4,625;2258;202;0;
15532;2021.10.14 06:30;4;0,625;-1,75;-0,125;2259;202;0;
15533;2021.10.14 06:45;4;0,625;0,125;1,625;2262;202;0;
15534;2021.10.14 07:00;4;0,5625;1,8125;4,25;2267;202;0;
15535;2021.10.14 07:15;4;0,5625;2,8125;5,625;2274;202;0;
15536;2021.10.14 07:30;4;0,5;4,375;6,375;2284;202;0;
15537;2021.10.14 07:45;4;0,5;4,875;7;2291;202;0;
15538;2021.10.14 08:00;4;0,5;5,1875;6,625;2298;202;0;
15539;2021.10.14 08:15;4;0,5;5,75;6,375;2308;202;0;
15540;2021.10.14 08:30;4;0,5;6,125;5,9375;2319;202;0;
15541;2021.10.14 08:45;4;0,5;7;7,625;2330;202;0;
15542;2021.10.14 09:00;4;0,5;7,75;8,125;2345;202;0;
15543;2021.10.14 09:15;4;0,5;8,25;7,9375;2358;202;0;
15544;2021.10.14 09:30;4;0,5;8,375;7,1875;2372;202;0;
15545;2021.10.14 09:45;4;0,5;9;7,625;2387;202;0;
15546;2021.10.14 10:00;4;0,5;9,5;7,9375;2404;202;0;
15547;2021.10.14 10:15;4;0,5;10,25;9;2418;202;0;
15548;2021.10.14 10:30;4;0,5;10,0625;7,625;2431;202;0;
15549;2021.10.14 10:45;4;0,5;10,25;7,875;2444;202;0;
15550;2021.10.14 11:00;4;0,5;10,6875;8,5;2454;202;0;
15551;2021.10.14 11:15;4;0,5;10,5;8,1875;2459;202;0;
15552;2021.10.14 11:30;4;0,75;10,8125;8,1875;2460;202;0;
15553;2021.10.14 11:45;4;1,0625;10,875;8,3125;2460;202;0;
15554;2021.10.14 12:00;4;1,375;11,5;9,125;2461;202;0;
15555;2021.10.14 12:15;4;1,625;11,25;8,5625;2461;202;0;
15556;2021.10.14 12:30;4;1,9375;11,5625;9,125;2461;202;0;
15557;2021.10.14 12:45;4;2,1875;11,25;8,5;2461;202;0;
15558;2021.10.14 13:00;4;2,375;11,5625;9,125;2461;202;0;
15559;2021.10.14 13:15;4;2,625;11,125;8,375;2461;202;0;
15560;2021.10.14 13:30;4;2,8125;11,0625;8,625;2461;202;0;
15561;2021.10.14 13:45;4;3;10,875;8,125;2462;202;0;
15562;2021.10.14 14:00;4;3,1875;10,4375;8;2462;202;0;
15563;2021.10.14 14:15;4;3,375;10,5625;8,125;2462;202;0;
15564;2021.10.14 14:30;4;3,5;9,4375;6,625;2462;202;0;
15565;2021.10.14 14:45;4;3,625;3;1,625;2455;202;0;
15566;2021.10.14 15:00;4;3,625;1;0,875;2456;202;0;
15567;2021.10.14 15:15;4;3,625;0;0,125;2456;202;0;
15568;2021.10.14 15:30;4;3,5;-0,375;-0,125;2456;202;0;
15569;2021.10.14 15:45;4;3,375;-0,75;-0,25;2456;202;0;
15570;2021.10.14 16:00;4;3,25;-0,6875;0,0625;2457;202;0;
15571;2021.10.14 16:15;4;3,125;-1,125;-0,375;2456;202;0;
15572;2021.10.14 16:30;4;2,9375;-0,875;0,25;2456;202;0;
15573;2021.10.14 16:45;4;2,75;-0,75;0,375;2456;202;0;
15574;2021.10.14 17:00;4;2,625;-1;0,375;2455;202;0;
15575;2021.10.14 17:15;4;2,5;-1,625;-0,75;2455;202;0;
15576;2021.10.14 17:30;4;2,375;-2,5625;-2;2452;202;0;
15577;2021.10.14 17:45;4;2,25;-2,5;-1,625;2449;202;0;
15578;2021.10.14 18:00;4;2,125;-2,875;-2,375;2446;202;0;
15579;2021.10.14 18:15;4;2,125;-2,9375;-2;2443;202;0;
15580;2021.10.14 18:30;4;2;-3,0625;-2,125;2441;202;0;
15581;2021.10.14 18:45;4;1,9375;-2,625;-1,25;2438;202;0;
15582;2021.10.14 19:00;4;1,875;-1,4375;0,625;2438;202;0;
15583;2021.10.14 19:15;4;1,75;-1,25;0,5;2438;202;0;
15584;2021.10.14 19:30;4;1,75;-1;0,75;2438;202;0;
15585;2021.10.14 19:45;4;1,6875;-1;1;2437;202;0;
15586;2021.10.14 20:00;4;1,625;-0,5;1,625;2436;202;0;
15587;2021.10.14 20:15;4;1,625;-0,5625;1,375;2436;202;0;
15588;2021.10.14 20:30;4;1,5;-0,5625;1,5;2435;202;0;
15589;2021.10.14 20:45;4;1,5;-1,25;0,8125;2433;202;0;
15590;2021.10.14 21:00;4;1,5;-1,25;1;2431;202;0;
15591;2021.10.14 21:15;4;1,375;-1,375;0,875;2429;202;0;
15592;2021.10.14 21:30;4;1,375;-2;-0,5625;2426;202;0;
15593;2021.10.14 21:45;4;1,375;-2,25;-0,75;2421;202;0;
15594;2021.10.14 22:00;4;1,3125;-2,75;-1,125;2417;202;0;
15595;2021.10.14 22:15;4;1,25;-2,375;-0,625;2414;202;0;
15596;2021.10.14 22:30;4;1,25;-2,75;-1,0625;2410;202;0;
15597;2021.10.14 22:45;4;1,25;-2;-0,0625;2407;202;0;
15598;2021.10.14 23:00;4;1,25;-2;-0,125;2405;202;0;
15599;2021.10.14 23:15;4;1,1875;-3,375;-2,0625;2400;202;0;
15600;2021.10.14 23:30;4;1,125;-2,625;-0,375;2396;202;0;
15601;2021.10.14 23:45;4;1,125;-2;-0,4375;2393;202;0;
15602;2021.10.15 00:00;4;1,125;-1,9375;-0,3125;2391;202;0;
15603;2021.10.15 00:15;4;1,0625;-2,125;-0,5;2387;202;0;
15604;2021.10.15 00:30;4;1;-2,125;-0,625;2383;202;0;
15605;2021.10.15 00:45;4;1;-2,25;-0,875;2379;202;0;
15606;2021.10.15 01:00;4;1;-2,125;-0,4375;2376;202;0;
15607;2021.10.15 01:15;4;1;-2,25;-0,625;2372;202;0;
15608;2021.10.15 01:30;4;0,9375;-2,3125;-0,125;2368;202;0;
15609;2021.10.15 01:45;4;0,9375;-2,75;-1;2364;202;0;
15610;2021.10.15 02:00;4;0,875;-0,625;1,8125;2363;202;0;
15611;2021.10.15 02:15;4;0,875;0;2,125;2362;202;0;
15612;2021.10.15 02:30;4;0,875;-0,125;1,8125;2361;202;0;
15613;2021.10.15 02:45;4;0,875;-0,0625;2,0625;2360;202;0;
15614;2021.10.15 03:00;4;0,875;-0,1875;1,875;2358;202;0;
15615;2021.10.15 03:15;4;0,8125;0,125;2,375;2356;202;0;
15616;2021.10.15 03:30;4;0,75;0,125;2,0625;2355;202;0;
15617;2021.10.15 03:45;4;0,75;-0,25;1,5;2353;202;0;
15618;2021.10.15 04:00;4;0,75;0;2,125;2352;202;0;
15619;2021.10.15 04:15;4;0,75;-0,25;1,5625;2350;202;0;
15620;2021.10.15 04:30;4;0,75;-1,1875;0,25;2347;202;0;
15621;2021.10.15 04:45;4;0,75;-2,625;-1,625;2342;202;0;
15622;2021.10.15 05:00;4;0,6875;-3,0625;-1,5;2336;202;0;
15623;2021.10.15 05:15;4;0,6875;-1,5;0,5625;2333;202;0;
15624;2021.10.15 05:30;4;0,6875;-1,375;0,3125;2331;202;0;
15625;2021.10.15 05:45;4;0,625;-0,6875;1,125;2328;202;0;
15626;2021.10.15 06:00;4;0,625;-1,625;-0,625;2325;202;0;
15627;2021.10.15 06:15;4;0,625;-1,125;0,6875;2322;202;0;
15628;2021.10.15 06:30;4;0,625;1,25;3,375;2324;202;0;
15629;2021.10.15 06:45;4;0,625;2,1875;4,125;2330;202;0;
15630;2021.10.15 07:00;4;0,625;2,875;5,0625;2337;202;0;
15631;2021.10.15 07:15;4;0,625;3,8125;5,375;2345;202;0;
15632;2021.10.15 07:30;4;0,5625;4,625;6,125;2354;202;0;
15633;2021.10.15 07:45;4;0,5625;5,5;6,625;2362;202;0;
15634;2021.10.15 08:00;4;0,5625;6,25;6,8125;2373;202;0;
15635;2021.10.15 08:15;4;0,5625;7,25;8;2385;202;0;
15636;2021.10.15 08:30;4;0,5625;8,0625;8,875;2395;202;0;
15637;2021.10.15 08:45;4;0,5625;8,1875;7,875;2406;202;0;
15638;2021.10.15 09:00;4;0,5;8,625;8,125;2416;202;0;
15639;2021.10.15 09:15;4;0,5;9;7,5625;2425;202;0;
15640;2021.10.15 09:30;4;0,5;9,125;7,375;2433;202;0;
15641;2021.10.15 09:45;4;0,5625;9,125;7,125;2438;202;0;
15642;2021.10.15 10:00;4;0,625;9,9375;8,25;2441;202;0;
15643;2021.10.15 10:15;4;0,6875;10,5;8,75;2443;202;0;
15644;2021.10.15 10:30;4;0,875;10,125;7,125;2442;202;0;
15645;2021.10.15 10:45;4;1,0625;11,25;8,8125;2444;202;0;
15646;2021.10.15 11:00;4;1,3125;11;7,8125;2444;202;0;
